1079262
0 0.822782 0.156378 2.91259 2 679.242 253.899 362.263 184.023
1 0.81176 0.410802 2.79295 2 685.126 206.298 365.401 149.522
2 0.799388 0.658289 2.6633 2 692.041 155.119 369.089 112.428
3 0.752498 0.767507 2.62177 2 683.01 131.816 364.272 95.5383
4 0.710699 0.615326 2.84353 2 656.974 170.981 350.386 123.925
5 0.699509 0.383633 2.99972 2 645.043 216.202 344.023 156.7
6 0.66578 0.184031 3.05358 2 634.368 250.617 338.33 181.644
7 0.670312 0.135396 3.05826 2 635.146 258.739 338.745 187.53
8 0.912348 0.528566 2.60368 2 726.953 177.619 387.708 128.736
9 1.00019 0.302652 2.6501 2 745.634 222.944 397.671 161.587
10 0.971599 0.0754464 2.69842 2 733.42 266.956 391.158 193.486
11 0.944901 0.0077439 2.71051 2 725.403 279.755 386.882 202.762
12 0.771986 0.163715 2.91858 2 666.704 252.693 355.575 183.148
13 0.779091 -0.141865 3.12356 2 656.183 304.288 349.964 220.543
14 0.901247 -0.37201 3.28694 2 673.561 338.801 359.232 245.558
15 0.861155 -0.478119 3.3213 2 663.252 354.462 353.734 256.909
16 0.855637 0.145637 2.84308 2 692.127 255.138 369.135 184.92
17 0.907484 -0.206563 2.88824 2 701.406 317.632 374.083 230.216
18 0.979823 -0.483833 3.00601 2 709.803 363.274 378.562 263.296
19 0.892458 -0.555185 2.93988 2 694.261 377.48 370.272 273.592
20 0.802932 0.597581 2.69776 2 690.214 168.253 368.114 121.947
21 0.669165 0.0750185 3.08135 2 633.732 268.855 337.99 194.863
22 0.681401 0.127022 3.01531 2 639.87 259.824 341.264 188.317
23 0.935316 -0.063598 2.73134 2 721.096 293.076 384.585 212.417
24 0.910278 0.0264503 2.70742 2 716.741 276.233 382.262 200.21
1
1
-0.353203 0.060153 0.909601 -0.210368
-0.385958 0.0677426 0.896194 -0.208048
-0.415907 0.0860552 0.872525 -0.241488
0 0 0 0
0.458561 0.6314 -0.583856 -0.223982
-0.149418 -0.545428 0.251825 0.785345
0.146485 0.955959 -0.0458856 0.250159
0.0343223 0.964142 0.0570365 0.256902
-0.0882178 0.723906 0.525819 -0.437826
0.100799 0.978288 0.179284 -0.025476
0.00100184 -0.498341 0.120827 0.85852
0.113237 -0.514542 0.168316 0.833123
-0.208725 -0.646355 0.726249 -0.105932
-0.128322 -0.391441 0.261492 0.872886
-0.248456 -0.124881 0.253182 0.926592
0 0 0 0
-0.282387 0.584479 0.592522 -0.477032
0.0288712 0.912087 0.0918191 0.398538
0.141648 0.913159 0.18014 0.337086
0 0 0 0
-0.418099 0.0808221 0.877653 -0.219969
0 0 0 0
0 0 0 0
0 0 0 0
0 0 0 0
