1076051
0 -0.13444 -0.0650299 2.52953 2 447.444 294.207 238.637 213.237
1 -0.147738 0.20788 2.42025 2 441.989 237.757 235.728 172.323
2 -0.15892 0.473038 2.29888 2 436.282 176.788 232.684 128.134
3 -0.13453 0.60987 2.26257 2 442.869 144.148 236.197 104.477
4 -0.225953 0.315385 2.23422 2 414.307 209.673 220.963 151.968
5 -0.299683 0.0450516 2.27254 2 393.236 271.175 209.726 196.544
6 -0.309907 -0.182436 2.31582 2 391.842 321.113 208.982 232.738
7 -0.318689 -0.254099 2.33836 2 390.094 336.281 208.05 243.732
8 -0.0281555 0.49058 2.46712 2 476.091 180.359 253.915 130.722
9 -0.150624 0.265539 2.31883 2 439.272 223.243 234.278 161.804
10 -0.00498914 0.498825 2.3791 1 482.511 174.834 257.339 126.718
11 0.0310816 0.598477 2.44397 2 492.736 156.823 262.792 113.663
12 -0.165759 -0.0765811 2.44201 2 437.314 297.067 233.234 215.31
13 -0.260138 -0.515509 2.56706 2 414.052 383.147 220.827 277.7
14 -0.429913 -0.862551 2.70932 2 374.034 443.497 199.485 321.441
15 -0.373394 -0.941132 2.7041 2 388.256 458.705 207.07 332.463
16 -0.0983855 -0.0499368 2.54661 2 457.419 291.122 243.957 211.001
17 -0.056457 -0.442259 2.78666 2 470.009 361.608 250.672 262.088
18 -0.0877534 -0.74519 2.92951 2 463.271 410.47 247.078 297.503
19 -0.0101962 -0.807219 2.91746 2 481.542 421.907 256.822 305.792
20 -0.156387 0.407972 2.33135 2 437.739 192.491 233.461 139.515
21 -0.314855 -0.317871 2.35593 2 391.871 349.621 208.998 253.401
22 -0.279607 -0.251065 2.34792 2 401.974 335.38 214.386 243.079
23 0.0920084 0.652539 2.44066 2 510.002 145.287 272.001 105.302
24 0.0763126 0.59849 2.43814 2 505.564 156.513 269.634 113.438
0
1
0.470584 -0.110871 0.861535 -0.154966
0.458947 -0.108775 0.867791 -0.156444
0.444582 -0.120653 0.865711 -0.195793
0 0 0 0
-0.166955 0.760677 -0.407246 0.477124
0.0832972 0.982252 -0.122995 0.114522
0.0687339 0.530452 0.0675567 0.842219
0.13011 0.524564 0.0966395 0.835802
0.422308 0.523519 0.723826 0.153817
0.0235688 0.546785 -0.345453 0.762321
0.844164 0.225861 0.449102 -0.186227
0.8585 0.313949 0.404935 -0.0209887
-0.364553 0.599301 -0.552671 0.449994
0.105969 0.953742 -0.13367 -0.247545
0.143388 0.947623 -0.240769 -0.153236
0 0 0 0
0.306472 0.567347 0.76355 0.0344008
0.0321263 0.275245 0.272461 0.921397
0.0907352 0.196911 0.203687 0.954727
0 0 0 0
0.446361 -0.112609 0.870253 -0.175331
0 0 0 0
0 0 0 0
0 0 0 0
0 0 0 0
