1085004
0 -0.224091 -0.148285 2.44007 2 420.811 311.958 224.432 226.103
1 -0.26216 0.123945 2.32235 2 406.313 254.199 216.7 184.24
2 -0.298185 0.388627 2.19247 2 390.142 191.239 208.076 138.607
3 -0.253842 0.521181 2.15871 2 402.719 158.475 214.784 114.861
4 -0.365747 0.237304 2.13242 2 365.719 224.76 195.05 162.903
5 -0.374581 -0.0192815 2.15566 2 364.283 285.744 194.284 207.103
6 -0.275498 -0.209629 2.18971 2 397.347 329.705 211.918 238.966
7 -0.232383 -0.289541 2.20559 2 411.406 347.728 219.417 252.029
8 -0.181506 0.316263 2.4185 2 432.304 214.983 230.562 155.817
9 -0.0412655 0.236472 2.54136 2 472.795 234.146 252.158 169.706
10 0.164912 0.218138 2.48363 2 529.612 236.772 282.46 171.609
11 0.220902 0.171116 2.46899 2 545.479 246.143 290.922 178.401
12 -0.253631 -0.169636 2.34374 2 409.516 317.848 218.408 230.372
13 -0.348261 -0.522001 2.49936 2 387.751 387.321 206.8 280.725
14 -0.482033 -0.868262 2.72875 2 361.559 443.443 192.831 321.401
15 -0.432125 -0.936731 2.71919 2 373.806 456.914 199.363 331.165
16 -0.188319 -0.122992 2.46583 2 431.464 306.438 230.114 222.102
17 -0.0960914 -0.45108 2.66359 2 459.112 367.033 244.859 266.02
18 -0.0577967 -0.757953 2.87706 2 470.08 415.118 250.709 300.872
19 0.0227809 -0.822092 2.86339 2 489.456 427.257 261.043 309.67
20 -0.289565 0.32361 2.22713 2 394.355 207.526 210.323 150.412
21 -0.189069 -0.349776 2.2258 2 425.447 360.861 226.905 261.547
22 -0.243199 -0.318833 2.18992 2 407.452 355.014 217.308 257.309
23 0.256211 0.146832 2.45253 2 555.803 250.913 296.428 181.858
24 0.227678 0.144574 2.45792 2 547.647 251.451 292.078 182.248
1
0
0.504781 -0.1598 0.836891 -0.138832
0.477035 -0.155156 0.853011 -0.144003
0.44726 -0.164576 0.859179 -0.186239
0 0 0 0
-0.168652 0.77239 -0.426712 0.439189
0.0463494 0.99569 -0.0135234 0.079183
0.204122 0.782379 0.14249 -0.570889
0.214491 0.781262 0.143292 -0.56841
0.398925 0.64864 0.569343 0.309795
-0.267093 0.282276 0.481607 0.785517
-0.566996 -0.220074 -0.368586 0.703013
-0.34721 -0.330283 -0.253273 0.840364
-0.380316 0.630243 -0.501709 0.454358
0.174901 0.954003 -0.158867 -0.184524
0.225361 0.913801 -0.229016 -0.248457
0 0 0 0
0.364192 0.492168 0.784989 0.0944842
-0.05402 0.23546 0.28417 0.92784
0.0364497 0.279992 0.300581 0.911003
0 0 0 0
0.448192 -0.15704 0.864299 -0.165679
0 0 0 0
0 0 0 0
0 0 0 0
0 0 0 0
