8551656
0 1.18116 0.38893 3.72205 2 703.658 227.977 375.284 165.235
1 1.17469 0.672273 3.58261 2 711.217 185.506 379.316 134.452
2 1.16436 0.947137 3.43145 2 719.35 140.312 383.653 101.696
3 1.09931 1.0648 3.40366 2 708.025 121.506 377.613 88.0659
4 1.08203 0.895588 3.60287 2 692.167 154.399 369.155 111.906
5 1.08488 0.679912 3.7644 1 683.515 189.181 364.541 137.116
6 1.06005 0.428953 3.84076 1 674.82 224.379 359.904 162.627
7 1.05392 0.413999 3.84939 1 673.267 226.49 359.076 164.157
8 1.22809 0.832461 3.34386 2 738.746 154.123 393.998 111.706
9 1.09446 0.646004 3.25961 1 716.736 180.107 382.259 130.539
10 0.795333 0.559398 3.17854 2 657.038 191.631 350.42 138.892
11 0.698485 0.530248 3.15042 2 637.178 195.619 339.828 141.782
12 1.13789 0.391714 3.71775 2 695.789 227.551 371.088 164.926
13 1.16841 0.123232 3.85753 2 693.461 264.951 369.846 192.033
14 1.27629 -0.210019 3.97563 2 706.154 308.116 376.615 223.318
15 1.2425 -0.304117 3.89499 2 704.77 320.981 375.877 232.643
16 1.20407 0.378902 3.6607 2 711.743 228.464 379.596 165.588
17 1.27856 0.045016 3.67851 2 724.684 274.974 386.498 199.297
18 1.36459 -0.225232 3.79638 2 733.014 311.46 390.941 225.742
19 1.37982 -0.33367 3.74299 2 739.474 326.678 394.386 236.772
20 1.16768 0.879538 3.47131 2 717.276 151.889 382.547 110.087
21 1.05426 0.38473 3.85316 2 673.125 230.413 359 167
22 1.04384 0.417453 3.83433 2 672.188 225.818 358.5 163.67
23 0.632576 0.515807 3.12595 2 623.724 197.348 332.653 143.035
24 0.644117 0.568072 3.1238 2 626.439 188.743 334.101 136.799
0
2
-0.337991 0.0687889 0.913394 -0.216196
-0.409326 0.0857088 0.883731 -0.210063
-0.481384 0.112349 0.835808 -0.238899
0 0 0 0
0.442816 0.628529 -0.595627 -0.232582
-0.191775 -0.562508 0.251083 0.764045
0.00867082 -0.252206 0.153971 0.955306
0.0983053 -0.270204 0.286933 0.913781
-0.25738 0.634844 0.52484 -0.505243
-0.173081 0.938279 -0.297578 0.033521
0.498118 -0.60733 0.342505 0.51548
0.499045 -0.612713 0.334833 0.513249
-0.129087 -0.658072 0.717842 -0.187027
-0.143937 -0.396446 0.195004 0.885486
-0.212634 -0.501854 0.0634237 0.836007
0 0 0 0
-0.330131 0.589074 0.561547 -0.478195
-0.0212446 0.90541 0.11048 0.409359
0.0543965 0.731175 0.238926 0.636662
0 0 0 0
-0.48318 0.108183 0.840741 -0.219064
0 0 0 0
0 0 0 0
0 0 0 0
0 0 0 0
