8557485
0 1.32952 0.298688 3.544 2 744.012 238.22 396.806 172.659
1 1.34128 0.57351 3.39689 2 757.859 195.031 404.191 141.356
2 1.34886 0.841917 3.23892 2 772.808 148.543 412.164 107.662
3 1.40876 0.936383 3.16948 2 791.933 130.577 422.364 94.6404
4 1.18333 0.781677 3.28051 2 734.182 159.58 391.564 115.661
5 1.09405 0.530181 3.4073 2 706.394 201.891 376.743 146.328
6 1.11763 0.301242 3.44223 2 708.755 236.625 378.002 171.502
7 1.11993 0.28428 3.46589 2 707.66 239.426 377.419 173.533
8 1.50068 0.710454 3.29936 2 799.367 171.332 426.329 124.179
9 1.60498 0.508994 3.33974 2 817.204 203.443 435.842 147.453
10 1.71101 0.309271 3.27595 2 845.889 233.071 451.141 168.927
11 1.73589 0.24981 3.22344 2 856.953 241.712 457.042 175.19
12 1.24659 0.300757 3.51465 2 729.717 237.58 389.182 172.195
13 1.22313 0.0337846 3.70224 2 712.657 276.562 380.084 200.449
14 1.25902 -0.211011 3.97264 2 703.285 308.26 375.085 223.423
15 1.28022 -0.305848 3.83263 2 715.275 321.876 381.48 233.291
16 1.38833 0.291022 3.50847 2 758.364 238.884 404.461 173.14
17 1.41203 0.0140349 3.63217 2 753.468 279.24 401.85 202.389
18 1.39833 -0.236987 3.80291 2 738.785 312.991 394.018 226.851
19 1.4452 -0.339622 3.72325 2 753.102 327.753 401.654 237.551
20 1.34778 0.775816 3.28032 2 768.984 160.481 410.125 116.315
21 1.13089 0.247448 3.50454 2 707.339 245.244 377.248 177.75
22 1.08416 0.285749 3.47016 2 700.182 239.275 373.43 173.423
23 1.74522 0.188768 3.15846 2 866.482 250.765 462.124 181.751
24 1.73609 0.225812 3.1549 2 864.925 244.748 461.293 177.39
1
0
-0.0296819 0.0268596 0.969341 -0.242439
-0.0265677 0.0260806 0.969431 -0.242524
-0.0267874 0.0148731 0.960717 -0.275835
0 0 0 0
-0.182746 -0.671831 0.695998 -0.175597
0.166027 0.918281 -0.216416 -0.286982
-0.0858685 -0.59711 0.0297955 0.796994
-0.303633 -0.522579 0.342636 0.719248
0.180405 0.815677 0.521714 -0.17303
-0.108811 0.661618 0.22585 0.706692
-0.121268 0.958489 0.245494 -0.0795368
-0.313414 0.915919 0.210133 -0.136778
-0.0497554 -0.640894 0.713641 -0.278381
-0.179856 -0.656045 0.244138 0.691125
0.336401 0.679536 -0.229947 -0.610073
0 0 0 0
-0.0471117 0.66352 0.665082 -0.339394
0.126227 0.719782 0.170043 0.661109
0.1834 0.532419 0.230986 0.793435
0 0 0 0
-0.0248022 0.0210462 0.965636 -0.257856
0 0 0 0
0 0 0 0
0 0 0 0
0 0 0 0
