8511190
0 1.11792 0.393427 3.66357 2 695.147 226.52 370.745 164.178
1 1.08182 0.659579 3.5162 2 697.115 185.579 371.795 134.505
2 1.03967 0.915671 3.36117 2 698.483 142.18 372.524 103.05
3 0.976761 1.03237 3.34352 2 686.596 123.61 366.185 89.5905
4 0.9832 0.844497 3.53425 2 676.724 159.374 360.92 115.512
5 0.976541 0.661165 3.68486 1 667.353 189.842 355.922 137.595
6 0.999801 0.428252 3.77007 2 667.29 223.425 355.888 161.936
7 0.984208 0.402309 3.80019 2 662.948 227.372 353.573 164.796
8 1.10898 0.803824 3.2791 2 718.527 156.099 383.214 113.138
9 1.03526 0.577547 3.2371 2 705.56 190.239 376.299 137.883
10 0.817471 0.436263 3.22073 2 659.42 212.306 351.69 153.876
11 0.737044 0.391178 3.22289 2 641.896 219.529 342.344 159.111
12 1.07647 0.409964 3.67861 2 686.419 224.472 366.09 162.694
13 1.12542 0.0918631 3.83395 2 686.927 269.019 366.361 194.982
14 1.23792 -0.224067 3.94519 2 701.092 310.131 373.916 224.779
15 1.16882 -0.311313 3.87854 2 692.449 322.074 369.306 233.435
16 1.13865 0.369741 3.58342 2 703.946 228.646 375.438 165.719
17 1.247 0.0652495 3.67388 2 718.987 272.161 383.46 197.259
18 1.40567 -0.224694 3.84468 2 737.323 311.013 393.239 225.418
19 1.36827 -0.326262 3.77777 2 734.962 325.253 391.98 235.739
20 1.05085 0.8529 3.40186 2 698.148 153.289 372.345 111.102
21 0.986234 0.356832 3.79861 2 663.369 233.444 353.797 169.197
22 0.988885 0.39119 3.7548 2 665.994 228.221 355.197 165.411
23 0.677715 0.35917 3.2176 2 629.319 224.522 335.637 162.731
24 0.703267 0.406241 3.19205 2 636.091 216.544 339.248 156.948
0
3
-0.484833 0.0720748 0.83625 -0.245822
-0.485089 0.0721502 0.836101 -0.2458
-0.481591 0.074828 0.826446 -0.281882
0 0 0 0
0.463377 0.680726 -0.507017 -0.254611
0.268523 0.773742 -0.204217 -0.536203
0.163946 0.970743 0.074891 0.158656
0.434325 0.861647 -0.0870498 0.247687
-0.231463 0.618621 0.525844 -0.535931
-0.0950482 0.983006 -0.151002 -0.0431702
-0.264107 0.766414 -0.398329 -0.429176
-0.246177 0.742028 -0.441559 -0.440247
-0.345035 -0.567522 0.746004 -0.0484594
-0.124808 -0.246361 0.198413 0.940405
-0.212368 -0.36559 0.0884491 0.901899
0 0 0 0
-0.312941 0.572642 0.514329 -0.55643
0.0983545 0.952727 0.191557 0.214344
0.109876 0.834404 0.313465 0.439814
0 0 0 0
-0.484633 0.0706191 0.831537 -0.262087
0 0 0 0
0 0 0 0
0 0 0 0
0 0 0 0
