8554719
0 0.0340062 0.029336 2.80887 2 492.271 275.933 262.545 199.992
1 -0.0106492 0.323807 2.71077 2 481.255 220.761 256.669 160.004
2 -0.0548029 0.609785 2.59991 2 469.411 162.113 250.352 117.497
3 0.00193429 0.723695 2.57253 2 484.476 138.138 258.387 100.121
4 -0.119466 0.459904 2.53514 2 451.489 189.237 240.794 137.156
5 -0.137163 0.214727 2.53862 2 446.813 238.423 238.3 172.806
6 -0.0629521 -0.00670156 2.5885 2 467.254 282.519 249.202 204.766
7 -0.0308025 -0.0736626 2.60682 2 475.841 295.492 253.782 214.169
8 0.0675375 0.506832 2.72555 1 501.029 186.932 267.216 135.486
9 0.123308 0.236053 2.84665 1 513.731 239.269 273.99 173.419
10 0.162491 0.154206 3.06163 2 520.425 255.744 277.56 185.36
11 0.177323 0.119557 3.09266 2 523.352 261.665 279.121 189.651
12 -0.013665 0.0286986 2.73197 2 480.521 275.902 256.278 199.97
13 -0.0344398 -0.37772 2.88475 1 475.744 347.491 253.73 251.857
14 -0.0435958 -0.737382 3.03382 2 474.038 404.665 252.82 293.295
15 0.0455092 -0.784744 2.98424 2 494.49 414.868 263.728 300.691
16 0.0803244 0.0281317 2.81128 2 503.581 276.153 268.576 200.152
17 -0.0358403 -0.406071 2.91435 2 475.495 351.757 253.597 254.949
18 -0.128167 -0.672285 3.17609 2 456.128 388.623 243.268 281.669
19 -0.106185 -0.777632 3.09604 1 460.275 408.83 245.48 296.315
20 -0.0438895 0.539577 2.62992 2 472.452 177.131 251.974 128.382
21 -0.0028748 -0.132412 2.64703 2 483.211 306.496 257.712 222.144
22 -0.0144198 -0.0363389 2.61555 2 480.17 288.232 256.091 208.907
23 0.19397 0.0832045 3.10559 2 526.871 267.665 280.998 194
24 0.203687 0.0970847 3.07625 2 529.454 265.253 282.375 192.252
1
0
0.317666 -0.119697 0.932 -0.127034
0.339076 -0.122595 0.924426 -0.12424
0.360713 -0.140761 0.9083 -0.158318
0 0 0 0
-0.202104 0.789457 -0.429576 0.38907
0.0154263 0.970747 -0.033307 0.237282
-0.10568 0.374751 0.158769 0.907296
-0.152122 0.37535 0.198042 0.892609
0.26014 0.749834 0.568767 0.215823
-0.208904 -0.656345 0.088264 0.719569
0.454542 0.733859 0.343526 0.369909
0.253402 0.852604 0.284471 0.357674
0.31854 -0.60614 0.628498 -0.368939
0.151753 0.891849 -0.0973817 -0.414841
0.182377 0.934741 -0.0704658 -0.296702
0 0 0 0
0.12671 0.710123 0.68627 -0.0932892
0.167769 0.501563 0.0325512 0.848074
0.32515 0.547802 0.219474 0.738932
0 0 0 0
0.361155 -0.132725 0.912677 -0.137737
0 0 0 0
0 0 0 0
0 0 0 0
0 0 0 0
