8561898
0 1.31116 0.305548 3.55293 2 739.744 237.348 394.53 172.027
1 1.32257 0.574363 3.40733 2 753.194 195.173 401.703 141.458
2 1.32835 0.836936 3.25235 2 767.268 149.859 409.21 108.616
3 1.33157 0.948723 3.1627 2 775.828 128.188 413.775 92.9091
4 1.17237 0.7932 3.30046 2 730.36 158.537 389.525 114.905
5 1.09716 0.542876 3.46611 2 703.222 201.377 375.051 145.955
6 1.09258 0.315478 3.51391 2 699.152 235.487 372.881 170.678
7 1.10973 0.293587 3.53812 1 701.039 238.95 373.888 173.188
8 1.47929 0.723241 3.29886 2 794.943 169.329 423.97 122.727
9 1.5228 0.480598 3.40463 2 794.247 209.15 423.598 151.589
10 1.45608 0.25445 3.39147 1 781.793 242.912 416.956 176.059
11 1.42784 0.256756 3.42645 1 773.003 242.964 412.268 176.097
12 1.22918 0.311061 3.53048 2 725.163 236.294 386.753 171.263
13 1.22002 0.0435 3.70902 2 711.65 275.237 379.547 199.488
14 1.27413 -0.210743 3.97473 2 705.824 308.214 376.439 223.39
15 1.30514 -0.300982 3.83361 2 719.758 321.225 383.871 232.82
16 1.36873 0.294868 3.51149 2 754.232 238.365 402.257 172.764
17 1.39736 0.00991983 3.63116 2 750.722 279.817 400.385 202.808
18 1.39878 -0.2404 3.80295 2 738.866 313.448 394.062 227.183
19 1.44808 -0.345203 3.71698 2 754.102 328.599 402.188 238.164
20 1.32789 0.77231 3.29296 2 763.71 161.483 407.312 117.041
21 1.12463 0.252156 3.55693 2 702.789 245.107 374.821 177.65
22 1.07166 0.288762 3.54267 2 693.25 239.713 369.733 173.74
23 1.41235 0.221452 3.43951 2 768.756 248.351 410.003 180.001
24 1.40192 0.278294 3.39211 2 770.623 239.337 410.999 173.468
1
0
-0.0792018 0.0392504 0.965957 -0.243133
-0.0653202 0.0357544 0.966995 -0.243671
-0.0554022 0.0190932 0.959309 -0.276212
0 0 0 0
-0.210301 -0.640318 0.722677 -0.153309
0.187543 0.837962 -0.24568 -0.449764
-0.0417759 -0.485167 0.0950933 0.868231
-0.411411 -0.454179 0.184076 0.768491
0.167404 0.783657 0.563854 -0.199815
0.156004 0.904337 0.152923 0.366677
-0.073452 0.934575 -0.125629 -0.324641
-0.0517062 -0.469751 0.723145 0.503707
-0.0819973 -0.63507 0.725008 -0.253627
-0.175806 -0.617813 0.230984 0.730785
0.347771 0.69795 -0.192535 -0.595694
0 0 0 0
-0.0824056 0.666105 0.647123 -0.361588
0.121701 0.754711 0.161746 0.62405
0.166629 0.543795 0.244908 0.785202
0 0 0 0
-0.0531639 0.026264 0.964357 -0.257874
0 0 0 0
0 0 0 0
0 0 0 0
0 0 0 0
