8579482
0 -0.0525251 -0.0282941 2.73221 2 470.753 286.444 251.068 207.611
1 -0.100515 0.274877 2.61189 2 457.495 227.961 243.997 165.223
2 -0.144366 0.566585 2.47865 2 443.764 165.136 236.674 119.688
3 -0.128728 0.679813 2.47336 2 447.987 141.432 238.926 102.508
4 -0.224306 0.437875 2.50129 2 422.153 192.431 225.148 139.471
5 -0.355511 0.292181 2.67929 1 392.579 225.949 209.375 163.764
6 -0.098867 0.186485 2.53378 2 457.141 243.991 243.808 176.841
7 -0.0270355 0.144139 2.47647 1 476.457 251.787 254.11 182.492
8 -0.0427231 0.377353 2.41545 2 471.781 202.077 251.617 146.462
9 0.0400128 0.158636 2.44642 2 495.194 248.427 264.104 180.056
10 0.114728 -0.0211793 2.55721 1 514.774 285.397 274.546 206.852
11 0.145935 -0.0587863 2.6037 2 522.463 292.625 278.647 212.09
12 -0.104728 -0.0306621 2.72488 2 457.557 286.898 244.031 207.94
13 -0.0194265 -0.42363 2.84374 2 479.255 356.653 255.603 258.497
14 -0.0686853 -0.783087 2.9856 2 468.066 414.524 249.635 300.442
15 0.0279864 -0.791843 2.96613 2 490.475 416.918 261.587 302.176
16 0.00119063 -0.0268514 2.6641 2 484.264 286.304 258.274 207.509
17 -0.11405 -0.293158 2.98854 1 457.719 330.837 244.117 239.786
18 0.0373251 -0.792727 3.00255 1 492.543 415.409 262.69 301.082
19 -0.0109908 -0.869329 2.90553 1 481.341 433.469 256.715 314.172
20 -0.133795 0.495146 2.51438 2 447.275 181.319 238.547 131.417
21 0.0526863 0.116456 2.43878 2 498.797 257.073 266.025 186.323
22 -0.021715 0.0849387 2.52293 2 478.045 264.195 254.957 191.485
23 0.158709 -0.115748 2.64194 2 525.235 303.363 280.126 219.874
24 0.173765 -0.0495598 2.58192 2 530.199 290.916 282.773 210.852
1
0
-0.240771 -0.0262341 0.949639 -0.198812
-0.195698 -0.035585 0.959942 -0.197353
-0.138351 -0.0343321 0.961344 -0.235581
0 0 0 0
-0.0159054 0.869491 -0.48412 0.0967488
0.306605 0.856685 -0.361806 -0.202932
-0.456978 -0.112389 -0.35005 0.809941
-0.38992 -0.0749253 -0.372417 0.838841
-0.202733 0.866337 0.359769 -0.280936
-0.175534 -0.676537 -0.0746773 0.711273
0.0828111 0.71952 0.303034 0.619357
0.116998 0.658638 0.455561 0.587343
0.0724266 0.701296 -0.687253 0.17499
-0.161942 -0.497175 0.0720694 0.849352
0.178572 0.975859 -0.0821988 -0.0951534
0 0 0 0
-0.19049 0.565538 0.687043 -0.41455
0.311133 0.810163 -0.311908 -0.38671
-0.0561697 0.875559 0.136023 0.460151
0 0 0 0
-0.140935 -0.0397136 0.965943 -0.213343
0 0 0 0
0 0 0 0
0 0 0 0
0 0 0 0
