8566556
0 1.30825 0.31374 3.57914 2 737.291 236.505 393.222 171.416
1 1.2978 0.576216 3.43536 2 745.965 195.609 397.848 141.775
2 1.306 0.827383 3.27869 2 760.289 152.39 405.488 110.451
3 1.37191 0.919167 3.19626 2 781.513 134.511 416.807 97.4919
4 1.15671 0.810468 3.35277 2 723.257 157.831 385.737 114.394
5 1.07533 0.577255 3.51074 2 696.094 197.413 371.25 143.082
6 1.05199 0.353747 3.56733 2 687.975 230.728 366.92 167.229
7 1.06499 0.326645 3.57659 1 689.964 234.716 367.981 170.119
8 1.46264 0.713719 3.29886 2 791.471 170.792 422.118 123.787
9 1.58184 0.527136 3.35349 2 811.094 200.991 432.584 145.676
10 1.66402 0.324131 3.26292 2 837.472 230.54 446.652 167.092
11 1.65613 0.295649 3.21274 2 841.25 234.276 448.667 169.8
12 1.22784 0.320286 3.56493 2 722.552 235.413 385.361 170.624
13 1.2137 0.0571336 3.71914 2 709.838 273.386 378.58 198.147
14 1.28776 -0.206758 3.97237 2 708.353 307.722 377.788 223.033
15 1.23361 -0.298682 3.9039 2 702.667 320.177 374.756 232.06
16 1.36436 0.301443 3.52836 2 752.069 237.621 401.103 172.225
17 1.38187 0.0142387 3.62419 2 748.254 279.207 399.069 202.365
18 1.38864 -0.229489 3.80376 2 736.945 311.976 393.037 226.116
19 1.45112 -0.337487 3.72588 2 754.02 327.428 402.144 237.316
20 1.30031 0.766729 3.32044 2 755.639 163.33 403.007 118.379
21 1.07136 0.285072 3.60781 2 689.374 240.99 367.666 174.667
22 1.03355 0.325464 3.57422 2 683.96 234.866 364.779 170.228
23 1.64366 0.210386 3.13323 2 847.5 246.969 452 179
24 1.65118 0.291505 3.1112 2 851.623 233.447 454.199 169.2
1
0
-0.145504 0.0194258 0.957645 -0.247726
-0.148377 0.0201689 0.957204 -0.247666
-0.133373 0.0813554 0.944915 -0.287626
0 0 0 0
-0.290574 -0.591305 0.746986 -0.0890945
0.174537 0.823235 -0.268022 -0.469025
-0.010979 -0.452095 0.132802 0.88196
-0.261125 -0.461574 0.0315565 0.847212
0.121288 0.762447 0.575587 -0.269561
-0.0750189 0.740675 0.292025 0.600411
-0.223323 0.952323 0.147795 0.146162
-0.501692 0.862361 -0.061352 -0.0295515
-0.116097 -0.640873 0.725589 -0.222089
-0.13826 -0.580351 0.223521 0.770789
-0.273621 -0.452828 0.267478 0.805316
0 0 0 0
-0.112508 0.644919 0.638085 -0.405301
0.111758 0.795344 0.118355 0.583892
0.156652 0.507036 0.27022 0.80334
0 0 0 0
-0.144191 0.0459099 0.952531 -0.264169
0 0 0 0
0 0 0 0
0 0 0 0
0 0 0 0
