8515382
0 -0.0706643 0.00406988 2.75373 2 466.332 280.464 248.71 203.276
1 -0.110569 0.30909 2.65186 2 455.279 222.221 242.816 161.062
2 -0.145692 0.604377 2.53517 2 444.286 160.115 236.953 116.049
3 -0.155628 0.71681 2.54959 2 441.759 138.193 235.605 100.161
4 -0.275238 0.453107 2.58962 2 410.687 192.453 219.033 139.488
5 -0.347655 0.251954 2.71094 2 395.676 234.132 211.027 169.695
6 -0.446108 0.23244 2.98456 1 381.031 241.748 203.216 175.216
7 -0.479422 0.226325 3.0798 1 376.754 243.971 200.935 176.827
8 -0.0280821 0.428539 2.45846 2 476.09 192.87 253.914 139.79
9 0.0837113 0.190773 2.50079 2 506.961 242.633 270.379 175.857
10 0.152539 0.0151693 2.61338 2 524.056 278.276 279.496 201.691
11 0.164682 -0.0348254 2.65882 2 526.51 287.833 280.806 208.617
12 -0.125046 0.00255276 2.74471 2 452.662 280.741 241.42 203.477
13 -0.012439 -0.412358 2.8571 2 480.961 354.293 256.512 256.787
14 -0.0618823 -0.778083 2.98374 2 469.632 413.747 250.47 299.878
15 0.034029 -0.793595 2.95787 2 491.905 417.604 262.349 302.674
16 -0.0138775 0.00494502 2.6892 2 480.413 280.281 256.22 203.144
17 0.0578371 -0.320623 2.97652 1 497.317 335.71 265.236 243.318
18 -0.117442 -0.809566 3.09272 1 457.726 414.264 244.121 300.253
19 0.0155409 -0.78563 3.04011 2 487.487 412.538 259.993 299.002
20 -0.137376 0.531909 2.56698 2 447.053 176.066 238.428 127.61
21 -0.500379 0.229035 3.09583 1 372.628 243.714 198.735 176.64
22 -0.461738 0.237548 3.09278 1 381.154 242.293 203.282 175.611
23 0.16571 -0.0907245 2.69225 2 526.248 298.249 280.666 216.167
24 0.181668 -0.0370953 2.62192 2 531.565 288.364 283.501 209.002
0
0
-0.220338 -0.0252328 0.960256 -0.169477
-0.213867 -0.0263735 0.961718 -0.169303
-0.201073 -0.0102437 0.956503 -0.211109
0 0 0 0
0.0888076 0.863418 -0.496459 0.0122938
0.278365 0.568708 0.115601 0.765324
0.575522 0.445918 0.367827 0.578476
0.575954 0.447274 0.371526 0.574623
-0.177563 0.814515 0.435693 -0.339423
0.200625 0.749439 0.114147 -0.620533
0.191522 0.883451 0.252194 0.345301
0.288953 0.853118 0.228756 0.369278
0.0455165 0.69795 -0.695825 0.163162
-0.176954 -0.511538 0.0427989 0.839752
0.154425 0.974772 -0.0865379 -0.135955
0 0 0 0
-0.188252 0.588055 0.685311 -0.386137
-0.202833 -0.32205 0.298296 0.875307
0.184608 0.166447 0.0812618 0.9652
0 0 0 0
-0.20402 -0.0182232 0.960571 -0.188009
0 0 0 0
0 0 0 0
0 0 0 0
0 0 0 0
