8577476
0 1.20965 0.406605 3.70415 2 710.114 225.272 378.727 163.274
1 1.20507 0.691232 3.59059 2 716.622 183.006 382.198 132.64
2 1.19559 0.971659 3.46921 2 723.041 138.232 385.622 100.189
3 1.14258 1.08278 3.44521 2 714.038 120.767 380.82 87.5303
4 1.08093 0.921707 3.63093 2 690.352 151.706 368.188 109.954
5 0.866592 0.838378 3.67987 1 646.964 165.167 345.047 119.711
6 0.998745 0.972304 3.53739 1 679.713 140.977 362.514 102.178
7 1.07212 1.00834 3.50068 1 696.384 134.195 371.405 97.263
8 1.26747 0.836904 3.38615 2 743.635 155.039 396.605 112.37
9 1.26709 0.607788 3.4314 2 740.046 190.82 394.691 138.303
10 1.10122 0.393212 3.57797 1 696.991 225.236 371.729 163.248
11 1.08963 0.357093 3.62074 1 692.193 230.994 369.17 167.421
12 1.15448 0.411491 3.7236 2 698.576 224.921 372.574 163.02
13 1.16656 0.156761 3.86689 2 692.622 260.577 369.399 188.863
14 1.28711 -0.198965 3.98361 2 707.598 306.65 377.386 222.256
15 1.22626 -0.289304 3.92129 2 700.374 318.782 373.533 231.049
16 1.24237 0.395889 3.61723 2 721.913 225.414 385.02 163.377
17 1.27872 0.0740644 3.69063 2 723.919 270.983 386.09 196.405
18 1.35864 -0.236375 3.82178 2 730.258 312.743 389.471 226.672
19 1.36011 -0.341163 3.77133 2 733.888 327.342 391.407 237.253
20 1.19862 0.902429 3.50125 2 721.429 149.648 384.762 108.463
21 1.073 1.05209 3.41102 2 702.183 123.758 374.497 89.6982
22 1.05043 1.03893 3.43914 2 695.829 127.012 371.109 92.0563
23 1.07902 0.345017 3.65613 2 688.125 233.172 367 169
24 1.1062 0.341196 3.60475 2 696.328 233.01 371.375 168.882
1
0
-0.41201 0.0722377 0.891402 -0.174449
-0.430199 0.0757991 0.882767 -0.172931
-0.447775 0.0804762 0.867705 -0.200274
0 0 0 0
0.392421 0.641522 -0.633021 -0.183682
0.462842 -0.316055 0.329494 0.759816
-0.479829 0.450574 0.743972 -0.115122
-0.408071 0.546186 0.731129 0.0246795
-0.21616 0.6946 0.483511 -0.486849
0.093409 0.957421 -0.0273626 -0.271791
0.384048 0.719306 -0.0669996 0.574994
0.402687 0.736602 0.148108 0.522805
-0.252788 -0.676996 0.691167 -0.00790819
-0.10748 -0.33397 0.230304 0.907674
-0.203467 -0.375548 0.0799033 0.900655
0 0 0 0
-0.343265 0.585743 0.569959 -0.46284
0.0862442 0.934071 0.0895022 0.334757
0.0789819 0.763675 0.213564 0.604113
0 0 0 0
-0.448741 0.0782437 0.871176 -0.183201
0 0 0 0
0 0 0 0
0 0 0 0
0 0 0 0
