8563615
0 1.27701 0.324499 3.59574 2 730.047 235.196 389.358 170.467
1 1.2736 0.585361 3.45128 2 739.866 194.661 394.595 141.088
2 1.26712 0.835232 3.29698 2 750.587 151.884 400.313 110.084
3 1.27199 0.938955 3.21355 2 758.493 132.086 404.529 95.7343
4 1.12022 0.828401 3.39369 2 712.883 156.639 380.204 113.53
5 1.07872 0.62147 3.59187 2 691.95 193.035 369.04 139.909
6 1.05371 0.417772 3.69496 2 681.223 223.659 363.319 162.105
7 1.07143 0.405208 3.69364 2 684.633 225.364 365.138 163.341
8 1.4049 0.750231 3.2891 2 780.244 164.785 416.13 119.434
9 1.50278 0.557879 3.37268 2 793.056 196.774 422.963 142.619
10 1.55035 0.331211 3.332 2 806.733 230.469 430.258 167.041
11 1.58561 0.302626 3.3024 2 816.988 234.439 435.727 169.918
12 1.20398 0.32923 3.58814 2 716.351 234.448 382.054 169.925
13 1.22619 0.0801418 3.73946 2 710.934 270.294 379.165 195.906
14 1.28696 -0.198445 3.97298 2 708.177 306.652 377.694 222.257
15 1.25131 -0.291742 3.89226 2 706.503 319.391 376.801 231.49
16 1.3273 0.313859 3.54137 2 743.774 236.002 396.679 171.051
17 1.36117 0.0501218 3.61574 2 744.877 274.141 397.268 198.694
18 1.40574 -0.237463 3.80352 2 740.105 313.051 394.723 226.895
19 1.43815 -0.340214 3.72849 2 751.401 327.766 400.747 237.56
20 1.26891 0.773478 3.33809 2 747.67 162.923 398.757 118.084
21 1.0678 0.352453 3.71273 2 682.877 232.896 364.201 168.8
22 1.04411 0.423907 3.68173 2 680.123 222.605 362.732 161.341
23 1.60424 0.273995 3.28986 2 822.158 238.706 438.484 173.011
24 1.56826 0.285876 3.31621 2 812.002 237.208 433.068 171.925
1
0
-0.180984 0.0409538 0.951117 -0.246867
-0.193185 0.0441213 0.948714 -0.246321
-0.204198 0.0494583 0.935088 -0.285424
0 0 0 0
-0.341686 -0.57846 0.739421 -0.0434931
0.230695 0.703892 -0.299001 -0.601593
0.0337627 -0.0925756 0.235368 0.966898
-0.440107 -0.192294 -0.132728 0.867013
0.0534789 0.692409 0.646335 -0.316166
0.0324726 0.792513 0.288777 0.536168
-0.100209 -0.0208775 -0.0894247 0.99072
-0.339249 -0.0872134 -0.348054 0.869576
-0.144969 -0.652687 0.714935 -0.204577
-0.182124 -0.534108 0.20184 0.800513
-0.264105 -0.530995 0.228699 0.772003
0 0 0 0
-0.150993 0.627235 0.637259 -0.42152
0.0785578 0.821155 0.127383 0.550734
0.129991 0.61311 0.26063 0.73435
0 0 0 0
-0.205591 0.0462413 0.941307 -0.263696
0 0 0 0
0 0 0 0
0 0 0 0
0 0 0 0
