8545097
0 1.18074 0.410612 3.74687 2 702.122 225.383 374.465 163.354
1 1.17376 0.690604 3.61448 2 709.03 183.765 378.149 133.19
2 1.16314 0.964355 3.47243 2 716.324 139.446 382.039 101.068
3 1.11308 1.08522 3.43765 2 708.59 120.052 377.915 87.0118
4 1.07367 0.907395 3.63317 2 688.823 153.806 367.372 111.477
5 1.07186 0.690956 3.79707 2 679.398 188.502 362.346 136.624
6 1.05909 0.466062 3.85456 2 673.98 219.678 359.456 159.22
7 1.05168 0.444938 3.84931 1 672.885 222.394 358.872 161.188
8 1.24576 0.83508 3.39696 2 738.368 155.718 393.796 112.862
9 1.29056 0.558205 3.46257 2 742.429 198.945 395.962 144.193
10 1.25124 0.336602 3.53012 2 729.565 232.591 389.101 168.579
11 1.24191 0.298316 3.55271 2 726.139 238.404 387.274 172.792
12 1.12824 0.418351 3.7567 2 691.793 224.502 368.956 162.716
13 1.16912 0.130859 3.87958 2 692.389 264.044 369.274 191.375
14 1.27945 -0.199715 3.97762 2 706.593 306.783 376.85 222.352
15 1.1871 -0.263191 3.97916 2 690.314 314.877 368.167 228.218
16 1.21313 0.395897 3.67129 2 712.812 226.253 380.167 163.985
17 1.28231 0.0656735 3.70121 2 723.904 272.168 386.082 197.264
18 1.36049 -0.220557 3.81386 2 731.108 310.694 389.924 225.187
19 1.38611 -0.337363 3.74524 2 740.493 327.156 394.93 237.118
20 1.16645 0.896923 3.50988 2 714.464 150.785 381.048 109.287
21 1.05497 0.399407 3.89417 2 671.25 229.033 358 166
22 1.05029 0.408133 3.877 2 671.25 227.655 358 165.001
23 1.23787 0.233411 3.5827 2 723.281 248.004 385.75 179.75
24 1.20211 0.288473 3.559 2 717.888 239.902 382.874 173.878
1
1
-0.378483 0.0743188 0.899252 -0.206335
-0.411124 0.0818167 0.884805 -0.203478
-0.442542 0.0948861 0.86073 -0.233016
0 0 0 0
0.421277 0.649957 -0.596978 -0.209044
-0.208234 -0.627793 0.240914 0.710264
0.0195918 -0.0639079 0.12618 0.989753
0.170672 -0.0530831 -0.107381 0.97802
-0.183773 0.686209 0.511599 -0.483334
0.122645 0.984726 0.0659626 -0.104507
-0.0173829 -0.581031 0.167832 0.796199
-0.0636144 -0.558113 0.272949 0.781001
-0.231939 -0.649195 0.719661 -0.0826932
-0.134446 -0.356728 0.161367 0.910291
-0.163102 -0.0531941 0.129767 0.97659
0 0 0 0
-0.305108 0.600832 0.564654 -0.476525
0.00364992 0.924463 0.111908 0.36446
0.0402203 0.692185 0.217856 0.686878
0 0 0 0
-0.443978 0.0916418 0.86523 -0.214157
0 0 0 0
0 0 0 0
0 0 0 0
0 0 0 0
