8514126
0 1.2486 0.366074 3.64021 2 721.577 229.946 384.841 166.662
1 1.23797 0.635522 3.4851 2 730.266 188.167 389.475 136.381
2 1.22479 0.898808 3.3199 2 739.9 143.001 394.613 103.645
3 1.18142 1.01956 3.27816 2 733.963 122.448 391.447 88.7483
4 1.11193 0.852851 3.48209 2 705.391 156.234 376.209 113.236
5 1.0916 0.617049 3.62252 2 692.65 194.404 369.413 140.901
6 1.05483 0.386988 3.64972 2 683.887 227.237 364.74 164.698
7 1.06442 0.358739 3.66839 2 684.667 231.434 365.156 167.74
8 1.31986 0.77124 3.27239 2 763.766 160.898 407.342 116.616
9 1.36816 0.544397 3.3349 2 768.564 197.878 409.901 143.419
10 1.33667 0.343278 3.44322 2 753.144 230.34 401.677 166.948
11 1.31552 0.284622 3.48337 1 745.763 239.53 397.74 173.608
12 1.19082 0.375991 3.64437 2 710.233 228.638 378.791 165.714
13 1.19382 0.0798037 3.78692 2 702.089 270.481 374.447 196.041
14 1.23517 -0.225791 3.94027 2 700.879 310.39 373.802 224.966
15 1.25083 -0.310925 3.84241 2 709.338 322.436 378.313 233.697
16 1.28404 0.349464 3.57102 2 733.15 231.305 391.013 167.647
17 1.36836 0.0411765 3.66452 2 742.743 275.48 396.13 199.664
18 1.41511 -0.227693 3.84158 2 739.247 311.437 394.265 225.725
19 1.43861 -0.331127 3.74552 2 750.26 326.315 400.139 236.509
20 1.2287 0.834018 3.36316 2 737.407 154.618 393.284 112.065
21 1.06895 0.311513 3.6888 2 684.377 238.232 365.001 172.668
22 1.08538 0.345663 3.65189 2 689.581 233.023 367.777 168.892
23 1.31271 0.22154 3.52285 2 742.228 249.137 395.855 180.571
24 1.25701 0.281637 3.45359 2 736.201 239.623 392.641 173.676
0
1
-0.328865 0.0712462 0.908255 -0.248688
-0.356724 0.0788832 0.897678 -0.246372
-0.382739 0.0919022 0.876823 -0.276129
0 0 0 0
0.421793 0.653808 -0.615005 -0.128039
-0.138041 -0.610288 0.229191 0.74563
0.0951781 0.764335 -0.0231713 0.637336
0.104528 0.690086 0.296178 0.652023
-0.102809 0.705667 0.519757 -0.470444
0.15681 0.938878 0.0567818 -0.301157
0.143524 0.749786 -0.208117 -0.611481
0.12894 0.738359 -0.296444 -0.591879
-0.225161 -0.628117 0.730534 -0.145227
-0.0992063 -0.416346 0.199113 0.881572
0.209443 0.708568 -0.111701 -0.664521
0 0 0 0
-0.260053 0.60885 0.572631 -0.483495
0.0799157 0.900222 0.175298 0.390492
0.136545 0.644528 0.260965 0.705575
0 0 0 0
-0.384096 0.0895652 0.882134 -0.257464
0 0 0 0
0 0 0 0
0 0 0 0
0 0 0 0
