8576921
0 -0.0616545 -0.0136356 2.71539 2 468.362 283.749 249.793 205.657
1 -0.101201 0.28416 2.60239 2 457.215 225.957 243.848 163.771
2 -0.144059 0.575587 2.4811 2 443.884 163.395 236.738 118.426
3 -0.162065 0.701268 2.48532 2 438.875 137.667 234.067 99.779
4 -0.28381 0.446106 2.56044 2 407.54 192.824 217.355 139.756
5 -0.441727 0.39429 2.79389 2 374.939 209.605 199.967 151.919
6 -0.565762 0.437656 3.0553 2 356.179 208.476 189.962 151.1
7 -0.604974 0.465864 3.09134 2 348.857 204.657 186.057 148.333
8 -0.0224618 0.401058 2.42522 2 477.58 197.424 254.709 143.09
9 0.0962835 0.17991 2.46625 2 510.786 244.321 272.419 177.08
10 0.160543 -0.0068757 2.56609 2 526.94 282.565 281.035 204.799
11 0.182546 -0.0577623 2.60526 2 532.103 292.421 283.788 211.943
12 -0.114819 -0.0197848 2.71181 2 454.873 284.898 242.599 206.49
13 -0.00427805 -0.420708 2.84209 2 482.921 356.174 257.558 258.15
14 -0.065706 -0.780365 2.97961 2 468.725 414.326 249.987 300.298
15 0.0320758 -0.791126 2.96557 2 491.429 416.82 262.095 302.105
16 -0.00548267 -0.0105547 2.64674 2 482.534 283.226 257.351 205.278
17 -0.0801566 -0.283362 2.97691 1 465.447 329.36 248.238 238.716
18 -0.130598 -0.80016 3.05532 1 454.43 414.332 242.362 300.302
19 0.00427246 -0.784351 3.01666 2 484.935 413.35 258.632 299.59
20 -0.133571 0.504035 2.51355 2 447.32 179.48 238.571 130.085
21 -0.63299 0.499536 3.11491 2 343.613 199.712 183.26 144.748
22 -0.63205 0.508396 3.0795 2 342.188 197.3 182.5 143
23 0.174654 -0.11308 2.64289 2 529.369 302.846 282.33 219.499
24 0.202642 -0.0523092 2.5751 2 538.036 291.483 286.952 211.263
0
0
-0.239767 -0.017061 0.952064 -0.189198
-0.236412 -0.0177272 0.952902 -0.189136
-0.230138 -0.0164027 0.947839 -0.219929
0 0 0 0
0.173679 0.820171 -0.545097 0.00482572
0.616627 0.497936 0.171353 0.585208
-0.0776351 -0.338692 0.753714 0.557831
0.0122423 -0.374677 0.85666 0.354404
-0.115801 0.815637 0.439284 -0.358267
0.196335 0.827271 0.163424 -0.500368
0.128889 0.833593 0.247831 0.476539
0.180372 0.809766 0.304398 0.468068
0.0938422 0.730337 -0.65869 0.154688
-0.188423 -0.490544 0.0672463 0.84814
0.173661 0.977896 -0.0929971 -0.0700878
0 0 0 0
-0.193469 0.568346 0.692766 -0.399533
0.253698 0.678207 -0.349125 -0.594798
0.0574456 0.127918 0.0681397 0.987772
0 0 0 0
-0.232735 -0.0220383 0.9514 -0.200467
0 0 0 0
0 0 0 0
0 0 0 0
0 0 0 0
