8581637
0 -0.0777564 -0.0352171 2.72579 2 464.364 287.741 247.661 208.55
1 -0.123697 0.268587 2.6022 2 451.27 228.984 240.677 165.965
2 -0.170662 0.564724 2.47123 2 436.295 165.158 232.691 119.705
3 -0.18524 0.689697 2.46953 2 432.099 139.134 230.453 100.843
4 -0.301013 0.429329 2.55002 2 402.579 195.803 214.709 141.915
5 -0.423364 0.308907 2.73777 2 377.399 223.999 201.28 162.351
6 -0.166907 0.209894 2.58697 2 439.601 240.165 234.454 174.069
7 -0.0842427 0.151698 2.49367 1 460.745 250.453 245.73 181.525
8 -0.0515626 0.379592 2.40739 2 469.212 201.336 250.246 145.926
9 0.0639103 0.112951 2.47509 2 501.695 258.142 267.571 187.098
10 0.138406 -0.0650554 2.58178 2 520.786 293.949 277.753 213.05
11 0.151172 -0.0673192 2.59767 2 523.939 294.312 279.434 213.314
12 -0.127642 -0.0301128 2.7147 2 451.658 286.818 240.884 207.882
13 -0.0284446 -0.422758 2.83612 2 477.054 356.701 254.429 258.532
14 -0.0670375 -0.779494 2.98667 2 468.454 413.859 249.842 299.959
15 0.0289746 -0.791713 2.96703 2 490.703 416.853 261.708 302.13
16 -0.0269438 -0.039698 2.66119 2 477.003 288.75 254.402 209.282
17 -0.0955786 -0.227048 3.00313 1 462.085 319.443 246.445 231.528
18 -0.152257 -0.685418 3.1441 1 450.553 391.864 240.295 284.018
19 -0.0353228 -0.729059 3.06446 2 476.002 402.029 253.868 291.385
20 -0.158918 0.491889 2.50621 2 440.242 181.645 234.796 131.654
21 -0.00745578 0.176732 2.46106 2 481.875 244.902 257 177.502
22 -0.0233353 0.11757 2.5115 2 477.574 257.548 254.706 186.668
23 0.154585 -0.123535 2.63479 2 524.272 304.918 279.612 221
24 0.125303 -0.0664671 2.57654 2 517.366 294.251 275.928 213.269
1
0
-0.247287 -0.020412 0.947373 -0.202277
-0.244327 -0.0210437 0.948141 -0.202212
-0.237996 -0.0178148 0.94308 -0.231603
0 0 0 0
0.165949 0.832994 -0.527787 0.00464197
0.358918 0.837865 -0.366747 -0.186164
-0.455329 -0.118829 -0.367129 0.802354
-0.326211 -0.0609141 -0.426705 0.841308
-0.137432 0.816433 0.419708 -0.372014
0.22032 0.717389 0.0678486 -0.657426
-0.293197 -0.557514 0.101916 0.769952
0.666259 0.559227 -0.0300794 -0.492402
-0.0506134 -0.643608 0.739684 -0.18993
-0.176226 -0.486709 0.0677881 0.852915
0.191079 0.973387 -0.0714418 -0.104411
0 0 0 0
-0.186553 0.586917 0.661799 -0.427492
0.30841 0.640683 -0.410205 -0.571087
0.102151 0.304502 0.122307 0.939087
0 0 0 0
-0.240429 -0.0219141 0.946996 -0.211925
0 0 0 0
0 0 0 0
0 0 0 0
0 0 0 0
