8556471
0 0.00553318 0.0190541 2.78202 2 485.323 277.75 258.839 201.309
1 -0.0412968 0.310148 2.68256 2 473.37 222.705 252.464 161.414
2 -0.0871807 0.592688 2.57016 2 460.551 164.122 245.627 118.954
3 -0.0332398 0.70879 2.54422 2 474.928 139.537 253.295 101.134
4 -0.154563 0.44111 2.51034 2 441.537 192.127 235.486 139.251
5 -0.180211 0.201779 2.51711 2 434.732 240.654 231.857 174.423
6 -0.113666 -0.0230356 2.56944 2 453.57 285.742 241.904 207.102
7 -0.0919756 -0.0815674 2.58983 2 459.561 297.131 245.099 215.356
8 0.0247855 0.510784 2.7165 1 490.243 185.878 261.463 134.722
9 0.0808874 0.239823 2.8377 1 503.548 238.468 268.559 172.838
10 0.127643 0.134072 3.02136 2 512.981 258.777 273.59 187.558
11 0.131527 0.0977111 3.041 2 513.669 264.968 273.957 192.045
12 -0.0409365 0.0167182 2.70332 2 473.557 278.085 252.564 201.552
13 -0.0538076 -0.375932 2.87193 2 471.068 347.473 251.236 251.844
14 -0.0468159 -0.733268 3.03121 2 473.296 404.077 252.425 292.869
15 0.0358294 -0.781915 2.98746 2 492.24 414.236 262.528 300.233
16 0.0512274 0.0212999 2.78586 2 496.586 277.347 264.846 201.017
17 -0.0488407 -0.410283 2.90635 2 472.393 352.689 251.943 255.624
18 -0.148729 -0.665866 3.17534 1 451.657 387.62 240.884 280.942
19 -0.0414611 -0.722697 3.08895 2 474.695 400.01 253.17 289.921
20 -0.0758724 0.523387 2.60056 2 463.845 179.123 247.384 129.826
21 -0.0629098 -0.143864 2.62615 2 467.499 308.905 249.333 223.89
22 -0.0809812 -0.0368605 2.60371 2 462.594 288.366 246.717 209.004
23 0.141144 0.0486172 3.0616 2 515.625 273.184 275 198
24 0.135624 0.056414 3.0315 2 514.689 271.804 274.501 197
1
0
0.335096 -0.12726 0.924913 -0.126694
0.365528 -0.131384 0.913314 -0.122412
0.396144 -0.151783 0.892141 -0.155293
0 0 0 0
-0.175731 0.790406 -0.431184 0.398067
0.0261758 0.970756 -0.0485588 0.233646
-0.107034 0.256598 0.143592 0.94978
-0.122863 0.251112 0.198044 0.939482
0.32372 0.688909 0.595233 0.257503
-0.206485 -0.634126 0.0942552 0.739165
0.472523 0.856325 0.181903 0.101691
0.238345 0.963882 0.0719311 0.0946021
-0.345717 0.62169 -0.606387 0.355353
0.177962 0.895852 -0.0954331 -0.395818
0.200613 0.929523 -0.0560632 -0.304299
0 0 0 0
0.142411 0.685119 0.710055 -0.0784438
0.160945 0.471774 0.0639422 0.864545
0.263508 0.307835 0.313046 0.858955
0 0 0 0
0.396696 -0.142992 0.896696 -0.134614
0 0 0 0
0 0 0 0
0 0 0 0
0 0 0 0
