8524847
0 1.28982 0.315931 3.5681 2 734.475 236.057 391.72 171.091
1 1.28915 0.590345 3.4276 2 744.809 193.311 397.231 140.109
2 1.28451 0.858342 3.27665 2 755.913 147.487 403.154 106.896
3 1.31824 0.966141 3.19427 2 770.088 126.899 410.713 91.9749
4 1.12795 0.816045 3.33909 2 718.252 156.48 383.068 113.414
5 1.06225 0.55979 3.46859 2 696.053 198.964 371.228 144.207
6 1.05822 0.325665 3.48268 2 694.216 233.596 370.248 169.307
7 1.07716 0.300374 3.4853 2 697.839 237.323 372.181 172.008
8 1.4376 0.739064 3.29909 2 786.199 166.873 419.306 120.947
9 1.52688 0.534917 3.37089 2 798.169 200.209 425.69 145.109
10 1.63117 0.317621 3.31686 2 824.999 232.345 440 168.4
11 1.64803 0.271241 3.27318 2 833.056 238.931 444.297 173.174
12 1.21126 0.319457 3.55107 2 720.23 235.357 384.123 170.583
13 1.2138 0.0590558 3.71903 2 709.864 273.123 378.594 197.956
14 1.27898 -0.211001 3.98185 2 706.274 308.2 376.68 223.379
15 1.30075 -0.303925 3.83873 2 718.642 321.561 383.276 233.063
16 1.34488 0.30667 3.52001 2 748.848 236.764 399.385 171.603
17 1.40016 0.0480414 3.59937 2 753.641 274.402 401.942 198.883
18 1.4218 -0.241975 3.83233 2 741.093 313.413 395.25 227.157
19 1.44666 -0.345644 3.71635 2 753.882 328.667 402.07 238.213
20 1.28646 0.792338 3.31633 2 753.077 159.241 401.641 115.416
21 1.09224 0.258122 3.50873 2 699.377 243.749 373.001 176.666
22 1.05318 0.281031 3.455 2 694.875 239.796 370.6 173.801
23 1.64731 0.217013 3.23327 2 837.182 246.969 446.497 179
24 1.64548 0.220024 3.26492 2 833.414 246.827 444.487 178.896
0
0
-0.119252 0.0276374 0.964797 -0.232771
-0.114962 0.0266022 0.965317 -0.232892
-0.112378 0.018186 0.956954 -0.266983
0 0 0 0
-0.238205 -0.643024 0.718669 -0.115299
0.136308 0.83078 -0.21543 -0.494788
0.0222544 0.877325 -0.021952 -0.478877
0.216617 0.775955 0.232927 -0.544716
0.112423 0.776972 0.567537 -0.248148
-0.0439775 0.637051 0.249079 0.728143
-0.206453 -0.0891855 -0.132358 0.965352
-0.134708 -0.00994009 -0.360514 0.922922
-0.0904983 -0.65207 0.716746 -0.22998
-0.177078 -0.589786 0.220186 0.756514
-0.336948 -0.6821 0.182709 0.622754
0 0 0 0
-0.117227 0.643602 0.650708 -0.385503
0.055417 0.78591 0.169112 0.592179
0.194867 0.620273 0.269948 0.710223
0 0 0 0
-0.111341 0.0226496 0.962041 -0.248126
0 0 0 0
0 0 0 0
0 0 0 0
0 0 0 0
