8531435
0 1.27833 0.360745 3.66062 2 725.913 230.967 387.154 167.402
1 1.31525 0.575464 3.46169 2 747.473 196.37 398.652 142.326
2 1.35214 0.782906 3.25378 2 772.223 158.39 411.852 114.799
3 1.4141 0.860315 3.16234 2 793.898 142.457 423.412 103.251
4 1.1406 0.813732 3.32242 2 722.08 156.202 385.109 113.213
5 1.06888 0.555582 3.4824 2 696.527 199.907 371.481 144.89
6 1.06515 0.327137 3.52558 2 693.007 233.966 369.603 169.575
7 1.07249 0.328425 3.56113 1 692.337 234.255 369.246 169.785
8 1.46905 0.6775 3.31218 2 791.598 176.81 422.185 128.149
9 1.56232 0.482095 3.38378 2 804.226 208.488 428.921 151.11
10 1.63646 0.279605 3.28614 2 829.275 237.795 442.28 172.35
11 1.63586 0.261826 3.23753 2 834.283 239.951 444.951 173.913
12 1.19609 0.3743 3.63893 2 711.586 228.794 379.512 165.827
13 1.19746 0.0594183 3.75795 2 704.463 273.159 375.713 197.982
14 1.26952 -0.200948 3.97748 2 704.857 306.94 375.924 222.466
15 1.22217 -0.297418 3.91137 2 700.202 319.934 373.441 231.884
16 1.33945 0.341053 3.62242 2 740.267 233.188 394.809 169.011
17 1.36619 0.0432246 3.59926 2 747.055 275.085 398.429 199.378
18 1.41045 -0.233461 3.8001 2 741.203 312.543 395.308 226.527
19 1.43923 -0.345573 3.71832 2 752.342 328.63 401.249 238.187
20 1.34327 0.732203 3.30782 2 765.683 168.209 408.364 121.916
21 1.065 0.281853 3.60812 2 688.125 241.45 367 175
22 1.03209 0.342074 3.54017 2 685.625 232.026 365.667 168.169
23 1.63001 0.182987 3.17376 2 840 251.799 448 182.5
24 1.64519 0.263077 3.17373 2 843.238 238.935 449.727 173.177
0
0
-0.0869562 0.100952 0.925385 -0.354837
-0.0980829 0.105213 0.924272 -0.353597
-0.110503 0.112039 0.90967 -0.384366
0 0 0 0
-0.330976 -0.528287 0.75937 -0.186345
0.177765 0.838949 -0.234033 -0.458032
-0.0416693 -0.518135 0.0838226 0.850161
-0.457126 -0.32377 0.555666 0.614364
0.220196 0.77705 0.502198 -0.309038
-0.0277809 0.699251 0.2661 0.662923
-0.240107 0.947137 0.12096 0.175069
-0.572634 0.819417 -0.0189055 0.016991
-0.189949 -0.566406 0.736626 -0.316996
-0.11695 -0.631477 0.13647 0.754278
-0.26563 -0.471227 0.235501 0.807419
0 0 0 0
-0.00886142 0.680139 0.60675 -0.411323
-0.0586739 0.737062 0.0068812 0.673239
0.151444 0.625903 0.275277 0.713816
0 0 0 0
-0.10905 0.112365 0.917629 -0.365294
0 0 0 0
0 0 0 0
0 0 0 0
0 0 0 0
