8546584
0 -0.0803388 -0.0175065 2.69408 2 463.475 284.495 247.187 206.198
1 -0.105871 0.26787 2.57442 2 455.679 228.564 243.029 165.66
2 -0.133386 0.544334 2.44105 2 446.257 168 238.003 121.764
3 -0.128181 0.672659 2.44877 2 447.78 141.515 238.816 102.568
4 -0.191603 0.416217 2.45064 2 430.089 195.104 229.381 141.409
5 -0.020487 0.172969 2.40269 2 478.098 244.811 254.985 177.436
6 0.0705662 -0.0684965 2.54672 2 502.989 294.805 268.261 213.67
7 0.09185 -0.110073 2.57475 2 508.463 302.822 271.18 219.481
8 -0.038457 0.363519 2.39718 2 472.915 204.407 252.221 148.151
9 0.00459352 0.122441 2.42664 2 485.257 255.706 258.804 185.332
10 0.083981 -0.0691509 2.58238 1 506.295 294.746 270.024 213.628
11 0.0919316 -0.126442 2.59507 1 508.294 305.842 271.09 221.67
12 -0.127382 -0.0379182 2.65062 2 450.944 288.442 240.504 209.059
13 -0.034008 -0.420962 2.83134 2 475.69 356.507 253.701 258.391
14 -0.0677617 -0.773762 2.99126 2 468.311 412.671 249.766 299.098
15 0.0271997 -0.789531 2.97233 2 490.278 416.233 261.482 301.68
16 -0.0327852 0.00328737 2.66228 2 475.499 280.587 253.6 203.365
17 -0.12887 -0.283307 2.9773 1 454.198 329.35 242.239 238.708
18 0.0489548 -0.804201 3.0082 1 495.199 417.111 264.106 302.317
19 0.00910323 -0.881304 2.90626 1 486.123 435.548 259.266 315.679
20 -0.126579 0.47636 2.47674 2 448.732 183.664 239.324 133.117
21 0.097853 -0.167108 2.61918 2 509.628 313.471 271.802 227.199
22 0.0726592 -0.120369 2.56075 2 503.449 304.972 268.506 221.04
23 0.0861436 -0.16499 2.62502 2 506.505 312.99 270.136 226.851
24 0.0593412 -0.109451 2.6217 2 499.505 302.313 266.403 219.112
1
1
0.121045 -0.0659571 0.972058 -0.190005
0.035542 -0.0490818 0.97892 -0.195047
-0.0662358 -0.0291161 0.967758 -0.241266
0 0 0 0
-0.103927 0.900965 -0.404404 0.117979
-0.289566 0.568124 0.111423 0.762215
-0.296743 -0.691945 0.0585005 0.655541
-0.341802 -0.678064 0.0392865 0.649505
-0.191647 0.895385 0.344687 -0.206755
-0.106312 -0.582913 -0.00279407 0.805545
-0.249133 -0.265807 0.261851 0.893708
-0.0933907 -0.257243 0.086793 0.957899
-0.150707 0.713331 -0.570479 0.378154
0.23696 0.757825 -0.047455 -0.606052
0.204243 0.970342 -0.0678953 -0.11005
0 0 0 0
-0.064361 0.500523 0.816497 -0.280476
0.309834 0.827081 -0.275282 -0.379683
-0.0568315 0.855052 0.155974 0.491252
0 0 0 0
-0.0674838 -0.0308271 0.972828 -0.219318
0 0 0 0
0 0 0 0
0 0 0 0
0 0 0 0
