85470552
0 -0.209659 -0.0932402 2.51309 2 426.615 299.976 227.528 217.418
1 -0.249277 0.188273 2.41514 2 412.958 241.752 220.244 175.218
2 -0.287651 0.46187 2.30384 2 397.794 179.407 212.157 130.032
3 -0.263503 0.584539 2.29811 2 404.715 151.86 215.848 110.066
4 -0.33802 0.313224 2.24115 2 379.98 210.312 202.656 152.432
5 -0.333413 0.0809584 2.23109 2 381.096 262.832 203.251 190.497
6 -0.256468 -0.136305 2.29691 2 407.155 311.247 217.149 225.587
7 -0.214929 -0.219959 2.32309 2 420.31 329.141 224.166 238.557
8 -0.183352 0.337178 2.41325 1 431.653 210.434 230.215 152.519
9 -0.110252 0.110513 2.47533 1 453.356 258.64 241.79 187.459
10 -0.0678054 0.013709 2.68602 2 466.619 278.631 248.863 201.948
11 -0.0526216 -0.020866 2.70492 2 470.596 285.109 250.984 206.643
12 -0.246049 -0.101467 2.43597 2 414.508 302.285 221.071 219.092
13 -0.248948 -0.578914 2.55686 2 416.743 396.225 222.263 287.179
14 -0.34338 -0.932313 2.67984 2 395.16 458.618 210.752 332.4
15 -0.256265 -0.966711 2.63767 2 416.615 468.141 222.195 339.302
16 -0.167233 -0.0827327 2.52104 2 438.375 297.804 233.8 215.844
17 -0.192406 -0.508496 2.49666 2 430.807 384.571 229.764 278.732
18 -0.169669 -0.768125 2.83232 2 442.559 419.122 236.031 303.774
19 -0.0990751 -0.791538 2.90427 2 460.384 419.79 245.538 304.258
20 -0.278284 0.394553 2.33391 2 401.754 195.45 214.269 141.659
21 -0.183183 -0.29064 2.34703 2 430.246 343.919 229.464 249.268
22 -0.210044 -0.261093 2.30494 2 421.247 338.571 224.665 245.391
23 -0.0358857 -0.0692576 2.71663 2 474.884 294.095 253.271 213.156
24 -0.0767127 -0.0363585 2.707 2 464.493 287.999 247.729 208.738
3
0
0.390281 -0.127125 0.903213 -0.125402
0.37326 -0.124749 0.910379 -0.127766
0.353967 -0.135311 0.909721 -0.169721
0 0 0 0
-0.232753 0.801264 -0.386196 0.39326
-0.0237961 0.920295 0.000668177 0.3905
0.175622 0.948432 0.126329 -0.231677
0.190318 0.935129 0.180493 -0.238191
0.219323 0.81082 0.491475 0.230043
-0.198297 -0.686075 -0.0141786 0.699841
-0.43916 -0.568583 0.319054 0.618108
-0.291487 -0.570786 0.075143 0.763932
-0.360505 0.625646 -0.567469 0.395705
0.114378 0.926245 -0.0471436 -0.356041
0.128468 0.950729 -0.160083 -0.232344
0 0 0 0
0.189073 0.616824 0.763225 -0.0355838
-0.00153609 0.743137 -0.0410277 0.667879
-0.1036 -0.151371 0.428716 0.884622
0 0 0 0
0.354412 -0.128661 0.914158 -0.148841
0 0 0 0
0 0 0 0
0 0 0 0
0 0 0 0
