85473031
0 1.26636 0.440699 3.69853 2 721.188 220.461 384.634 159.787
1 1.24187 0.709593 3.55177 2 726.418 179.266 387.423 129.93
2 1.21362 0.971373 3.39416 2 732.017 135.11 390.409 97.9262
3 1.20925 1.10577 3.3152 2 736.939 110.983 393.034 80.4389
4 1.06357 0.890695 3.44768 2 697.875 149.386 372.2 108.273
5 1.03515 0.631494 3.59798 2 683.156 191.789 364.35 139.006
6 1.04714 0.408224 3.6683 2 681.414 224.566 363.421 162.763
7 1.06127 0.36775 3.69316 1 682.716 230.53 364.115 167.085
8 1.37694 0.881853 3.43618 2 761.938 150.206 406.367 108.867
9 1.45134 0.656174 3.59095 2 764.344 187.929 407.65 136.209
10 1.46706 0.42358 3.62801 1 764.435 221.62 407.699 160.627
11 1.4657 0.387965 3.62928 1 764.066 226.652 407.502 164.274
12 1.18833 0.434061 3.67406 2 707.946 221.006 377.571 160.182
13 1.182 0.151347 3.86509 2 695.509 261.278 370.938 189.371
14 1.24119 -0.14488 4.11214 2 692.728 299.143 369.455 216.815
15 1.2071 -0.242499 4.00085 2 692.666 312.064 369.422 226.18
16 1.32064 0.439085 3.65372 2 734.498 219.915 391.732 159.391
17 1.3872 0.115113 3.75361 2 740.064 265.572 394.701 192.483
18 1.38575 -0.211842 3.85727 2 732.877 309.212 390.868 224.113
19 1.42427 -0.313983 3.76997 2 745.859 323.696 397.792 234.611
20 1.22143 0.907052 3.43563 2 730.594 146.435 389.65 106.134
21 1.08406 0.284621 3.72923 2 684.999 242.37 365.333 175.666
22 1.01701 0.364943 3.67815 2 675.14 230.728 360.075 167.229
23 1.47427 0.343605 3.65044 2 764.06 233.172 407.499 169
24 1.43187 0.381483 3.59246 2 760.388 227.017 405.54 164.539
1
1
-0.0657477 -0.0243025 0.966009 -0.248824
-0.049558 -0.0284669 0.966975 -0.248382
-0.0345222 -0.0428119 0.95754 -0.283008
0 0 0 0
0.200339 0.723413 -0.639125 0.167503
0.206528 0.85443 -0.163513 -0.447837
-0.114027 -0.609537 0.103511 0.777656
-0.280603 -0.591394 0.113624 0.747399
0.171797 0.735028 0.624908 -0.199272
0.172437 0.80651 0.269011 0.497433
0.0855729 0.914997 -0.000490722 -0.394282
0.00880954 0.918051 -0.0245917 -0.395602
0.0486163 0.683891 -0.676151 0.269721
-0.188909 -0.64059 0.223822 0.709832
-0.267318 -0.563089 0.22135 0.749984
0 0 0 0
-0.084594 0.602602 0.693815 -0.385143
0.0483376 0.74929 0.169732 0.638294
0.090715 0.575081 0.123107 0.803677
0 0 0 0
-0.0337586 -0.0369126 0.963393 -0.263386
0 0 0 0
0 0 0 0
0 0 0 0
0 0 0 0
