85458680
0 0.990573 0.102711 2.96023 2 715.641 263.533 381.675 191.005
1 0.996852 0.377457 2.82609 2 728.435 213.092 388.499 154.446
2 0.99707 0.64551 2.68277 2 741.789 158.381 395.621 114.792
3 0.940324 0.770238 2.6167 2 733.26 130.944 391.072 94.9063
4 0.922924 0.60689 2.87593 2 706.415 173.569 376.754 125.8
5 0.911077 0.406717 3.01066 1 693.448 212.394 369.839 153.941
6 0.891271 0.0880826 3.02805 1 687.488 266.409 366.66 193.09
7 0.91219 0.0109797 3.05044 1 690.758 279.379 368.404 202.49
8 1.03685 0.502818 2.60173 2 760.43 182.552 405.562 132.311
9 0.871914 0.32413 2.6367 2 713.016 218.552 380.275 158.403
10 0.649635 0.407151 2.65299 2 653.242 203.139 348.396 147.232
11 0.594192 0.443913 2.66832 2 637.848 196.61 340.185 142.5
12 0.957108 0.115177 2.98145 2 706.134 261.537 376.605 189.558
13 0.975181 -0.15677 3.17307 2 696.578 306.363 371.509 222.048
14 1.0461 -0.465629 3.33435 2 701.219 352.372 373.983 255.394
15 0.991613 -0.558883 3.32811 2 690.281 366.78 368.15 265.837
16 1.00032 0.0880127 2.86963 2 725.4 265.579 386.88 192.488
17 1.13453 -0.22386 2.99693 2 746.387 319.314 398.073 231.435
18 1.28211 -0.520472 3.20822 2 761.177 364.022 405.961 263.838
19 1.24683 -0.606381 3.18612 2 755.426 378.362 402.894 274.232
20 0.998052 0.579573 2.72047 2 738.432 172.471 393.83 125.004
21 0.917138 -0.0388998 3.06443 2 690.934 287.671 368.498 208.5
22 0.922761 0.0326736 2.98644 2 697.708 275.641 372.111 199.781
23 0.563984 0.47745 2.66876 2 629.995 190.237 335.997 137.881
24 0.604186 0.478821 2.644 2 641.948 189.076 342.372 137.04
1
0
-0.545238 0.134719 0.807418 -0.18067
-0.544439 0.13454 0.807958 -0.180803
-0.542266 0.138521 0.79999 -0.216277
0 0 0 0
-0.453001 -0.575396 0.610676 0.301305
-0.185396 -0.66803 0.226566 0.684129
0.0361275 0.939769 -0.0199152 0.339313
0.0864245 0.925276 0.167011 0.329397
-0.26521 0.67835 0.40977 -0.549175
0.0636862 0.928746 -0.363704 -0.0330699
0.46038 -0.447794 0.680137 0.353476
0.461924 -0.326158 0.745571 0.352663
-0.362533 -0.588691 0.720147 0.0583101
-0.0836947 -0.175967 0.291321 0.93657
-0.164297 -0.268583 0.196718 0.928532
0 0 0 0
-0.436324 0.569634 0.479586 -0.505109
0.156198 0.956591 0.213443 0.122387
0.190344 0.867696 0.293835 0.352894
0 0 0 0
-0.543384 0.135659 0.804905 -0.19611
0 0 0 0
0 0 0 0
0 0 0 0
0 0 0 0
