85471572
0 -0.3003 -0.226243 2.35935 2 396.334 329.787 211.378 239.025
1 -0.344114 0.0520821 2.23347 2 377.902 269.399 201.548 195.257
2 -0.384419 0.323518 2.09557 2 357.349 202.806 190.586 146.991
3 -0.352312 0.449098 2.07374 2 366.56 171.093 195.498 124.006
4 -0.421133 0.184672 2.0438 2 341.815 235.345 182.301 170.574
5 -0.362638 -0.0495358 2.04153 2 361.602 293.509 192.854 212.732
6 -0.253682 -0.210243 2.12847 2 401.918 331.242 214.356 240.079
7 -0.199826 -0.280255 2.18769 2 421.079 346.102 224.576 250.85
8 -0.272135 0.193724 2.21991 2 399.585 237.015 213.112 171.785
9 -0.198123 -0.0323092 2.28186 1 424.282 288.372 226.284 209.008
10 -0.210697 -0.084426 2.50978 2 426.256 298.224 227.336 216.149
11 -0.226958 -0.0865696 2.60379 1 424.043 298.027 226.157 216.006
12 -0.339753 -0.220173 2.27077 2 380.899 330.355 203.146 239.436
13 -0.353799 -0.660821 2.42795 2 383.151 419.759 204.347 304.235
14 -0.439951 -0.997805 2.55852 2 364.679 480.273 194.495 348.096
15 -0.344548 -1.02615 2.5293 2 389.463 488.298 207.714 353.911
16 -0.252354 -0.225913 2.38011 2 411 329.271 219.2 238.651
17 -0.20892 -0.541831 2.74561 2 431.49 381.34 230.128 276.39
18 -0.215093 -0.836677 2.97748 2 434.013 424.166 231.474 307.43
19 -0.0871457 -0.845215 2.96769 1 463.658 426.083 247.284 308.819
20 -0.374942 0.256744 2.1322 2 362.7 220.112 193.44 159.534
21 -0.142692 -0.337779 2.22293 2 439.76 358.197 234.538 259.617
22 -0.272926 -0.28543 2.212 2 398.969 346.614 212.784 251.221
23 -0.225311 -0.0975238 2.61301 2 424.687 300.088 226.5 217.5
24 -0.229826 -0.0796015 2.5705 2 422.499 296.874 225.333 215.17
0
0
0.382254 -0.148955 0.897129 -0.163873
0.371377 -0.146963 0.901686 -0.165663
0.360111 -0.15115 0.897419 -0.205213
0 0 0 0
-0.258599 0.787736 -0.374538 0.415115
-0.0586537 0.888431 0.107156 0.442457
-0.347045 -0.489941 0.0429622 0.798544
-0.399274 -0.492502 0.106783 0.765911
0.228041 0.813287 0.486497 0.223345
0.197332 0.750586 0.035063 -0.629643
-0.271681 -0.378951 0.561154 0.68388
-0.265186 -0.380001 0.646873 0.605665
0.358012 -0.549855 0.634877 -0.407945
0.153856 0.920805 -0.0748583 -0.35049
0.158255 0.963486 -0.146418 -0.158784
0 0 0 0
0.259289 0.704453 0.660246 0.0242887
0.110572 0.342334 0.402647 0.841698
0.0242917 0.045063 0.326245 0.943898
0 0 0 0
0.360115 -0.147769 0.902453 -0.184553
0 0 0 0
0 0 0 0
0 0 0 0
0 0 0 0
