85440681
0 1.35322 0.41991 3.62144 2 743.021 222.057 396.278 160.944
1 1.34682 0.7006 3.48032 2 752.411 178.452 401.286 129.339
2 1.33548 0.974544 3.3295 2 762.138 131.834 406.474 95.5517
3 1.36188 1.1054 3.2631 2 773.103 108.514 412.322 78.6491
4 1.18157 0.888071 3.36904 2 727.257 146.65 387.87 106.29
5 1.14228 0.636165 3.48715 2 710.982 188.173 379.191 136.385
6 1.16311 0.38738 3.51111 1 713.396 224.98 380.478 163.062
7 1.18501 0.359576 3.53131 1 716.389 229.312 382.074 166.202
8 1.47808 0.836055 3.36004 2 788.995 154.247 420.797 111.796
9 1.53405 0.611023 3.49437 2 788.505 191.949 420.536 139.122
10 1.51293 0.381012 3.53963 1 780.476 226.262 416.254 163.991
11 1.49618 0.344459 3.56493 1 775.091 231.889 413.382 168.07
12 1.27682 0.422468 3.59264 2 730.267 221.24 389.476 160.352
13 1.21433 0.0977537 3.73283 2 709.123 267.873 378.199 194.151
14 1.23346 -0.218343 3.91713 2 701.866 309.595 374.329 224.39
15 1.19336 -0.309082 3.85156 2 698.372 322.075 372.465 233.436
16 1.40507 0.410777 3.58235 2 755.963 222.694 403.18 161.406
17 1.40887 0.0907022 3.75717 2 743.848 268.899 396.719 194.894
18 1.39951 -0.209552 3.92108 2 731.242 308.457 389.996 223.565
19 1.43836 -0.299546 3.81411 2 745.38 321.272 397.536 232.854
20 1.33922 0.907155 3.36914 2 759.694 143.771 405.17 104.203
21 1.20089 0.319228 3.55709 2 717.789 235.471 382.821 170.666
22 1.20453 0.368346 3.49473 2 722.752 227.476 385.468 164.872
23 1.48415 0.277925 3.56778 2 772.501 241.45 412 175
24 1.4537 0.347557 3.53133 2 769.497 230.976 410.398 167.408
0
0
-0.0568607 0.00304226 0.971285 -0.231003
-0.055992 0.00283565 0.971336 -0.231006
-0.0575789 -0.00909841 0.962891 -0.26352
0 0 0 0
0.15234 0.728276 -0.645526 0.172344
0.157337 0.861132 -0.164272 -0.454655
0.0271736 0.914363 0.0572977 0.399899
0.12518 0.835315 0.378428 0.378645
0.099749 0.824771 0.512403 -0.21736
0.197152 0.881255 0.203157 0.378481
0.0439358 0.754098 -0.097242 -0.648036
0.0801585 0.689766 -0.329955 -0.639474
-0.0266952 -0.641635 0.717596 -0.269533
-0.0702678 -0.66219 0.207415 0.716621
-0.165829 -0.530402 0.202838 0.806245
0 0 0 0
-0.0874469 0.657856 0.650162 -0.369956
0.181001 0.723053 0.168666 0.644968
0.159174 0.579582 0.18964 0.776392
0 0 0 0
-0.0561953 -0.00250577 0.967925 -0.244863
0 0 0 0
0 0 0 0
0 0 0 0
0 0 0 0
