85464023
0 -0.16171 -0.0378866 2.62489 2 441.631 288.508 235.536 209.106
1 -0.19995 0.219217 2.487 2 428.665 236.604 228.622 171.488
2 -0.236179 0.469399 2.33744 2 414.256 179.274 220.936 129.936
3 -0.206589 0.587859 2.3126 2 422.239 151.981 225.194 110.154
4 -0.291572 0.327967 2.29531 2 396.424 208.76 211.426 151.307
5 -0.266798 0.100308 2.29563 2 404.021 259.096 215.478 187.789
6 -0.160646 -0.0933221 2.39726 2 437.907 300.895 233.551 218.085
7 -0.120767 -0.174658 2.43224 2 449.831 317.527 239.91 230.14
8 -0.130558 0.374936 2.46285 2 447.461 204.088 238.646 147.92
9 -0.0591395 0.139676 2.49703 1 467.685 252.932 249.432 183.322
10 -0.0968783 -0.105323 2.48296 1 457.152 302.654 243.814 219.36
11 -0.109452 -0.177036 2.45491 2 453.315 317.68 241.768 230.25
12 -0.200893 -0.0661615 2.55917 2 430.009 294.284 229.338 213.293
13 -0.188888 -0.484426 2.76001 2 436.803 370.199 232.961 268.315
14 -0.205726 -0.808123 2.92669 2 435.367 421.659 232.196 305.613
15 -0.118717 -0.851213 2.88034 2 455.454 431.596 242.909 312.815
16 -0.118667 -0.00892094 2.62175 2 452.865 282.931 241.528 205.064
17 -0.0544129 -0.426032 2.97219 2 471.359 353.793 251.391 256.424
18 -0.081 -0.707597 3.11428 2 466.012 396.559 248.54 287.421
19 0.035675 -0.75293 3.07813 2 491.957 405.459 262.377 293.871
20 -0.227453 0.407937 2.37696 2 418.008 194.175 222.937 140.736
21 -0.0755414 -0.229879 2.46562 2 462.896 328.372 246.878 237.999
22 -0.112625 -0.223364 2.43125 2 452.11 327.687 241.125 237.503
23 -0.100118 -0.227559 2.44962 2 455.859 328.204 243.125 237.878
24 -0.128078 -0.155115 2.40078 2 447.293 313.885 238.556 227.499
1
1
0.349559 -0.150025 0.902608 -0.201495
0.348239 -0.149731 0.903118 -0.201714
0.346038 -0.158961 0.893234 -0.239002
0 0 0 0
-0.175953 0.789549 -0.404861 0.426311
-0.0223249 0.904399 0.0493623 0.423234
0.310506 0.794489 0.0728504 -0.516784
0.274618 0.801502 0.0760644 -0.525731
0.292193 0.768992 0.539579 0.179248
0.0381964 0.965657 0.157021 0.203452
-0.0421223 0.979257 -0.0696261 -0.185565
-0.194919 0.964952 -0.0494465 -0.16861
-0.251054 0.687061 -0.513481 0.448615
0.209325 0.896825 -0.0748511 -0.382472
0.217983 0.928803 -0.0918196 -0.285267
0 0 0 0
0.198803 0.449457 0.859719 -0.1391
0.0795987 0.376873 0.336863 0.859159
0.0881249 0.192658 0.217783 0.952726
0 0 0 0
0.346618 -0.153759 0.899112 -0.218657
0 0 0 0
0 0 0 0
0 0 0 0
0 0 0 0
