85433373
0 1.03751 0.176876 3.11793 2 714.354 252.308 380.989 182.869
1 1.02999 0.45731 2.99383 2 722.405 203.307 385.283 147.354
2 1.01919 0.730795 2.8591 2 731.251 150.731 390.001 109.248
3 0.975598 0.8514 2.79321 2 726.267 125.606 387.343 91.0372
4 0.938676 0.695459 3.032 2 698.57 164.206 372.571 119.015
5 0.916989 0.514002 3.16619 1 684.453 198.512 365.042 143.879
6 0.912451 0.219288 3.27142 2 676.766 247.113 360.942 179.104
7 0.904924 0.181626 3.30626 2 673.111 253.274 358.993 183.57
8 1.06267 0.586807 2.76836 2 750.252 173.005 400.134 125.392
9 0.907847 0.392162 2.77379 2 710.691 209.14 379.035 151.582
10 0.670986 0.385006 2.77469 2 651.079 210.647 347.242 152.674
11 0.59607 0.368207 2.80437 2 630.704 214.507 336.375 155.471
12 0.999299 0.191595 3.14425 2 703.919 250.178 375.423 181.325
13 1.03749 -0.10599 3.34051 2 698.832 297.364 372.71 215.525
14 1.13411 -0.397464 3.49749 2 708.513 339.121 377.874 245.79
15 1.08799 -0.48322 3.50081 2 699.154 351.542 372.882 254.793
16 1.0524 0.158997 3.02185 2 725.188 254.392 386.767 184.38
17 1.17686 -0.153089 3.14794 2 743.071 306.013 396.304 221.794
18 1.28462 -0.439772 3.32934 2 751.542 348.617 400.822 252.673
19 1.23784 -0.539145 3.3128 2 743.083 364.261 396.311 264.012
20 1.02261 0.663564 2.89482 2 728.982 164.215 388.79 119.021
21 0.905989 0.130929 3.3314 2 671.877 261.227 358.334 189.334
22 0.918746 0.179393 3.27448 2 677.909 253.344 361.551 183.62
23 0.537931 0.376834 2.81245 2 615.937 213.178 328.5 154.508
24 0.571856 0.406951 2.7778 2 626.103 206.775 333.922 149.868
1
2
-0.538373 0.10332 0.816851 -0.179537
-0.53648 0.102904 0.818096 -0.179776
-0.531135 0.112925 0.811774 -0.214864
0 0 0 0
-0.447175 -0.583363 0.630322 0.249832
0.220199 0.761308 -0.226589 -0.566198
0.14839 0.834343 0.0845292 0.524125
0.347461 0.785487 0.127063 0.496121
-0.270131 0.666553 0.420265 -0.553276
0.012518 0.944038 -0.329587 0.00275239
-0.430944 0.562052 -0.546981 -0.446314
0.275133 -0.524501 0.56768 0.571787
-0.371628 -0.586039 0.716286 0.0733887
-0.111132 -0.189048 0.269491 0.937702
-0.194858 -0.213467 0.198611 0.936491
0 0 0 0
-0.400604 0.567048 0.499082 -0.518546
0.151678 0.955163 0.205361 0.149949
0.198025 0.893471 0.241034 0.323108
0 0 0 0
-0.533203 0.107471 0.816224 -0.194737
0 0 0 0
0 0 0 0
0 0 0 0
0 0 0 0
