85478097
0 -0.00360525 -0.03117 2.61821 2 483.011 287.227 257.606 208.178
1 -0.048818 0.230927 2.50933 2 470.584 234.664 250.978 170.081
2 -0.093391 0.485679 2.38853 2 457.001 178.056 243.734 129.052
3 -0.0208572 0.593941 2.38206 2 477.911 154.538 254.886 112.007
4 -0.157954 0.338553 2.3384 2 437.455 207.869 233.309 150.66
5 -0.162743 0.10606 2.33973 2 436.155 258.287 232.616 187.203
6 -0.0603237 -0.0972496 2.41229 2 466.779 301.588 248.949 218.587
7 -0.0102006 -0.161083 2.4479 2 481.094 314.48 256.583 227.931
8 0.0286295 0.426721 2.63945 2 491.424 199.307 262.093 144.455
9 0.150121 0.28094 2.74323 2 521.589 229.388 278.181 166.257
10 0.328608 0.178595 2.76223 2 565.802 248.479 301.761 180.094
11 0.390248 0.144917 2.7684 2 580.975 254.7 309.854 184.603
12 -0.034263 -0.0572357 2.52983 2 474.655 292.645 253.149 212.105
13 -0.0475412 -0.496219 2.69147 2 471.787 374.677 251.62 271.561
14 -0.107502 -0.846787 2.81362 2 457.53 434.386 244.016 314.837
15 -0.00891423 -0.871821 2.79981 2 481.754 439.734 256.935 318.713
16 0.0279809 -0.00471239 2.64088 2 491.233 282.113 261.991 204.471
17 0.015443 -0.427062 2.66734 1 487.942 362.319 260.236 262.604
18 -0.1366 -0.734742 2.92362 1 451.692 408.912 240.903 296.374
19 -0.0448912 -0.80562 2.84459 2 473.049 425.259 252.293 308.222
20 -0.0824263 0.423116 2.42088 2 460.505 192.625 245.602 139.612
21 0.028511 -0.21989 2.47873 2 491.862 326.077 262.327 236.336
22 -0.00836805 -0.118979 2.45471 2 481.615 305.711 256.861 221.575
23 0.443349 0.106128 2.7704 2 594.141 261.802 316.875 189.751
24 0.370546 0.123795 2.759 2 576.37 258.492 307.397 187.351
1
2
0.497884 -0.167889 0.841491 -0.125764
0.473657 -0.16423 0.855363 -0.130506
0.447197 -0.178494 0.85958 -0.171102
0 0 0 0
-0.14873 0.790387 -0.419902 0.420535
0.00573711 0.956719 -0.00902015 0.290818
-0.185255 0.199317 0.20057 0.94113
-0.251549 0.198201 0.276795 0.905993
0.411744 0.621162 0.581221 0.326813
-0.210637 0.283424 0.344436 0.869866
-0.471604 -0.382029 -0.173 0.775703
-0.478966 -0.3786 -0.178263 0.771671
-0.358631 0.656312 -0.487003 0.451073
0.167553 0.958538 -0.0539717 -0.224093
0.157192 0.978854 -0.0957765 -0.0892344
0 0 0 0
0.3582 0.457845 0.808067 0.0953856
0.0282736 0.491349 0.0199416 0.870275
0.296469 0.3398 0.230089 0.862381
0 0 0 0
0.448184 -0.169052 0.864703 -0.151133
0 0 0 0
0 0 0 0
0 0 0 0
0 0 0 0
