85458311
0 -0.0476673 0.0683053 2.83561 2 472.411 269.036 251.953 194.994
1 -0.00572559 0.333243 2.7342 2 482.516 219.529 257.342 159.112
2 0.0304168 0.593759 2.62199 2 491.96 166.254 262.378 120.499
3 0.104634 0.703359 2.60004 2 511.764 143.666 272.941 104.127
4 -0.0851224 0.472141 2.55431 2 460.996 187.497 245.864 135.895
5 -0.136349 0.243239 2.54349 2 447.098 232.826 238.452 168.749
6 -0.046898 0.026245 2.61274 2 471.629 276.134 251.535 200.138
7 -0.0286001 -0.0309594 2.66029 2 476.573 287.092 254.172 208.08
8 0.154409 0.490309 2.80294 2 521.907 192.535 278.35 139.547
9 0.283651 0.367458 2.84373 2 552.631 215.746 294.737 156.37
10 0.456723 0.314309 2.79551 2 596.561 224.188 318.166 162.489
11 0.469606 0.351896 2.78094 2 600.391 217.008 320.209 157.285
12 -0.0896928 0.0599394 2.74653 2 461.526 270.18 246.147 195.823
13 -0.134699 -0.371161 2.92646 2 452.291 345.418 241.222 250.354
14 -0.147354 -0.727291 3.07864 2 450.921 401.192 240.491 290.779
15 -0.0613864 -0.788162 3.02371 2 469.935 413.689 250.632 299.836
16 -0.0045205 0.0751704 2.85624 2 482.87 267.91 257.53 194.177
17 0.00518125 -0.31586 3.1385 2 485.092 332.121 258.715 240.717
18 0.000571738 -0.636523 3.29157 2 484.076 379.271 258.174 274.89
19 0.109674 -0.676581 3.26495 2 507.117 386.348 270.462 280.02
20 0.0222099 0.529547 2.65207 2 489.729 179.938 261.189 130.417
21 0.0236165 -0.0830789 2.69267 2 489.981 296.804 261.323 215.12
22 -0.0766378 -0.0374577 2.68527 2 464.354 288.261 247.656 208.927
23 0.486585 0.347311 2.75805 2 605.625 217.307 323 157.501
24 0.46356 0.360866 2.7637 2 599.615 214.958 319.795 155.798
3
3
0.432095 -0.0124842 0.880476 -0.194682
0.402773 -0.00604623 0.894269 -0.194988
0.365638 -0.02641 0.90339 -0.222483
0 0 0 0
-0.109582 0.708181 -0.551484 0.427009
0.00639202 0.958969 -0.112012 0.260365
-0.234785 -0.461211 0.0388562 0.854781
-0.278423 -0.473463 0.221562 0.805744
0.366613 0.750508 0.519243 0.180887
-0.320752 0.314947 0.247615 0.858262
-0.59655 0.152597 -0.0478921 0.786479
0.858792 -0.229846 -0.454483 -0.0556028
0.273042 -0.556292 0.618976 -0.482551
0.16878 0.925098 -0.110524 -0.321699
0.182572 0.92004 -0.0844731 -0.33624
0 0 0 0
0.307442 0.654709 0.690305 0.0177572
0.0976588 0.332829 0.291765 0.891381
0.0458464 0.173567 0.216135 0.959718
0 0 0 0
0.369902 -0.0123597 0.905814 -0.206207
0 0 0 0
0 0 0 0
0 0 0 0
0 0 0 0
