85440318
0 1.29009 0.372987 3.54707 2 736.048 227.579 392.559 164.946
1 1.27563 0.661446 3.41648 2 742.936 182.396 396.232 132.198
2 1.25668 0.942897 3.27589 2 750.065 134.289 400.035 97.3307
3 1.27069 1.07774 3.20983 2 758.378 109.94 404.468 79.6831
4 1.11385 0.839104 3.32766 2 716.122 152.512 381.932 110.538
5 1.05921 0.574288 3.46998 2 695.366 196.866 370.862 142.685
6 1.03705 0.356034 3.54945 1 686.077 230.15 365.908 166.809
7 1.05944 0.316565 3.53537 1 691.287 235.624 368.686 170.777
8 1.41884 0.820244 3.28333 2 783.646 153.723 417.944 111.416
9 1.46872 0.548261 3.40201 2 783.466 198.94 417.849 144.189
10 1.46312 0.317216 3.44469 2 778.607 234.203 415.257 169.747
11 1.444 0.302885 3.46147 2 773.325 236.547 412.44 171.446
12 1.2118 0.374028 3.51721 2 722.659 226.996 385.418 164.523
13 1.18247 0.0217299 3.63493 2 709.114 278.166 378.194 201.611
14 1.22209 -0.287378 3.72734 2 710.967 320.492 379.182 232.288
15 1.19629 -0.390869 3.6582 2 710.421 335.659 378.891 243.281
16 1.34328 0.364768 3.5079 2 749.47 228.156 399.717 165.364
17 1.38287 0.0697475 3.70908 2 742.344 271.621 395.917 196.867
18 1.39338 -0.248878 3.90208 2 731.369 313.729 390.063 227.386
19 1.44382 -0.317217 3.79043 2 748.037 323.905 398.953 234.762
20 1.26225 0.873659 3.31302 2 748.275 146.59 399.08 106.246
21 1.07653 0.269579 3.55029 2 693.746 242.553 369.998 175.799
22 1.05923 0.331837 3.48662 2 694.182 232.748 370.23 168.693
23 1.45063 0.237863 3.48379 2 772.778 246.362 412.148 178.56
24 1.40608 0.314781 3.44745 2 766.847 234.609 408.985 170.041
1
1
-0.0504112 -0.0124308 0.975951 -0.211718
-0.063367 -0.00961817 0.975195 -0.211864
-0.0780022 -0.0167942 0.966163 -0.245282
0 0 0 0
0.161218 0.772392 -0.600948 0.127594
0.167143 0.84774 -0.196814 -0.463319
0.176598 0.980114 -0.0332758 0.0841607
-0.19162 0.944867 0.218795 0.150454
0.0659031 0.775362 0.580319 -0.240211
0.14896 0.888486 0.160872 0.403143
-0.038703 -0.533045 0.0834146 0.841075
-0.0823976 0.547267 -0.497814 -0.66775
-0.00754345 -0.653861 0.711446 -0.257398
-0.0789229 -0.667015 0.144975 0.726529
-0.132213 -0.557814 0.0839258 0.815058
0 0 0 0
-0.0886239 0.657553 0.656055 -0.359668
0.181038 0.713456 0.238013 0.633684
0.141003 0.548203 0.229399 0.791813
0 0 0 0
-0.077227 -0.0111466 0.970952 -0.226196
0 0 0 0
0 0 0 0
0 0 0 0
0 0 0 0
