85475986
0 -0.242735 -0.132149 2.44426 2 415.67 308.567 221.691 223.645
1 -0.264995 0.152371 2.34272 2 406.146 248.288 216.611 179.956
2 -0.283708 0.427542 2.23248 2 396.278 183.983 211.348 133.348
3 -0.243881 0.536842 2.2311 2 408.451 158.908 217.84 115.174
4 -0.318744 0.274918 2.1589 2 382.209 216.634 203.845 157.014
5 -0.293473 0.0299893 2.159 2 390.436 274.179 208.233 198.721
6 -0.190301 -0.171073 2.25625 2 425.959 319.576 227.178 231.624
7 -0.151823 -0.224274 2.31868 2 438.929 330.156 234.095 239.293
8 -0.196463 0.321107 2.36259 1 426.711 212.361 227.579 153.916
9 -0.314561 0.178186 2.19758 1 385.402 240.131 205.548 174.043
10 -0.227161 0.101506 2.40772 2 419.094 259.883 223.517 188.36
11 -0.14996 0.0513875 2.34096 2 439.943 270.112 234.636 195.774
12 -0.272286 -0.128191 2.3709 2 404.962 308.577 215.98 223.653
13 -0.0859483 -0.443382 2.55134 2 460.754 369.29 245.735 267.656
14 -0.162576 -0.78869 2.79315 2 443.719 424.851 236.65 307.926
15 -0.0479072 -0.834266 2.78988 2 472.081 433.386 251.777 314.113
16 -0.206899 -0.142753 2.45665 2 426.058 310.607 227.231 225.123
17 -0.190899 -0.539184 2.6413 2 434.114 384.803 231.527 278.9
18 -0.343911 -0.858918 2.84046 2 400.154 435.221 213.416 315.442
19 -0.211908 -0.859749 2.80438 2 431.672 437.305 230.225 316.953
20 -0.279632 0.359962 2.26197 2 398.744 200.494 212.663 145.315
21 -0.112519 -0.281887 2.35647 2 451.111 341.76 240.593 247.703
22 -0.216237 -0.241278 2.3367 2 420.286 333.488 224.153 241.708
23 -0.136274 0.00527672 2.36521 2 444.375 280.083 237 203
24 -0.135628 -0.00117121 2.354 2 444.375 281.462 237 204
0
1
0.39417 -0.102326 0.902368 -0.141037
0.420957 -0.106495 0.890187 -0.137917
0.44803 -0.11849 0.869968 -0.168477
0 0 0 0
-0.26911 0.764149 -0.349541 0.470614
-0.0214567 0.905702 0.0466884 0.420789
-0.29644 -0.505458 0.0591409 0.808169
-0.412837 -0.494025 0.189651 0.741308
0.293668 0.748391 0.520696 0.287306
0.433642 -0.505764 -0.155047 0.729464
0.582054 0.769386 0.0396794 -0.260163
-0.295971 -0.221248 -0.438197 0.819411
0.371091 -0.548605 0.622322 -0.417181
0.265784 0.932453 0.208046 -0.128868
0.287267 0.946377 -0.120481 -0.0856322
0 0 0 0
0.19661 0.796654 0.571563 0.00136452
0.0606252 0.352708 0.208286 0.910241
0.218126 0.0714566 0.243352 0.942388
0 0 0 0
0.44876 -0.113804 0.873841 -0.148542
0 0 0 0
0 0 0 0
0 0 0 0
0 0 0 0
