787979
0 -0.281757 -0.179423 2.35243 2 401.542 319.83 214.156 231.808
1 -0.327352 0.0770192 2.23227 2 383.028 263.737 204.282 191.153
2 -0.369968 0.327035 2.10037 2 362.406 202.147 193.283 146.514
3 -0.328344 0.460539 2.0617 2 373.911 167.631 199.419 121.497
4 -0.444876 0.179609 2.05152 2 334.321 236.756 178.305 171.598
5 -0.467776 -0.0754502 2.04318 2 325.987 299.96 173.86 217.407
6 -0.435143 -0.305626 2.05189 2 337.495 356.906 179.997 258.681
7 -0.394786 -0.385258 2.04749 2 350.746 376.868 187.065 273.149
8 -0.241028 0.30583 2.30767 2 412.034 214.058 219.752 155.146
9 -0.0789282 0.262304 2.4549 2 461.849 227.148 246.32 164.634
10 -0.0828516 0.436592 2.23377 2 458.392 182.083 244.476 131.971
11 -0.07389 0.471377 2.19597 2 460.751 172.278 245.734 124.864
12 -0.308314 -0.191899 2.27522 2 390.669 323.937 208.357 234.785
13 -0.390579 -0.571954 2.46999 2 374.668 398.975 199.823 289.172
14 -0.444034 -0.924874 2.68218 2 369.201 457.096 196.907 331.297
15 -0.395136 -0.991232 2.61499 2 379.166 474.648 202.222 344.019
16 -0.24676 -0.161783 2.36127 2 412.078 315.888 219.775 228.951
17 -0.113903 -0.532665 2.55355 2 453.198 387.056 241.706 280.533
18 -0.0553006 -0.860691 2.72815 2 469.931 441.845 250.63 320.243
19 0.03445 -0.922016 2.67503 2 492.875 456.857 262.867 331.124
20 -0.359871 0.265543 2.13547 2 367.766 218.123 196.142 158.092
21 -0.357796 -0.465443 2.06056 2 363.93 396.104 194.096 287.091
22 -0.418818 -0.392492 2.04424 2 342.357 378.857 182.591 274.59
23 -0.0917321 0.528133 2.14132 2 454.38 155.907 242.336 112.999
24 -0.0648905 0.507887 2.19033 2 463.514 163.473 247.207 118.483
0
0
0.444331 -0.170932 0.865781 -0.154193
0.432523 -0.168821 0.87174 -0.156502
0.420803 -0.176892 0.867655 -0.196998
0 0 0 0
-0.127908 0.783127 -0.437816 0.422692
-0.00951855 0.987998 -0.0466463 0.14695
-0.0704072 -0.492941 -0.0184426 0.867013
-0.186969 -0.494847 -0.139962 0.837006
0.402688 0.582136 0.657559 0.258025
-0.444818 0.0436131 0.452396 0.771733
0.895919 -0.435294 0.0824882 -0.032302
0.91167 -0.391398 0.0488614 -0.11523
-0.391481 0.6283 -0.520784 0.425165
0.198767 0.93595 -0.153474 -0.24685
0.19873 0.838227 -0.188574 -0.47151
0 0 0 0
0.260526 0.528471 0.80726 -0.034301
-0.0769388 0.305542 0.266581 0.910856
0.0157099 0.364202 0.252526 0.896293
0 0 0 0
0.420859 -0.171588 0.873224 -0.175826
0 0 0 0
0 0 0 0
0 0 0 0
0 0 0 0
