795237
0 0.803747 -0.0852497 2.88629 2 676.414 296.232 360.754 214.705
1 0.809472 0.184201 2.73263 2 688.846 246.902 367.384 178.952
2 0.808289 0.446959 2.57118 2 701.749 192.59 374.266 139.587
3 0.770608 0.562766 2.53404 2 694.727 167.946 370.521 121.725
4 0.707789 0.396459 2.71248 2 664.412 206.831 354.353 149.909
5 0.706924 0.208188 2.87032 2 654.037 244.353 348.82 177.104
6 0.701698 -0.012798 2.924 1 649.585 283.434 346.445 205.429
7 0.701175 -0.0644053 2.93147 1 649.041 292.369 346.155 211.905
8 0.907321 0.330521 2.52953 2 732.59 214.563 390.714 155.512
9 0.945121 0.0967953 2.56523 2 739.279 261.969 394.282 189.872
10 0.870671 -0.099589 2.61677 2 714.316 300.6 380.968 217.87
11 0.830243 -0.156496 2.62911 2 702.499 311.523 374.666 225.788
12 0.743756 -0.0702591 2.8867 2 661.895 293.58 353.011 212.783
13 0.816653 -0.31374 3.03285 2 670.107 333.835 357.391 241.959
14 0.860815 -0.559201 3.17482 2 671.61 370.913 358.192 268.833
15 0.815196 -0.641204 3.16968 2 661.975 384.246 353.053 278.496
16 0.843456 -0.0986271 2.81564 2 691.139 299.038 368.607 216.738
17 0.935989 -0.369037 2.90675 2 706.964 345.911 377.048 250.712
18 0.961917 -0.598699 3.09914 2 699.024 379.71 372.813 275.209
19 0.905255 -0.664428 3.08082 2 687.553 391.171 366.695 283.515
20 0.810033 0.382271 2.61279 2 698.648 206.657 372.612 149.782
21 0.716778 -0.137011 2.93604 2 652.5 304.917 348 221
22 0.677202 -0.0553386 2.94984 2 642.351 290.735 342.587 210.721
23 0.810095 -0.216696 2.66702 2 694.12 322.578 370.197 233.8
24 0.815627 -0.115682 2.6704 2 695.247 303.262 370.798 219.8
1
0
-0.306079 0.0901896 0.91683 -0.240007
-0.329863 0.0964123 0.908544 -0.237576
-0.356574 0.0938114 0.890644 -0.266096
0 0 0 0
0.407261 0.659029 -0.619333 -0.127458
-0.235045 -0.64994 0.248183 0.678776
-0.00515385 -0.138766 0.119296 0.9831
-0.00504408 -0.13917 0.0718142 0.987648
-0.0885751 0.707334 0.552093 -0.432466
0.0829472 0.988463 0.0710508 -0.104937
0.160552 -0.115606 0.142009 0.969893
0.284668 -0.132122 0.132571 0.940177
-0.20656 -0.595029 0.76062 -0.157259
-0.224489 -0.388206 0.185387 0.874375
-0.157094 -0.304965 0.218312 0.913596
0 0 0 0
-0.267826 0.615254 0.588932 -0.450433
0.0787353 0.892254 0.207557 0.393196
0.302338 0.878281 0.163505 0.332387
0 0 0 0
-0.354892 0.100172 0.895458 -0.249344
0 0 0 0
0 0 0 0
0 0 0 0
0 0 0 0
