305055
0 1.23816 0.443248 3.80102 2 709.552 221.783 378.428 160.745
1 1.2184 0.719253 3.67529 2 713.765 181.384 380.675 131.465
2 1.19488 0.988218 3.5387 2 718.2 138.655 383.04 100.496
3 1.1742 1.1252 3.48071 2 717.989 116.185 382.927 84.2095
4 1.05743 0.925943 3.65749 2 684.372 152.073 364.999 110.221
5 1.02299 0.703078 3.79782 2 670.402 186.92 357.548 135.477
6 1.01117 0.470247 3.85132 2 665.47 219.095 354.917 158.797
7 1.01958 0.41616 3.85159 2 666.944 226.25 355.704 163.983
8 1.31682 0.870814 3.49332 2 745.471 153.953 397.585 111.583
9 1.37364 0.609724 3.56716 2 751.055 193.97 400.563 140.587
10 1.37053 0.374908 3.61347 2 746.923 228.278 398.359 165.453
11 1.35305 0.345704 3.64533 2 741.25 232.837 395.333 168.757
12 1.16447 0.443931 3.79432 2 696.392 221.616 371.409 160.625
13 1.20747 0.188363 3.91958 2 697.087 256.745 371.78 186.085
14 1.3017 -0.140679 4.09594 2 703.881 298.7 375.403 216.494
15 1.20733 -0.232773 4.00621 2 692.422 310.786 369.292 225.253
16 1.28862 0.434259 3.73641 2 722.92 221.953 385.557 160.869
17 1.35915 0.142116 3.78533 2 732.723 262.07 390.786 189.945
18 1.40668 -0.184489 3.95268 2 730.509 305.005 389.605 221.063
19 1.43202 -0.274296 3.824 2 743.533 317.798 396.551 230.335
20 1.20149 0.922096 3.57496 2 717.077 149.559 382.441 108.398
21 1.02369 0.374564 3.85497 2 667.501 231.792 356 168
22 0.995377 0.405032 3.84617 2 662.813 227.656 353.5 165.002
23 1.35388 0.280715 3.67735 2 739.126 242.279 394.201 175.6
24 1.31744 0.356988 3.63381 2 735.232 231.108 392.123 167.504
1
1
-0.213186 0.0137405 0.953204 -0.213926
-0.250579 0.0221592 0.944064 -0.213219
-0.287098 0.0303539 0.924292 -0.249674
0 0 0 0
0.325459 0.698067 -0.636915 -0.0334414
0.176796 0.759186 -0.221825 -0.585811
-0.0229566 -0.403203 0.112993 0.907818
-0.0714402 -0.403999 -0.028964 0.911506
-0.0635122 0.716626 0.570433 -0.396257
0.116388 0.97215 0.12466 0.160739
-0.0540322 -0.606268 0.0810663 0.789271
-0.0707042 -0.557122 0.426358 0.709108
-0.116391 -0.68102 0.700763 -0.177751
-0.183434 -0.512399 0.14973 0.825458
-0.211289 -0.383556 0.167535 0.883275
0 0 0 0
-0.192735 0.608299 0.639027 -0.429501
0.00746884 0.841803 0.142195 0.520665
0.105967 0.646568 0.217874 0.723361
0 0 0 0
-0.288085 0.0306751 0.929482 -0.22832
0 0 0 0
0 0 0 0
0 0 0 0
0 0 0 0
