284187
0 0.16838 0.13565 3.06045 2 521.76 258.8 278.272 187.575
1 0.152766 0.427381 2.93363 2 519.801 207.421 277.227 150.336
2 0.13611 0.711138 2.79527 2 517.585 151.921 276.046 110.11
3 0.199932 0.819526 2.80129 2 533.318 132.325 284.436 95.9072
4 0.0755194 0.548719 2.73265 2 503.007 179.357 268.27 129.996
5 0.0963268 0.285803 2.76593 2 507.902 228.931 270.881 165.926
6 0.181103 0.0598572 2.85651 2 527.517 270.616 281.342 196.139
7 0.181806 0.0215289 2.88868 2 527.197 277.443 281.172 201.087
8 0.22928 0.585899 2.9779 1 537.045 181.384 286.424 131.465
9 0.263816 0.390889 3.13891 1 541.802 218.143 288.961 158.107
10 0.266738 0.17989 3.26752 1 540.073 253.362 288.039 183.633
11 0.270082 0.13649 3.22248 1 541.566 259.787 288.835 188.29
12 0.13058 0.132395 2.97163 2 514.146 258.687 274.211 187.493
13 0.100489 -0.238179 3.18208 2 505.659 319.061 269.685 231.251
14 0.0385599 -0.579351 3.32134 2 491.953 369.613 262.375 267.891
15 0.102663 -0.653406 3.27625 2 505.556 382.37 269.63 277.137
16 0.202311 0.13542 3.07752 2 529.131 258.96 282.203 187.691
17 0.241957 -0.197803 3.3668 2 533.353 310.926 284.455 225.355
18 0.227213 -0.487912 3.5216 2 528.365 351.383 281.795 254.677
19 0.316864 -0.518763 3.52793 2 545.81 355.727 291.099 257.826
20 0.140402 0.641426 2.83199 2 518.164 166.214 276.354 120.47
21 0.214438 -0.0252895 2.91184 2 534.56 285.602 285.099 207.001
22 0.140749 0.0208697 2.91281 2 517.149 277.589 275.813 201.193
23 0.268156 0.0944807 3.27071 1 540.305 266.602 288.163 193.229
24 0.264994 0.108993 3.24558 1 540.073 264.227 288.039 191.508
3
0
0.431624 -0.112179 0.878462 -0.171524
0.433293 -0.112505 0.87764 -0.17131
0.431241 -0.131652 0.869345 -0.202332
0 0 0 0
-0.193705 0.773454 -0.393225 0.457843
0.044195 0.928965 0.0593843 0.36269
-0.232306 -0.426674 0.0880551 0.869614
-0.178518 -0.472681 0.291864 0.812108
0.347662 0.748053 0.473903 0.308162
0.280062 0.862755 0.198864 0.371042
-0.0215873 -0.0550627 0.269487 0.961186
-0.0129327 -0.0378128 -0.391635 0.919253
0.336532 -0.566597 0.60819 -0.442514
0.23102 0.918626 -0.113709 -0.299712
0.147118 0.912128 -0.147771 -0.352906
0 0 0 0
0.280188 0.708083 0.646885 0.0406554
0.0712375 0.312096 0.344777 0.882412
0.0335899 0.042085 0.241216 0.968977
0 0 0 0
0.433473 -0.121555 0.873585 -0.184866
0 0 0 0
0 0 0 0
0 0 0 0
0 0 0 0
