270412
0 0.17547 0.133074 3.09978 2 522.852 259.505 278.854 188.086
1 0.170828 0.424986 2.96334 2 523.637 208.571 279.273 151.169
2 0.166447 0.709049 2.81646 2 524.771 153.273 279.878 111.09
3 0.246369 0.808103 2.82838 2 544.195 135.818 290.237 98.4389
4 0.0806828 0.559253 2.75244 2 504.165 178.139 268.888 129.113
5 0.0651559 0.302752 2.79633 1 499.978 226.431 266.655 164.114
6 0.126695 0.0934078 2.89194 1 514.053 264.883 274.161 191.984
7 0.150028 0.0354689 2.93768 1 519.039 275.108 276.821 199.394
8 0.242606 0.588895 2.96392 1 540.402 180.389 288.214 130.743
9 0.280417 0.566618 3.13938 1 545.526 189.665 290.947 137.467
10 0.443431 0.453717 3.13987 1 581.304 207.916 310.029 150.694
11 0.464716 0.440866 3.14925 1 585.678 210.201 312.362 152.351
12 0.130611 0.127015 3.01932 2 513.676 259.944 273.96 188.404
13 0.124889 -0.249528 3.19861 2 510.791 320.664 272.422 232.413
14 0.051112 -0.580544 3.34776 2 494.471 369.094 263.718 267.514
15 0.102248 -0.653602 3.29231 2 505.363 381.904 269.527 276.799
16 0.216479 0.136409 3.11074 2 531.781 259.035 283.617 187.745
17 0.266872 -0.19702 3.40979 2 537.757 310.438 286.804 225.001
18 0.226096 -0.495817 3.53757 2 527.949 352.2 281.573 255.27
19 0.309754 -0.526852 3.54683 2 544.1 356.486 290.187 258.376
20 0.167597 0.639248 2.85523 2 524.457 167.539 279.711 121.43
21 0.170497 -0.0227861 2.97298 2 523.355 285.085 279.123 206.626
22 0.181096 0.0409195 2.91283 2 526.671 274.109 280.891 198.67
23 0.511709 0.405788 3.16664 1 595.359 216.204 317.525 156.702
24 0.472467 0.472266 3.05864 1 590.491 202.851 314.928 147.024
1
0
0.369671 -0.0889494 0.903472 -0.197911
0.378834 -0.0909562 0.899669 -0.196997
0.385317 -0.106642 0.888025 -0.227091
0 0 0 0
-0.167482 0.75281 -0.465308 0.434414
0.0896568 0.9401 -0.000311059 0.328897
0.0895572 0.785089 0.22935 0.568343
0.158796 0.752741 0.317177 0.554583
0.340833 0.781085 0.453544 0.260837
0.125897 0.294277 0.65005 0.689192
-0.115999 0.857023 0.449292 0.224036
0.0376645 0.811759 0.506728 0.287846
0.276392 -0.582897 0.625132 -0.439372
0.200792 0.900747 -0.0910386 -0.374232
0.142061 0.876814 -0.181898 -0.421815
0 0 0 0
0.244414 0.676778 0.692408 -0.0529522
0.0893779 0.378042 0.349458 0.852628
0.0653409 0.00824809 0.198958 0.977793
0 0 0 0
0.387471 -0.0985646 0.892308 -0.209612
0 0 0 0
0 0 0 0
0 0 0 0
0 0 0 0
