281164
0 1.06588 0.311998 3.59607 2 689.002 237.045 367.467 171.807
1 1.01191 0.567362 3.40971 2 689.455 196.426 367.709 142.367
2 0.954192 0.815629 3.21016 2 690.033 151.59 368.018 109.87
3 0.896576 0.925344 3.18982 2 678.869 133.182 362.064 96.5288
4 0.909332 0.760178 3.36344 1 671.227 166.011 357.988 120.322
5 0.895484 0.591837 3.52085 1 659.88 195.653 351.936 141.807
6 0.941273 0.409693 3.68832 1 660.324 224.724 352.173 162.877
7 0.957541 0.349668 3.74809 1 660.472 233.779 352.252 169.44
8 1.01511 0.721411 3.16729 2 706.167 165.007 376.622 119.595
9 0.857166 0.454932 3.2195 2 668.093 209.297 356.316 151.696
10 0.611093 0.327719 3.26732 2 612.922 230.318 326.892 166.931
11 0.548934 0.335278 3.27836 2 599.354 229.346 319.655 166.227
12 1.01816 0.308353 3.55054 2 682.274 237.015 363.88 171.785
13 1.05275 0.193843 3.73495 1 678.802 254.811 362.028 184.683
14 1.24844 -0.107771 3.9133 2 704.731 295.235 375.857 213.982
15 1.27983 -0.238001 3.88191 2 712.216 312.446 379.848 226.457
16 1.09211 0.308061 3.56554 2 695.909 237.216 371.151 171.931
17 1.1168 0.0103309 3.59645 2 698.786 279.748 372.686 202.758
18 1.15726 -0.285157 3.76045 2 696.904 319.822 371.682 231.803
19 1.0686 -0.358504 3.76305 2 680.343 329.693 362.85 238.957
20 0.969305 0.754678 3.26237 2 689.886 163.231 367.939 118.308
21 0.960368 0.339611 3.74861 1 660.968 235.15 352.516 170.433
22 0.951837 0.350224 3.72203 1 660.653 233.37 352.348 169.143
23 0.493148 0.310466 3.29987 2 586.888 233.526 313.007 169.257
24 0.510946 0.363408 3.2404 2 592.617 224.341 316.062 162.599
0
0
0.0512875 -0.105249 0.946305 -0.301328
-0.191546 -0.0249892 0.928135 -0.318201
-0.450948 0.0783415 0.818431 -0.347389
0 0 0 0
0.503223 0.666098 -0.51975 -0.181494
0.366436 0.929801 -0.0342027 -0.00494207
0.348828 0.756307 -0.128044 -0.538445
0.36595 0.750287 -0.134707 -0.533857
-0.207777 0.582963 0.553631 -0.557204
0.0731328 0.960096 -0.265539 -0.0485436
-0.136842 0.764929 -0.504978 -0.375706
0.256022 -0.574317 0.702776 0.332744
0.130257 -0.611025 0.674868 -0.392728
-0.0369818 0.0955232 0.488015 0.866804
-0.349611 -0.537226 0.0448474 0.766257
0 0 0 0
-0.102122 0.562529 0.663998 -0.481911
0.00556941 0.686408 0.0657535 0.724217
0.237105 0.95535 0.0985111 0.146229
0 0 0 0
-0.454708 0.0742021 0.824681 -0.328079
0 0 0 0
0 0 0 0
0 0 0 0
0 0 0 0
