285008
0 1.32964 0.4332 3.78156 2 727.617 222.795 388.063 161.479
1 1.30648 0.716076 3.65694 2 731.714 181.286 390.248 131.394
2 1.28174 0.991794 3.52113 2 736.494 137.418 392.797 99.5988
3 1.24819 1.12699 3.48709 2 732.254 116.243 390.535 84.2515
4 1.15616 0.917858 3.67293 2 702.234 153.697 374.525 111.398
5 1.14679 0.683452 3.79978 2 693.003 189.535 369.602 137.372
6 1.10952 0.444532 3.80616 2 685.649 221.748 365.679 160.72
7 1.13442 0.402262 3.81619 2 689.642 227.541 367.809 164.919
8 1.39199 0.869667 3.46872 2 762.346 153.226 406.585 111.056
9 1.45103 0.593337 3.54405 2 767.992 195.746 409.596 141.874
10 1.45151 0.359695 3.59459 2 764.025 230.14 407.48 166.803
11 1.43566 0.341383 3.61245 2 759.569 232.985 405.104 168.864
12 1.26185 0.432821 3.78133 2 715.108 222.868 381.391 161.532
13 1.28006 0.18065 3.91048 2 710.558 257.679 378.964 186.762
14 1.35823 -0.180059 4.05604 2 715.816 303.829 381.769 220.211
15 1.24674 -0.256211 3.96803 2 701.394 314.092 374.077 227.649
16 1.37267 0.425737 3.71131 2 740.361 222.693 394.859 161.405
17 1.42285 0.128343 3.75418 2 746.664 263.774 398.221 191.18
18 1.48657 -0.204937 3.90545 2 747.817 307.978 398.836 223.218
19 1.5049 -0.296773 3.77588 2 760.349 321.319 405.519 232.887
20 1.28854 0.924048 3.55725 2 735.252 148.603 392.134 107.705
21 1.16146 0.347931 3.79717 2 695.625 234.552 371 170
22 1.11178 0.391422 3.80208 2 686.25 228.803 366 165.833
23 1.43543 0.283542 3.63883 2 757.501 241.45 404 175
24 1.40198 0.351165 3.59728 2 754.209 231.399 402.245 167.715
0
1
-0.266654 0.0192936 0.940841 -0.208188
-0.306358 0.028115 0.928671 -0.207181
-0.34391 0.0432427 0.906197 -0.242206
0 0 0 0
0.363708 0.709427 -0.591712 -0.119613
-0.135199 -0.590856 0.205545 0.76835
0.0641872 -0.426206 0.0450029 0.901223
-0.276201 -0.484255 -0.0405027 0.829198
-0.0955864 0.711573 0.552647 -0.423211
0.117849 0.97948 0.116818 0.114383
-0.0602525 -0.555749 0.0876011 0.824524
-0.0242538 0.557605 -0.441705 -0.702414
0.143774 0.693694 -0.690316 0.14691
-0.14343 -0.475875 0.187926 0.847145
-0.160339 -0.343081 0.140389 0.91481
0 0 0 0
-0.239855 0.584344 0.630365 -0.451278
0.021863 0.870022 0.10675 0.480821
0.0807882 0.672933 0.211961 0.704065
0 0 0 0
-0.345562 0.0412018 0.911105 -0.220857
0 0 0 0
0 0 0 0
0 0 0 0
0 0 0 0
