284571
0 0.148048 0.121972 3.03287 2 517.494 260.879 275.997 189.081
1 0.122899 0.409164 2.90169 2 513.104 209.803 273.656 152.063
2 0.0951326 0.689142 2.75668 2 507.785 154.195 270.819 111.759
3 0.15075 0.800333 2.75957 2 521.73 133.643 278.256 96.8624
4 0.0450754 0.525135 2.69626 2 495.478 182.442 264.255 132.232
5 0.0695217 0.264216 2.72742 2 501.48 232.206 267.456 168.3
6 0.144282 0.0798205 2.80413 2 519.305 266.821 276.963 193.388
7 0.161238 0.00380069 2.84726 2 522.86 280.536 278.859 203.329
8 0.188439 0.563895 2.93931 1 528.148 183.901 281.679 133.289
9 0.223214 0.368933 3.10028 1 533.495 220.962 284.53 160.15
10 0.226281 0.157977 3.22886 1 532.12 256.467 283.798 185.884
11 0.229626 0.114606 3.18386 1 533.519 263.008 284.544 190.625
12 0.112206 0.123589 2.94473 2 510.133 259.994 272.071 188.44
13 0.0692409 -0.274476 3.18698 2 498.889 324.768 266.074 235.387
14 0.0347348 -0.577219 3.31563 2 491.172 369.438 261.958 267.764
15 0.102522 -0.653231 3.27421 2 505.54 382.406 269.621 277.163
16 0.180216 0.115653 3.04897 2 524.569 262.032 279.77 189.917
17 0.226425 -0.21146 3.34407 2 530.497 313.194 282.932 226.999
18 0.222939 -0.49027 3.51538 2 527.607 351.847 281.391 255.014
19 0.315045 -0.521151 3.52038 2 545.588 356.232 290.98 258.192
20 0.102206 0.620287 2.79514 2 509.181 168.564 271.563 122.173
21 0.200436 -0.0520288 2.88456 2 531.701 290.331 283.574 210.428
22 0.112287 0.0337904 2.86972 2 510.833 275.259 272.444 199.504
23 0.227817 0.0726576 3.23207 1 532.391 269.844 283.942 195.579
24 0.224801 0.0872515 3.20693 1 532.125 267.454 283.8 193.847
3
0
0.419367 -0.127809 0.881759 -0.174061
0.429696 -0.129845 0.876772 -0.172548
0.436163 -0.154558 0.862854 -0.203363
0 0 0 0
-0.208833 0.780357 -0.36922 0.459465
0.0377762 0.926227 0.0650702 0.36938
-0.232855 -0.31876 0.115912 0.911447
-0.182923 -0.346972 0.19902 0.898076
0.342046 0.745926 0.473164 0.32049
0.28001 0.863056 0.199071 0.370269
-0.021991 -0.0554139 0.269461 0.961164
-0.0129719 -0.0377875 -0.391646 0.919248
0.351646 -0.550009 0.620355 -0.434735
0.24045 0.913219 -0.129851 -0.302248
0.166782 0.914594 -0.120514 -0.348106
0 0 0 0
0.263323 0.765158 0.586649 0.0322203
0.0698203 0.319359 0.354821 0.875921
0.0225337 0.0601741 0.271119 0.960399
0 0 0 0
0.438317 -0.144151 0.867498 -0.185864
0 0 0 0
0 0 0 0
0 0 0 0
0 0 0 0
