283070
0 1.17403 0.366557 3.70708 2 703.198 230.84 375.039 167.31
1 1.14945 0.648287 3.56465 2 707.417 188.471 377.289 136.601
2 1.12115 0.922912 3.41121 2 711.938 143.114 379.7 103.727
3 1.06684 1.0492 3.40115 2 701.559 123.736 374.165 89.6819
4 1.07022 0.857698 3.56963 2 691.787 158.647 368.953 114.985
5 1.05592 0.689271 3.72723 1 680.113 186.989 362.727 135.527
6 1.10137 0.507019 3.89484 1 679.592 214.939 362.449 155.785
7 1.11763 0.447014 3.95462 1 679.436 223.678 362.366 162.119
8 1.17159 0.781725 3.33867 2 727.36 161.704 387.925 117.201
9 1.08333 0.532012 3.34188 2 708.553 200.049 377.895 144.993
10 0.901298 0.358868 3.34964 2 669.979 226.708 357.322 164.315
11 0.850136 0.321305 3.35702 2 658.922 232.551 351.425 168.55
12 1.13606 0.372134 3.71416 2 695.639 230.187 371.008 166.836
13 1.28402 0.0966274 3.81915 1 716.738 268.32 382.26 194.475
14 1.53177 -0.390072 3.69264 1 771.703 335.131 411.575 242.898
15 1.40625 -0.357494 3.73423 2 745.029 330.048 397.349 239.215
16 1.18996 0.353783 3.62955 2 710.988 231.542 379.194 167.819
17 1.17858 0.0492611 3.66892 2 706.269 274.373 376.677 198.862
18 1.16364 -0.277331 3.76806 2 697.649 318.687 372.08 230.98
19 1.10494 -0.361591 3.75588 2 687.475 330.219 366.653 239.339
20 1.12894 0.855378 3.45168 2 710.786 154.744 379.086 112.156
21 1.1202 0.436768 3.95523 1 679.853 225.007 362.588 163.082
22 1.10922 0.447395 3.92766 1 679.296 223.234 362.291 161.797
23 0.807228 0.271758 3.36941 2 649.379 240.231 346.335 174.116
24 0.816325 0.344793 3.35927 2 651.811 229.041 347.633 166.006
0
3
-0.464563 0.0755139 0.853846 -0.222322
-0.494573 0.0833566 0.83682 -0.219502
-0.521524 0.100994 0.809205 -0.250999
0 0 0 0
0.46051 0.643589 -0.544732 -0.277473
0.366561 0.929711 -0.0352727 -0.0050605
0.348524 0.756499 -0.128627 -0.538234
0.366026 0.750267 -0.134783 -0.533814
-0.238116 0.665788 0.427784 -0.563052
0.00220913 0.985325 -0.169132 -0.0228866
0.316042 -0.517902 0.235983 0.759083
0.339316 -0.490861 0.301548 0.743632
-0.244805 -0.647726 0.715205 -0.0948832
-0.181936 0.25297 0.222059 0.923902
-0.242234 0.129621 -0.0850365 0.957752
0 0 0 0
-0.37481 0.556204 0.529016 -0.519901
0.0668013 0.950264 0.00189597 0.30419
0.146864 0.946874 0.0211656 0.285329
0 0 0 0
-0.524228 0.0957988 0.813924 -0.231378
0 0 0 0
0 0 0 0
0 0 0 0
0 0 0 0
