275888
0 0.114589 0.109921 3.0603 2 509.679 263.054 271.829 190.658
1 0.106952 0.405477 2.92455 2 509.121 211.007 271.531 152.935
2 0.0955626 0.690888 2.7728 2 507.753 154.618 270.801 112.065
3 0.161361 0.795481 2.77528 2 524.157 135.38 279.55 98.1219
4 0.021755 0.534416 2.71641 2 489.476 181.437 261.054 131.503
5 0.0444381 0.27132 2.7547 2 495.046 231.388 264.025 167.707
6 0.127575 0.046887 2.85287 2 514.674 272.903 274.493 197.797
7 0.125593 0.00151759 2.87791 2 513.933 280.944 274.098 203.625
8 0.172257 0.502998 2.99276 1 523.602 196.025 279.254 142.076
9 0.225045 0.314782 3.15761 1 532.974 230.758 284.253 167.25
10 0.23674 0.141706 3.23879 1 534.192 259.084 284.902 187.781
11 0.246861 0.142981 3.26408 2 535.936 259.057 285.832 187.761
12 0.0784764 0.116998 2.97963 2 502.048 261.363 267.759 189.432
13 0.0562663 -0.269328 3.19115 2 496.075 323.893 264.573 234.754
14 0.0326987 -0.572617 3.32418 2 490.731 368.505 261.723 267.087
15 0.10115 -0.649534 3.27979 2 505.214 381.657 269.448 276.62
16 0.147888 0.100105 3.07059 2 517.044 264.73 275.757 191.873
17 0.214706 -0.195294 3.35316 2 527.964 310.665 281.581 225.166
18 0.22095 -0.463841 3.51291 2 527.24 348.074 281.195 252.279
19 0.287907 -0.534623 3.51072 2 540.434 358.383 288.232 259.751
20 0.0987578 0.620933 2.81327 2 508.171 169.179 271.025 122.619
21 0.151858 -0.0480746 2.90749 2 519.837 289.569 277.246 209.876
22 0.0839575 0.00398022 2.9075 2 503.789 280.519 268.688 203.316
23 0.245134 0.11024 3.28034 2 535.312 264.216 285.5 191.5
24 0.253144 0.147054 3.2459 2 537.56 258.297 286.699 187.21
3
0
0.369463 -0.091903 0.904287 -0.193171
0.387252 -0.0957004 0.896814 -0.191318
0.40078 -0.126134 0.878545 -0.227211
0 0 0 0
-0.181523 0.780228 -0.424909 0.421598
0.0498588 0.918697 0.0672139 0.385994
-0.231435 -0.390299 0.112479 0.883998
-0.0993692 -0.453682 0.229474 0.855359
0.346503 0.803871 0.34665 0.336988
0.246691 0.811101 0.266678 0.458413
0.0494965 0.353311 0.213815 0.909398
0.0386134 0.290362 0.722421 0.626344
0.32526 -0.522558 0.658875 -0.432462
0.219262 0.896184 -0.117949 -0.367242
0.176349 0.90703 -0.110308 -0.3661
0 0 0 0
0.216224 0.79544 0.563644 -0.0531805
0.0720416 0.380416 0.371799 0.843718
0.0594567 0.252645 0.258515 0.930487
0 0 0 0
0.403874 -0.113916 0.883674 -0.207436
0 0 0 0
0 0 0 0
0 0 0 0
0 0 0 0
