267088
0 1.24919 0.374513 3.70843 2 717.281 229.737 382.55 166.51
1 1.24681 0.664006 3.58753 2 724.917 186.781 386.622 135.376
2 1.23686 0.947527 3.45504 2 732.313 141.209 390.567 102.346
3 1.19544 1.07087 3.39918 2 727.93 120.391 388.229 87.2579
4 1.09975 0.89362 3.59467 2 696.075 154.379 371.24 111.892
5 1.08157 0.648267 3.73654 2 684.374 192.817 365 139.751
6 1.06652 0.426259 3.8198 2 677.057 224.42 361.097 162.657
7 1.07047 0.390728 3.84997 2 676.224 229.57 360.653 166.389
8 1.35964 0.834068 3.40464 2 761.001 156.151 405.867 113.176
9 1.40078 0.566045 3.44965 2 765.653 197.448 408.348 143.108
10 1.35347 0.333495 3.48923 2 752.928 232.443 401.561 168.471
11 1.34353 0.292331 3.50144 2 749.99 238.616 399.995 172.946
12 1.1775 0.382238 3.70748 2 703.838 228.688 375.38 165.75
13 1.23295 0.112938 3.81605 2 707.577 266.138 377.375 192.893
14 1.33692 -0.21285 3.95436 2 718.077 308.639 382.974 223.697
15 1.28254 -0.307758 3.88962 2 712.272 321.525 379.878 233.037
16 1.29673 0.359499 3.63782 2 730.976 230.818 389.854 167.294
17 1.3506 0.070749 3.66452 2 739.358 271.366 394.324 196.682
18 1.44716 -0.227911 3.84156 2 745.079 311.472 397.376 225.75
19 1.43091 -0.327701 3.76275 2 747.603 325.64 398.721 236.02
20 1.24079 0.877621 3.49039 2 730.563 152.86 389.633 110.791
21 1.06937 0.366272 3.85152 2 675.933 232.826 360.497 168.749
22 1.07836 0.38008 3.82314 2 679.019 230.62 362.143 167.15
23 1.33937 0.2312 3.52971 2 747.002 247.798 398.401 179.601
24 1.36288 0.278663 3.48207 2 755.354 240.377 402.856 174.222
1
1
-0.266674 0.0497187 0.943533 -0.190151
-0.290002 0.0544211 0.936627 -0.188859
-0.314851 0.0506193 0.920059 -0.227592
0 0 0 0
0.351664 0.667597 -0.649423 -0.0943231
0.161136 0.68801 -0.205113 -0.677205
0.169447 0.844131 0.0637771 0.504641
0.276837 0.815886 0.208784 0.462709
-0.0808581 0.707437 0.592475 -0.376787
0.0830972 0.993706 0.074531 -0.00937731
0.125985 0.790676 -0.0290071 0.598429
0.181439 0.787199 -0.00735489 0.589359
-0.14186 -0.654167 0.730371 -0.136013
-0.172857 -0.458597 0.120889 0.863247
-0.214129 -0.416773 0.112094 0.87629
0 0 0 0
-0.238453 0.633045 0.596898 -0.431401
-0.0045675 0.870649 0.10237 0.481113
0.124325 0.771189 0.264877 0.565377
0 0 0 0
-0.314232 0.0556719 0.925342 -0.2047
0 0 0 0
0 0 0 0
0 0 0 0
0 0 0 0
