85431943
0 -0.0129957 0.0566616 2.80404 2 480.774 270.999 256.413 196.416
1 -0.0487251 0.325177 2.69773 2 471.535 220.208 251.485 159.604
2 -0.0825531 0.58685 2.58092 2 461.888 165.772 246.34 120.15
3 -0.00194368 0.68916 2.57977 2 483.436 145.413 257.833 105.393
4 -0.150483 0.438256 2.51549 2 442.744 192.89 236.13 139.804
5 -0.12823 0.201584 2.51743 2 448.944 240.708 239.437 174.462
6 0.0140365 -0.0138805 2.60065 2 487.663 283.908 260.087 205.773
7 0.0467157 -0.0648965 2.641 2 496.106 293.63 264.59 212.819
8 0.0160467 0.520327 2.74707 2 487.982 185.174 260.257 134.212
9 0.107185 0.314683 2.89144 2 509.448 226.14 271.706 163.903
10 0.218486 0.132395 2.97585 2 534.416 258.711 285.022 187.51
11 0.25509 0.092638 2.98655 2 542.663 265.523 289.42 192.447
12 -0.0480119 0.032472 2.72004 2 471.834 275.178 251.645 199.445
13 -0.10564 -0.391731 2.90809 2 458.962 349.412 244.78 253.249
14 -0.148686 -0.727673 3.07189 2 450.548 401.522 240.292 291.018
15 -0.0579235 -0.788746 3.02216 2 470.719 413.856 251.05 299.957
16 0.0220444 0.0809667 2.8203 2 489.325 266.701 260.973 193.302
17 0.0429444 -0.339405 3.14722 2 493.339 335.773 263.114 243.364
18 0.00130075 -0.652523 3.28904 2 484.229 381.829 258.256 276.745
19 0.114289 -0.675589 3.26381 2 508.1 386.23 270.987 279.935
20 -0.0743248 0.522513 2.61215 2 464.343 179.75 247.65 130.28
21 0.0840418 -0.122777 2.68023 2 505.498 304.367 269.599 220.601
22 0.0459815 0.000131419 2.6774 2 495.751 281.186 264.401 203.8
23 0.276847 0.0298847 2.98231 2 547.764 276.142 292.141 200.144
24 0.228925 0.0709829 2.98595 2 536.643 269.19 286.21 195.105
0
2
0.462096 -0.143022 0.864778 -0.134801
0.450541 -0.141215 0.870854 -0.136693
0.437492 -0.152693 0.869167 -0.172726
0 0 0 0
-0.177609 0.770785 -0.431257 0.434009
-0.0097324 0.955664 0.0460175 0.290678
-0.255078 0.115263 0.194427 0.940132
-0.22076 0.0674797 0.317571 0.919707
0.37778 0.652099 0.592073 0.28548
-0.0425623 0.398443 0.336883 0.852022
-0.319658 -0.497301 0.0307843 0.805955
-0.362963 -0.459045 -0.0861699 0.806294
-0.332666 0.654943 -0.510769 0.446652
0.182299 0.942656 -0.114682 -0.254978
0.194921 0.925929 -0.124633 -0.298543
0 0 0 0
0.30626 0.482018 0.820048 0.0372172
0.0725476 0.269505 0.316778 0.906507
0.0876065 0.123073 0.20043 0.967991
0 0 0 0
0.438445 -0.144667 0.873657 -0.153492
0 0 0 0
0 0 0 0
0 0 0 0
0 0 0 0
