85471976
0 1.25843 0.488742 3.78654 2 714.188 215.414 380.9 156.129
1 1.22766 0.759085 3.64173 2 717.697 174.862 382.772 126.737
2 1.19114 1.0213 3.48714 2 720.929 131.698 384.496 95.4526
3 1.17382 1.15109 3.40838 2 722.851 108.824 385.52 78.8742
4 1.04455 0.943865 3.55398 2 687.743 145.709 366.796 105.608
5 1.01627 0.657206 3.65964 2 676.193 189.733 360.636 137.516
6 1.03416 0.420036 3.64858 2 680.018 222.613 362.676 161.347
7 1.03452 0.393934 3.62946 2 681.113 225.967 363.261 163.778
8 1.35299 0.926865 3.50839 2 751.494 146.347 400.797 106.07
9 1.44234 0.706956 3.66592 2 756.899 182.768 403.679 132.468
10 1.4539 0.476907 3.71391 2 755.46 215.677 402.912 156.32
11 1.44323 0.444755 3.71511 2 753.359 220.12 401.791 159.54
12 1.18157 0.48213 3.76306 2 701.371 215.93 374.065 156.503
13 1.17279 0.174428 3.9483 2 689.385 258.728 367.672 187.523
14 1.24836 -0.135791 4.13217 2 692.916 297.936 369.555 215.94
15 1.19029 -0.233072 4.03238 2 688.106 310.626 366.99 225.138
16 1.31166 0.487239 3.74061 2 726.978 214.782 387.721 155.671
17 1.36743 0.143688 3.81478 2 732.303 262.008 390.562 189.9
18 1.37333 -0.171 4.04262 2 719.203 302.765 383.575 219.44
19 1.38379 -0.253398 3.91521 2 728.82 314.206 388.704 227.732
20 1.2011 0.956962 3.52779 2 720.142 142.74 384.076 103.456
21 1.04773 0.352733 3.63289 2 683.437 231.792 364.5 168
22 1.00712 0.378747 3.64525 2 674.999 228.344 359.999 165.5
23 1.42876 0.398132 3.69784 2 751.879 226.274 401.002 164
24 1.4068 0.442155 3.67779 2 749.199 219.866 399.573 159.356
0
1
-0.0759885 -0.0323394 0.965804 -0.24577
-0.0820906 -0.0307856 0.965304 -0.245969
-0.089529 -0.041592 0.95452 -0.281329
0 0 0 0
0.230402 0.723554 -0.637022 0.132614
0.120463 0.821432 -0.135407 -0.540743
-0.0306113 -0.249383 -0.0318995 0.967395
0.0616295 -0.205824 -0.304714 0.927894
0.126521 0.731222 0.622543 -0.24849
0.187663 0.841046 0.280758 0.422609
0.10038 0.848256 -0.0324391 -0.518973
-0.0694102 0.836484 -0.14469 -0.523967
0.0467805 0.686922 -0.67588 0.262935
-0.167926 -0.638807 0.208714 0.721224
-0.224933 -0.491433 0.168609 0.8243
0 0 0 0
-0.0918729 0.597693 0.693451 -0.391724
0.0295456 0.758544 0.128158 0.638211
0.204938 0.650526 0.230334 0.694091
0 0 0 0
-0.089195 -0.0358951 0.960439 -0.261368
0 0 0 0
0 0 0 0
0 0 0 0
0 0 0 0
