85432436
0 -0.0195757 0.0793858 2.84182 2 479.226 267.093 255.587 193.585
1 -0.0216448 0.34458 2.73445 2 478.512 217.43 255.206 157.59
2 -0.0186148 0.602292 2.61736 2 479.05 164.382 255.493 119.142
3 0.069494 0.697553 2.60442 2 502.391 145.051 267.942 105.131
4 -0.120067 0.463391 2.54046 2 451.393 188.73 240.743 136.789
5 -0.0862781 0.227509 2.52848 2 460.501 235.698 245.601 170.831
6 0.0809042 0.011311 2.55502 2 505.705 278.973 269.709 202.196
7 0.136906 -0.0324487 2.56578 2 520.612 287.604 277.66 208.451
8 0.117117 0.506237 2.81209 2 512.649 189.949 273.413 137.672
9 0.265124 0.371476 2.87385 2 547.465 215.732 291.981 156.36
10 0.441617 0.270441 2.87073 2 589.924 233.459 314.626 169.208
11 0.502583 0.236286 2.84297 2 605.787 239.063 323.086 173.27
12 -0.0565537 0.0606657 2.75004 2 469.832 270.062 250.577 195.737
13 -0.115138 -0.37127 2.9131 2 456.766 345.728 243.609 250.579
14 -0.143837 -0.729984 3.07381 2 451.658 401.83 240.884 291.241
15 -0.0620035 -0.789959 3.02242 2 469.787 414.051 250.553 300.098
16 0.0175775 0.0967436 2.86534 2 488.17 264.146 260.357 191.45
17 0.0256889 -0.319195 3.14243 2 489.577 332.595 261.108 241.06
18 0.000607077 -0.637209 3.29399 2 484.084 379.305 258.178 274.915
19 0.101601 -0.674664 3.26088 2 505.439 386.178 269.567 279.897
20 -0.0197264 0.539113 2.64881 2 478.823 177.97 255.372 128.99
21 0.183843 -0.0789821 2.5876 2 532.779 296.645 284.149 215.004
22 0.104466 -0.0621701 2.57302 2 511.846 293.424 272.984 212.67
23 0.558924 0.171889 2.83238 2 620 250.424 330.667 181.504
24 0.471315 0.225763 2.8582 2 597.554 241.17 318.696 174.797
3
0
0.477662 -0.0962501 0.857484 -0.165215
0.434853 -0.0879968 0.879967 -0.169755
0.389973 -0.084273 0.891896 -0.212932
0 0 0 0
-0.150274 0.735631 -0.499281 0.432417
-0.0346412 0.987804 0.0669046 0.136259
-0.294986 -0.531891 -0.138922 0.781522
-0.402464 -0.519204 -0.183391 0.731312
0.35739 0.726968 0.544074 0.218572
-0.29329 0.359476 0.30384 0.83213
-0.421544 -0.455967 -0.271891 0.735167
-0.338097 -0.362868 -0.398213 0.77165
-0.323517 0.610192 -0.549902 0.469691
0.155733 0.948375 -0.108117 -0.254248
0.183808 0.919935 -0.105486 -0.32986
0 0 0 0
0.352657 0.558206 0.747815 0.0693684
0.0724861 0.266481 0.2805 0.919268
0.0801732 0.197058 0.208212 0.954667
0 0 0 0
0.391848 -0.0782027 0.896694 -0.190473
0 0 0 0
0 0 0 0
0 0 0 0
0 0 0 0
