85456503
0 1.08969 0.120369 2.96988 2 738.218 260.544 393.716 188.838
1 1.09449 0.394997 2.84067 2 751.163 210.25 400.62 152.386
2 1.08879 0.663242 2.70244 2 763.455 155.927 407.176 113.014
3 1.02083 0.772628 2.65811 2 750.358 132.842 400.191 96.2824
4 1.03452 0.656956 2.88746 2 732.474 165.08 390.653 119.648
5 1.02888 0.450921 3.0262 1 719.573 205.226 383.772 148.745
6 1.03311 0.129654 3.01202 1 721.497 259.274 384.799 187.918
7 1.03228 -0.0398789 3.04397 1 718.775 287.886 383.347 208.656
8 1.12972 0.51672 2.61147 2 784.056 180.207 418.163 130.612
9 1.00082 0.304678 2.6082 2 750.037 221.605 400.02 160.616
10 0.775053 0.188323 2.62414 2 688.246 244.684 367.064 177.344
11 0.680629 0.181751 2.64348 2 661.821 246.261 352.971 178.487
12 1.06389 0.128722 2.98208 2 731.121 259.205 389.931 187.868
13 1.02689 -0.147507 3.15606 2 709.181 305.017 378.23 221.072
14 1.04593 -0.479525 3.33328 2 701.264 354.522 374.007 256.953
15 0.993416 -0.558678 3.32926 2 690.587 366.72 368.313 265.794
16 1.0885 0.108485 2.88913 2 745.096 262.059 397.384 189.937
17 1.18999 -0.21209 2.97996 2 760.882 317.529 405.804 230.141
18 1.29625 -0.520424 3.20172 2 764.814 364.185 407.901 263.956
19 1.24566 -0.60087 3.18244 2 755.486 377.59 402.926 273.672
20 1.0916 0.597215 2.73929 2 760.417 169.912 405.556 123.15
21 1.04717 -0.0846301 3.02159 2 723.982 295.485 386.124 214.163
22 1.04031 -0.037444 2.97037 2 726.539 287.636 387.488 208.474
23 0.616449 0.143312 2.65449 2 644.227 253.793 343.588 183.946
24 0.66325 0.243701 2.64973 2 656.872 234.459 350.332 169.932
1
0
-0.587512 0.137763 0.779231 -0.169262
-0.582606 0.136697 0.782906 -0.170124
-0.577226 0.134788 0.77659 -0.213424
0 0 0 0
-0.519864 -0.494309 0.637036 0.28211
0.204369 0.696097 -0.208816 -0.655804
-0.0229918 0.967357 0.000787623 0.25237
0.0906178 0.963825 0.0210096 0.249777
-0.267223 0.662545 0.412622 -0.565128
-0.0253166 0.96065 -0.268612 -0.0660113
0.422618 -0.449103 0.304604 0.725891
0.504051 -0.374498 0.460346 0.627508
-0.322413 -0.59942 0.73245 0.0162119
0.017419 -0.141246 0.281622 0.948913
-0.0985817 -0.295075 0.223046 0.92383
0 0 0 0
0.460727 -0.525536 -0.463613 0.544615
0.119207 0.975951 0.159998 0.0878033
0.231832 0.887975 0.235261 0.320011
0 0 0 0
-0.57879 0.131669 0.782266 -0.189012
0 0 0 0
0 0 0 0
0 0 0 0
0 0 0 0
