85456800
0 -0.0552441 0.0574895 2.80915 2 470.45 270.868 250.907 196.321
1 -0.0328331 0.31893 2.69941 2 475.592 221.422 253.649 160.483
2 -0.00621283 0.57196 2.57826 2 482.295 168.615 257.224 122.21
3 0.0779893 0.666671 2.55587 2 505.033 148.637 269.351 107.73
4 -0.127366 0.452997 2.51661 2 449.087 189.952 239.513 137.675
5 -0.186334 0.232404 2.51323 2 432.969 234.415 230.917 169.901
6 -0.0756743 0.0162179 2.5778 2 463.794 278.031 247.357 201.513
7 -0.0405999 -0.0431824 2.62625 2 473.339 289.521 252.448 209.84
8 0.134448 0.479433 2.74795 2 517.66 192.773 276.085 139.72
9 0.275194 0.354866 2.77707 2 552.18 216.475 294.496 156.898
10 0.446154 0.274703 2.74046 2 596.139 230.384 317.941 166.979
11 0.528622 0.230036 2.68757 2 619.593 237.778 330.449 172.338
12 -0.0982676 0.0471968 2.72182 2 459.158 272.446 244.884 197.465
13 -0.13872 -0.370628 2.90844 2 451.142 345.724 240.609 250.576
14 -0.148132 -0.731364 3.07617 2 450.718 401.967 240.383 291.341
15 -0.0611041 -0.788224 3.02218 2 469.992 413.767 250.662 299.893
16 -0.0107943 0.0666608 2.82838 2 481.336 269.3 256.712 195.185
17 0.00746754 -0.314614 3.1031 2 485.611 332.499 258.993 240.991
18 0.00936847 -0.628233 3.28588 2 485.921 378.155 259.158 274.081
19 0.101983 -0.674854 3.26111 2 505.518 386.201 269.61 279.913
20 -0.0130368 0.509891 2.61066 2 480.515 182.165 256.275 132.031
21 0.00682765 -0.0937923 2.65011 2 485.726 299.098 259.054 216.782
22 -0.0886474 -0.0505816 2.65822 2 461.051 290.828 245.894 210.788
23 0.576019 0.17232 2.64878 2 633.981 248.185 338.123 179.881
24 0.55863 0.26355 2.64936 2 629.45 230.701 335.707 167.209
3
0
0.418909 -0.0478638 0.885501 -0.195223
0.378187 -0.0389319 0.903644 -0.197199
0.334088 -0.034812 0.910788 -0.240079
0 0 0 0
-0.0918743 0.713059 -0.558743 0.413416
0.0181533 0.972309 -0.129167 0.193912
-0.2633 -0.41125 0.0231418 0.872359
-0.342251 -0.419844 0.17475 0.822227
0.351486 0.745811 0.549295 0.136008
-0.341109 0.356975 0.237008 0.836685
-0.412269 0.666092 0.348771 0.514504
-0.4879 0.715219 0.233526 0.442584
0.276684 -0.574922 0.608994 -0.471208
0.180601 0.920178 -0.112357 -0.32868
0.199101 0.919055 -0.0842587 -0.329541
0 0 0 0
0.301276 0.637929 0.708705 0.00404515
0.0901298 0.338498 0.294135 0.889258
0.0559571 0.216923 0.254733 0.940704
0 0 0 0
0.336765 -0.0292277 0.915439 -0.218417
0 0 0 0
0 0 0 0
0 0 0 0
0 0 0 0
