85480139
0 0.0190837 0.0458373 2.7958 2 488.645 272.925 260.61 197.812
1 0.018139 0.323003 2.701 2 488.575 220.692 260.573 159.955
2 0.0171878 0.592662 2.59492 2 488.526 165.263 260.547 119.78
3 0.1013 0.69304 2.58334 2 511.049 144.819 272.56 104.963
4 -0.0950266 0.462711 2.53184 2 458.098 188.557 244.319 136.664
5 -0.168875 0.248812 2.52722 2 438.002 231.388 233.601 167.707
6 -0.0740993 0.0184662 2.56206 2 464.092 277.568 247.516 201.178
7 -0.0358123 -0.0475073 2.57874 2 474.419 290.521 253.023 210.566
8 0.173328 0.483276 2.76903 2 527.081 192.732 281.11 139.689
9 0.307595 0.364096 2.8077 2 559.398 215.5 298.346 156.192
10 0.461465 0.421225 2.71217 2 601.349 202.36 320.72 146.668
11 0.377231 0.398762 2.7562 2 578.291 207.833 308.422 150.635
12 -0.022721 0.0403618 2.71043 2 478.199 273.685 255.04 198.363
13 -0.077102 -0.403862 2.84746 2 465.324 353.03 248.173 255.871
14 -0.102347 -0.769945 2.99512 2 460.357 411.853 245.524 298.505
15 -0.0423735 -0.830643 2.92243 2 473.934 425.782 252.765 308.601
16 0.0602578 0.0502189 2.81334 2 498.667 272.189 265.956 197.279
17 0.0728559 -0.31825 3.06112 2 500.32 333.809 266.837 241.94
18 0.0331779 -0.662932 3.2121 2 491.078 385.911 261.908 279.703
19 0.110282 -0.710759 3.17155 2 507.945 394.975 270.904 286.272
20 0.017433 0.526389 2.62353 2 488.537 179.444 260.553 130.059
21 0.00259639 -0.0973908 2.59467 2 484.644 300.182 258.477 217.568
22 -0.00528755 -0.0515976 2.55435 2 482.535 291.419 257.352 211.217
23 0.439364 0.383342 2.72078 2 595.314 209.717 317.501 152
24 0.39524 0.433821 2.7313 2 583.746 200.613 311.331 145.401
0
0
0.416975 -0.07082 0.893992 -0.147971
0.376125 -0.0640567 0.911932 -0.151022
0.332394 -0.0703038 0.921181 -0.189727
0 0 0 0
-0.119776 0.749 -0.533595 0.374071
0.00902408 0.97944 -0.165504 0.114995
-0.0426402 0.828392 0.200617 0.521249
-0.0437657 0.809238 0.27499 0.5173
0.312107 0.752638 0.550916 0.180599
-0.355742 0.24751 0.221287 0.873624
0.424445 0.263006 0.685754 -0.529544
0.542865 0.654399 -0.300491 0.432164
0.315821 -0.584388 0.609511 -0.432718
0.120464 0.931583 -0.104599 -0.32665
0.153828 0.870778 -0.116535 -0.452219
0 0 0 0
0.255326 0.670905 0.695358 0.0342205
0.0886221 0.336199 0.278203 0.895388
0.111023 0.286067 0.17947 0.934682
0 0 0 0
0.334073 -0.0630208 0.925011 -0.169642
0 0 0 0
0 0 0 0
0 0 0 0
0 0 0 0
