85458575
0 0.992226 0.103216 2.95638 2 716.337 263.423 382.046 190.925
1 0.997538 0.377663 2.82484 2 728.714 213.024 388.647 154.397
2 0.997157 0.645589 2.68273 2 741.816 158.364 395.635 114.78
3 0.941402 0.77088 2.6165 2 733.564 130.808 391.234 94.8075
4 0.924253 0.606755 2.87312 2 706.956 173.486 377.043 125.74
5 0.912122 0.40882 3.01063 1 693.694 212.037 369.97 153.681
6 0.892286 0.0901793 3.02802 1 687.724 266.057 366.786 192.834
7 0.913278 0.0113312 3.05099 1 690.969 279.321 368.517 202.448
8 1.03738 0.502727 2.60109 2 760.637 182.546 405.673 132.307
9 0.884238 0.312789 2.64111 2 715.88 220.841 381.803 160.063
10 0.657862 0.383446 2.66003 2 654.917 207.886 349.289 150.673
11 0.596482 0.420665 2.67877 2 637.809 201.369 340.165 145.949
12 0.958292 0.115725 2.97936 2 706.57 261.429 376.837 189.48
13 0.975998 -0.157199 3.1728 2 696.777 306.434 371.614 222.099
14 1.04577 -0.466003 3.33311 2 701.231 352.455 373.99 255.455
15 0.991514 -0.559183 3.32829 2 690.25 366.822 368.133 265.867
16 1.00224 0.0884138 2.86359 2 726.383 265.474 387.404 192.412
17 1.13422 -0.222334 2.99479 2 746.504 319.081 398.135 231.266
18 1.28232 -0.520748 3.20834 2 761.213 364.062 405.98 263.867
19 1.24669 -0.606578 3.18617 2 755.392 378.392 402.876 274.254
20 0.998234 0.57968 2.72027 2 738.497 172.443 393.865 124.984
21 0.91898 -0.0374802 3.06143 2 691.559 287.441 368.831 208.333
22 0.928408 0.0194334 2.99408 2 698.474 277.907 372.519 201.423
23 0.556697 0.433356 2.69461 2 626.651 199.473 334.214 144.575
24 0.601722 0.459618 2.66387 2 640.091 193.452 341.382 140.212
1
0
-0.548012 0.131941 0.806535 -0.17826
-0.546124 0.131524 0.807814 -0.178568
-0.542235 0.137525 0.800244 -0.216048
0 0 0 0
-0.453551 -0.575332 0.610753 0.300442
-0.190132 -0.667464 0.23182 0.681616
0.0358697 0.944186 -0.0204374 0.326815
0.0901077 0.93026 0.163685 0.315759
-0.26465 0.67808 0.4105 -0.549233
0.0731255 0.939552 -0.332482 -0.0367572
0.497619 -0.434012 0.633147 0.403898
0.505423 -0.302712 0.703833 0.396904
-0.36779 -0.590733 0.714639 0.0711098
-0.0827126 -0.174212 0.292928 0.936484
-0.16142 -0.263308 0.197075 0.93047
0 0 0 0
-0.435995 0.568105 0.481239 -0.505542
0.162238 0.95593 0.211478 0.1231
0.191693 0.867608 0.29359 0.352582
0 0 0 0
-0.543658 0.133664 0.80528 -0.195176
0 0 0 0
0 0 0 0
0 0 0 0
0 0 0 0
