85480591
0 0.0180175 0.0493117 2.80075 2 488.375 272.313 260.467 197.369
1 0.0198611 0.325884 2.70588 2 489.005 220.262 260.802 159.643
2 0.0218157 0.595444 2.60081 2 489.744 164.98 261.197 119.575
3 0.107111 0.695076 2.59332 2 512.493 144.944 273.33 105.054
4 -0.091442 0.465468 2.53555 2 459.109 188.14 244.858 136.361
5 -0.163137 0.249007 2.53103 2 439.631 231.426 234.47 167.734
6 -0.069882 0.0183094 2.56708 2 465.26 277.606 248.139 201.205
7 -0.0260261 -0.0444848 2.58438 2 477.04 289.91 254.421 210.123
8 0.174564 0.485586 2.77642 2 527.274 192.544 281.213 139.553
9 0.313944 0.370189 2.80999 2 560.899 214.449 299.146 155.43
10 0.484847 0.393635 2.73274 2 606.362 208.084 323.393 150.816
11 0.551646 0.382814 2.72144 2 623.891 209.755 332.742 152.027
12 -0.0228757 0.0420377 2.71511 2 478.17 273.386 255.024 198.147
13 -0.0770271 -0.403447 2.8516 2 465.369 352.851 248.197 255.742
14 -0.10174 -0.769277 2.99545 2 460.5 411.724 245.6 298.412
15 -0.042605 -0.830292 2.9232 2 473.882 425.682 252.737 308.528
16 0.0582296 0.0555269 2.81867 2 498.145 271.255 265.677 196.602
17 0.0717408 -0.315102 3.0655 2 500.046 333.213 266.691 241.508
18 0.0336264 -0.664179 3.21095 2 491.177 386.147 261.961 279.874
19 0.117424 -0.702279 3.18651 2 509.376 393.078 271.667 284.897
20 0.0212764 0.529182 2.62906 2 489.535 179.117 261.085 129.822
21 0.00469826 -0.0959879 2.59921 2 485.198 299.876 258.772 217.346
22 0.00494886 -0.0491037 2.55696 2 485.286 290.916 258.819 210.852
23 0.585765 0.369102 2.70541 1 633.473 211.884 337.852 153.571
24 0.577647 0.417388 2.67874 1 632.92 202.007 337.557 146.412
3
0
0.426867 -0.0682933 0.889227 -0.14965
0.383762 -0.0610431 0.908662 -0.152751
0.337847 -0.0654302 0.919666 -0.18919
0 0 0 0
-0.121617 0.746096 -0.534554 0.377891
0.00953559 0.979767 -0.159247 0.120856
-0.02289 0.867671 0.201761 0.453779
-0.0364407 0.836544 0.314347 0.447272
0.316368 0.752381 0.547251 0.185337
-0.37482 0.2522 0.214468 0.865973
-0.549758 0.609896 0.509693 0.256917
-0.414422 0.658338 0.499393 0.381381
0.314679 -0.586751 0.6023 -0.440381
0.120753 0.934985 -0.102714 -0.317287
0.150093 0.8707 -0.114323 -0.454184
0 0 0 0
0.26694 0.654728 0.706141 0.0379308
0.0840737 0.327218 0.277426 0.899386
0.087934 0.189011 0.181805 0.960984
0 0 0 0
0.339448 -0.0588884 0.923301 -0.169769
0 0 0 0
0 0 0 0
0 0 0 0
0 0 0 0
