85456332
0 1.11691 0.118973 2.95647 2 745.815 260.686 397.768 188.941
1 1.11159 0.395551 2.83963 2 755.459 210.119 402.912 152.291
2 1.10126 0.665012 2.71069 2 765.79 155.977 408.421 113.05
3 1.03587 0.775831 2.66457 2 753.615 132.595 401.928 96.1029
4 1.04076 0.651647 2.8975 2 733.107 166.419 390.99 120.618
5 1.03561 0.447663 3.0371 1 720.263 206.045 384.14 149.339
6 1.03951 0.126281 3.02269 1 722.13 259.92 385.136 188.386
7 1.04637 -0.0444157 3.05517 1 721.13 288.619 384.602 209.187
8 1.14206 0.518984 2.61955 2 786.39 180.08 419.408 130.52
9 1.03566 0.261387 2.61733 2 758.369 230.247 404.464 166.88
10 0.824465 0.14927 2.63624 2 700.368 252.379 373.53 182.921
11 0.736801 0.132678 2.64853 2 676.239 255.732 360.661 185.351
12 1.08682 0.125812 2.97568 2 737.045 259.652 393.091 188.192
13 1.02836 -0.148189 3.15592 2 709.518 305.129 378.41 221.153
14 1.04759 -0.479373 3.33383 2 701.576 354.488 374.174 256.928
15 0.994292 -0.560115 3.33733 2 690.267 366.732 368.142 265.802
16 1.11844 0.106855 2.86486 2 754.626 262.182 402.467 190.026
17 1.19575 -0.206433 2.97584 2 762.617 316.611 406.729 229.475
18 1.29749 -0.521642 3.20155 2 765.098 364.384 408.052 264.1
19 1.24562 -0.601598 3.18175 2 755.535 377.728 402.952 273.772
20 1.10478 0.598752 2.74511 2 763.162 169.862 407.02 123.113
21 1.07634 -0.0979331 2.97069 2 735 298.019 392 216
22 1.04896 -0.0115403 2.97775 2 727.963 283.186 388.247 205.249
23 0.665725 0.0916727 2.65227 2 657.272 263.649 350.545 191.089
24 0.739474 0.188454 2.64408 2 677.3 244.953 361.227 177.539
1
0
-0.582001 0.110606 0.788537 -0.165079
-0.578882 0.109953 0.790829 -0.165514
-0.572227 0.120122 0.784711 -0.205805
0 0 0 0
-0.505255 -0.518172 0.630167 0.281256
0.207076 0.693564 -0.211156 -0.656888
-0.0231912 0.972456 0.000705378 0.231928
0.0867785 0.968932 0.0407748 0.227986
-0.26633 0.662746 0.411077 -0.566437
-0.0168236 0.978759 -0.193924 -0.0643574
0.411946 -0.452848 0.310773 0.727082
0.489139 -0.40816 0.410644 0.652319
-0.339643 -0.633119 0.691893 0.0713183
0.0447752 -0.154713 0.29453 0.941972
-0.0903868 -0.258519 0.227898 0.934377
0 0 0 0
-0.464842 0.539216 0.467292 -0.52422
0.150677 0.971967 0.1351 0.119682
0.2345 0.888773 0.227592 0.321396
0 0 0 0
-0.574427 0.114451 0.789416 -0.183729
0 0 0 0
0 0 0 0
0 0 0 0
0 0 0 0
