86098890
0 -0.161075 -0.267951 2.32634 2 436.322 339.52 232.705 246.079
1 -0.0974399 0.0383327 2.23565 2 454.018 272.544 242.143 197.536
2 -0.0382635 0.336164 2.13079 2 471.595 201.293 251.517 145.894
3 0.0621516 0.435344 2.12675 2 504.104 177.366 268.855 128.553
4 -0.156578 0.21 2.02969 2 430.891 228.84 229.809 165.86
5 -0.266723 -0.0102769 1.99999 2 392.21 283.812 209.179 205.703
6 -0.244071 -0.220128 2.01884 2 400.721 336.451 213.718 243.855
7 -0.238307 -0.29097 2.04668 2 403.743 353.28 215.33 256.052
8 0.0506694 0.188344 2.33438 2 498.874 240.409 266.066 174.245
9 0.149931 0.0338476 2.41018 2 526.696 274.111 280.904 198.672
10 0.327642 -0.0525769 2.41143 2 577.438 292.249 307.967 211.818
11 0.34204 0.0053386 2.39601 2 582.187 280.083 310.5 203
12 -0.190542 -0.265922 2.23553 2 425.301 341.447 226.827 247.476
13 -0.309268 -0.638671 2.30094 2 390.976 422.504 208.521 306.225
14 -0.408927 -1.00941 2.48275 2 369.695 488.754 197.171 354.242
15 -0.320268 -1.05665 2.45559 2 393.474 500.881 209.853 363.031
16 -0.127345 -0.261915 2.34834 2 446.659 337.659 238.218 244.73
17 -0.0927867 -0.61061 2.51216 2 458.46 404.678 244.512 293.305
18 -0.0902429 -0.892616 2.66124 2 460.478 452.1 245.588 327.676
19 0.0186618 -0.936356 2.65032 2 488.834 461.294 260.712 334.339
20 -0.0527551 0.262935 2.1593 2 467.153 219.582 249.148 159.15
21 -0.235618 -0.362399 2.0716 2 405.54 369.962 216.288 268.144
22 -0.209511 -0.256798 2.09222 2 415.022 343.385 221.345 248.881
23 0.343773 0.0053149 2.38545 2 583.125 280.083 311 203
24 0.339152 0.00372856 2.37273 1 582.314 280.415 310.567 203.241
1
0
0.490348 0.0156502 0.854251 -0.171958
0.459679 0.0217514 0.871138 -0.171293
0.421129 0.00520336 0.883655 -0.204395
0 0 0 0
-0.175008 0.668946 -0.563491 0.452063
-0.0190878 0.955429 -0.23589 0.176485
-0.040268 0.257232 0.0568904 0.963833
0.00803992 0.239608 0.189529 0.952157
0.371816 0.775532 0.435382 0.265981
-0.215042 0.203552 0.254797 0.920544
-0.0101799 0.847451 0.53031 0.0222296
0.391228 0.0583644 0.903736 -0.163692
0.330197 -0.498951 0.633715 -0.49033
0.0435623 0.954269 -0.167954 -0.243442
0.193009 0.948795 -0.162334 -0.190218
0 0 0 0
0.337414 0.648192 0.678433 0.0756818
0.0162263 0.270454 0.221373 0.936795
0.0285982 0.131701 0.239081 0.961602
0 0 0 0
0.424904 0.0153223 0.885816 -0.185881
0 0 0 0
0 0 0 0
0 0 0 0
0 0 0 0
