86097116
0 -0.179468 -0.272954 2.30826 2 430.458 341.085 229.577 247.213
1 -0.114146 0.0313696 2.21927 2 448.623 274.065 239.266 198.639
2 -0.0488203 0.328069 2.11684 2 468.081 202.708 249.643 146.92
3 0.0602892 0.413392 2.13456 2 503.422 182.998 268.492 132.635
4 -0.17534 0.201604 2.01954 2 424.229 230.677 226.256 167.192
5 -0.312218 -0.00527903 1.99214 2 376.072 282.553 200.572 204.791
6 -0.311418 -0.214652 2.01886 2 377.677 335.116 201.428 242.887
7 -0.292151 -0.283416 2.05095 2 385.778 351.295 205.748 254.614
8 0.0346226 0.177386 2.31877 2 494.217 242.528 263.583 175.781
9 0.156926 0.0518523 2.41803 2 528.547 270.369 281.892 195.96
10 0.3348 -0.0247127 2.4538 2 577.829 286.309 308.175 207.513
11 0.350888 -0.0279353 2.44984 2 582.516 286.985 310.675 208.003
12 -0.212767 -0.273526 2.21369 2 417.795 343.798 222.824 249.18
13 -0.332951 -0.638539 2.30054 2 383.824 422.521 204.706 306.237
14 -0.414223 -1.00534 2.49762 2 368.907 486.683 196.75 352.741
15 -0.335267 -1.05474 2.46072 2 389.434 500.027 207.698 362.412
16 -0.140932 -0.264315 2.33471 2 442.435 338.514 235.965 245.35
17 -0.104183 -0.609583 2.50384 2 455.232 404.885 242.79 293.455
18 -0.0889517 -0.902237 2.66519 2 460.846 453.701 245.785 328.836
19 0.0210661 -0.935016 2.65154 2 489.46 460.95 261.045 334.091
20 -0.0650873 0.255069 2.14473 2 463.084 221.022 246.978 160.193
21 -0.288343 -0.346074 2.0713 2 387.95 366.001 206.907 265.273
22 -0.26165 -0.247924 2.093 2 397.864 341.238 212.194 247.325
23 0.416506 -0.0190604 2.45841 2 600.623 285.139 320.332 206.665
24 0.323016 -0.0579671 2.44925 2 574.687 293.192 306.5 212.501
1
0
0.486217 0.0201934 0.856519 -0.171929
0.453178 0.0267396 0.87445 -0.171033
0.41296 0.0190499 0.88698 -0.205832
0 0 0 0
-0.155903 0.675243 -0.568414 0.443447
0.00183629 0.936482 -0.292444 0.193583
0.0145511 0.257852 0.0617566 0.964099
-0.062334 0.272639 0.238687 0.929952
0.375067 0.78183 0.422778 0.263298
-0.268559 0.198216 0.340968 0.878822
-0.541017 -0.328646 -0.113587 0.765761
-0.553876 -0.207486 -0.312675 0.74324
0.31695 -0.511043 0.629834 -0.491617
0.0690605 0.949136 -0.178871 -0.249753
0.204829 0.92968 -0.160474 -0.260744
0 0 0 0
0.350435 0.63438 0.684163 0.0817217
0.0167875 0.275409 0.229635 0.933347
0.00916051 0.126225 0.250022 0.959934
0 0 0 0
0.416586 0.0270724 0.889308 -0.186692
0 0 0 0
0 0 0 0
0 0 0 0
0 0 0 0
