86085215
0 -0.405993 -0.258829 2.20537 2 356.993 340.772 190.396 246.987
1 -0.457439 0.0175477 2.10567 2 334.135 276.982 178.205 200.752
2 -0.503019 0.287681 1.99213 2 309.383 207.743 165.004 150.57
3 -0.455728 0.420577 1.96835 2 323.758 172.421 172.671 124.968
4 -0.555589 0.13392 1.92579 2 284.457 245.825 151.71 178.171
5 -0.565426 -0.105847 1.93768 1 282.17 309.007 150.491 223.964
6 -0.493943 -0.29306 1.9959 1 312.874 355.903 166.866 257.953
7 -0.462115 -0.357483 2.02068 1 325.854 371.209 173.789 269.047
8 -0.398337 0.186134 2.13859 2 355.55 237.059 189.627 171.817
9 -0.3344 -0.0248539 2.30721 1 384.218 286.666 204.916 207.771
10 -0.277008 -0.187826 2.42635 1 405.407 320.403 216.217 232.223
11 -0.265099 -0.218097 2.44784 1 409.44 326.322 218.368 236.514
12 -0.435368 -0.270726 2.13482 2 343.204 345.616 183.042 250.498
13 -0.448773 -0.669821 2.30281 2 348.976 429.46 186.12 311.267
14 -0.47886 -1.00658 2.47115 2 349.52 489.154 186.411 354.532
15 -0.386202 -1.06499 2.44499 2 374.374 503.575 199.666 364.984
16 -0.363533 -0.239781 2.20865 2 370.518 336.269 197.609 243.723
17 -0.336162 -0.519875 2.49398 2 390.902 387.106 208.481 280.569
18 -0.39552 -0.901851 2.66287 2 381.027 453.912 203.214 328.989
19 -0.305836 -0.947508 2.68595 2 405.048 461.1 216.026 334.199
20 -0.492421 0.221154 2.02277 2 315.786 225.634 168.419 163.536
21 -0.435289 -0.41029 2.02914 2 335.624 384.093 179 278.385
22 -0.447275 -0.332056 2.02124 2 331.043 364.746 176.556 264.363
23 -0.26466 -0.252451 2.4507 2 409.632 333.379 218.471 241.629
24 -0.243885 -0.199788 2.43126 2 414.953 322.806 221.308 233.965
1
0
0.386582 -0.147835 0.902129 -0.121911
0.399606 -0.149585 0.896436 -0.119757
0.415362 -0.157034 0.881441 -0.16086
0 0 0 0
-0.216242 0.790696 -0.390253 0.419217
0.0294228 0.961401 -0.012931 0.273269
-0.100614 0.403959 0.203256 0.886217
-0.127155 0.401201 0.245048 0.873396
0.302779 0.728025 0.54229 0.290217
0.0179201 0.377542 0.345835 0.858801
0.0608799 0.556854 0.328674 0.760382
0.044299 0.561866 0.331446 0.756629
-0.373955 0.642015 -0.532204 0.405874
0.179927 0.918719 -0.0837081 -0.341429
0.213816 0.947016 -0.0920249 -0.221303
0 0 0 0
0.168929 0.539629 0.821957 -0.068196
0.107993 0.339873 0.372686 0.856697
0.0661584 -0.0280392 0.207063 0.975685
0 0 0 0
0.414868 -0.15342 0.886127 -0.138298
0 0 0 0
0 0 0 0
0 0 0 0
0 0 0 0
