1529975
0 0.954898 0.326588 3.32245 2 682.747 231.181 364.132 167.557
1 0.958191 0.598085 3.20592 2 690.985 186.122 368.525 134.899
2 0.957443 0.862636 3.07784 2 699.719 138.163 373.184 100.139
3 0.898272 0.966688 3.05011 2 688.254 119.429 367.069 86.5605
4 0.882863 0.823677 3.27171 2 670.953 152.835 357.841 110.772
5 0.872127 0.652328 3.41975 1 660.433 184.079 352.231 133.418
6 0.84231 0.364638 3.50441 2 649.97 228.327 346.651 165.488
7 0.836154 0.30973 3.51883 2 648.034 236.487 345.618 171.403
8 1.04555 0.725951 3.00172 2 725.565 157.769 386.968 114.349
9 1.08512 0.500278 3.00905 2 734.001 196.383 391.467 142.336
10 1.01505 0.251822 3.09857 2 710.773 239.804 379.079 173.807
11 0.990717 0.192035 3.12751 2 703.191 249.941 375.035 181.154
12 0.909943 0.338666 3.33767 2 672.445 229.589 358.637 166.403
13 0.966912 -0.0115656 3.55122 2 672.083 282.867 358.444 205.018
14 1.03445 -0.339058 3.69609 2 677.48 327.886 361.323 237.647
15 0.941598 -0.332852 3.76939 2 656.511 326.096 350.139 236.35
16 0.981126 0.307849 3.24012 2 693.488 232.832 369.86 168.754
17 1.07419 -0.0776822 3.38023 2 703.864 292.913 375.394 212.299
18 1.21213 -0.426208 3.50797 2 723.387 343.161 385.806 248.718
19 1.20356 -0.5138 3.43637 2 726.728 357.474 387.588 259.092
20 0.958217 0.797419 3.1119 2 697.474 150.46 371.986 109.051
21 0.840714 0.260415 3.54233 2 647.807 243.864 345.497 176.749
22 0.847463 0.309906 3.4689 2 652.685 235.807 348.099 170.91
23 0.97678 0.130126 3.16913 2 697.19 260.308 371.834 188.667
24 0.948594 0.189836 3.12112 2 694.215 250.248 370.248 181.376
1
1
-0.451023 0.0977492 0.869492 -0.176087
-0.467458 0.101076 0.860768 -0.174198
-0.481823 0.113536 0.843221 -0.209607
0 0 0 0
-0.463696 -0.581891 0.598736 0.296487
-0.212632 -0.622527 0.27723 0.70028
0.150589 0.940616 -0.00388777 0.30422
0.138086 0.941901 -0.0123728 0.305945
-0.164208 0.71248 0.496453 -0.467912
0.0421006 0.94715 0.0774122 -0.30845
0.0263583 0.692877 -0.211284 -0.688902
0.0240077 0.679309 -0.27717 -0.679073
-0.27277 -0.613537 0.740883 -0.016178
-0.145915 -0.276885 0.236358 0.91988
-0.022972 0.31941 0.223912 0.920496
0 0 0 0
-0.345106 0.605158 0.524335 -0.489651
0.132944 0.941949 0.155058 0.266488
0.0327104 0.793028 0.242628 0.557824
0 0 0 0
-0.483419 0.108345 0.847657 -0.189858
0 0 0 0
0 0 0 0
0 0 0 0
0 0 0 0
