1255815
0 -0.070494 -0.0885694 2.63369 2 465.571 298.209 248.305 216.138
1 -0.0494571 0.209878 2.51956 2 470.466 239.084 250.915 173.285
2 -0.0314988 0.49966 2.39121 2 474.874 175.197 253.266 126.98
3 0.0684421 0.601662 2.40274 2 503.624 153.985 268.6 111.607
4 -0.118264 0.359308 2.3161 2 448.801 202.615 239.361 146.853
5 -0.212551 0.118396 2.29888 2 420.389 255.156 224.208 184.933
6 -0.17888 -0.106381 2.34538 2 431.537 304.15 230.153 220.444
7 -0.168772 -0.170648 2.36862 2 434.973 317.656 231.986 230.233
8 0.0395494 0.422218 2.6044 1 494.412 199.079 263.686 144.29
9 0.145623 0.300075 2.75715 1 520.281 226.132 277.483 163.897
10 0.314333 0.166524 2.83634 1 560.183 251.496 298.764 182.281
11 0.37234 0.121163 2.869 1 573.245 259.83 305.731 188.322
12 -0.0951819 -0.105858 2.51721 2 457.98 302.47 244.256 219.226
13 -0.186206 -0.509078 2.63493 2 435.239 379.22 232.127 274.854
14 -0.281635 -0.848162 2.77106 2 413.618 437.086 220.596 316.794
15 -0.212263 -0.916903 2.73018 2 430.114 452.354 229.394 327.86
16 -0.0449696 -0.0733609 2.66749 2 472.378 295.11 251.935 213.892
17 0.00215561 -0.412617 2.90074 2 484.468 353.235 258.383 256.02
18 -0.00750686 -0.717863 3.06311 2 482.266 400.21 257.208 290.067
19 0.0801328 -0.75872 3.05161 2 502.086 407.525 267.779 295.368
20 -0.0356893 0.428457 2.42562 2 473.822 191.684 252.705 138.93
21 -0.149093 -0.225392 2.41804 2 441.56 328.374 235.499 238.001
22 -0.179219 -0.19 2.34068 2 431.309 322.282 230.031 233.586
23 0.422832 0.0874438 2.89065 1 584.628 265.891 311.802 192.714
24 0.342435 0.0865408 2.83367 1 567.074 265.754 302.44 192.615
1
0
0.575 -0.0789711 0.797109 -0.166603
0.532789 -0.0702044 0.825919 -0.170482
0.484282 -0.0872471 0.845589 -0.206973
0 0 0 0
-0.169159 0.704596 -0.496281 0.478158
0.012676 0.952067 -0.187769 0.241143
0.115345 0.964556 0.0474265 -0.232546
0.183646 0.95641 0.0333749 -0.224588
0.458717 0.646108 0.522976 0.314037
-0.0860857 0.362601 0.467018 0.801875
0.4045 0.709034 0.212463 -0.537132
0.425697 0.713109 0.192965 -0.522515
-0.379958 0.557227 -0.532714 0.51122
0.12248 0.974505 -0.126176 -0.139352
0.136157 0.926899 -0.180331 -0.299667
0 0 0 0
0.459494 0.544777 0.676628 0.18509
-0.00743568 0.165705 0.301004 0.939086
0.0519723 0.151389 0.236723 0.958302
0 0 0 0
0.487859 -0.0747276 0.848881 -0.189237
0 0 0 0
0 0 0 0
0 0 0 0
0 0 0 0
