1535470
0 0.975841 0.321692 3.31153 2 687.82 231.758 366.837 167.975
1 0.969919 0.600749 3.21103 2 693.201 185.843 369.707 134.697
2 0.96109 0.872173 3.10031 2 698.971 137.63 372.785 99.7527
3 0.896548 0.968684 3.07978 2 685.89 120.663 365.808 87.4547
4 0.883069 0.823917 3.28914 2 669.997 153.483 357.332 111.243
5 0.868808 0.583248 3.44015 1 658.639 194.919 351.274 141.275
6 0.831226 0.355679 3.50159 1 647.897 229.591 345.545 166.405
7 0.830624 0.297575 3.52921 2 646.45 238.374 344.773 172.77
8 1.04095 0.735752 3.01621 2 723.341 156.706 385.782 113.578
9 1.09637 0.512221 3.01872 2 735.801 194.63 392.427 141.065
10 0.876093 0.357518 3.08549 2 680.367 222.231 362.862 161.07
11 0.820939 0.341624 3.09308 2 667.434 225.027 355.965 163.097
12 0.934503 0.325781 3.32896 2 678.08 231.413 361.643 167.725
13 0.965205 -0.0184843 3.55558 2 671.516 283.854 358.142 205.733
14 1.03641 -0.343773 3.70319 2 677.476 328.445 361.321 238.052
15 1.07827 -0.426574 3.6724 1 687.119 340.353 366.463 246.683
16 0.997826 0.310807 3.2278 2 697.911 232.171 372.219 168.275
17 1.07547 -0.0748 3.3759 2 704.412 292.493 375.687 211.995
18 1.21223 -0.427001 3.49968 2 723.979 343.424 386.122 248.909
19 1.20868 -0.517389 3.43581 2 727.811 358.022 388.166 259.489
20 0.963809 0.805451 3.13022 2 697.466 149.914 371.982 108.656
21 0.836546 0.252038 3.55078 2 646.593 245.154 344.849 177.684
22 0.846755 0.284433 3.49517 2 651.251 239.859 347.334 173.847
23 0.771708 0.311391 3.12816 2 654.373 230.61 348.999 167.143
24 0.83412 0.314364 3.11207 2 669.236 229.828 356.926 166.576
1
0
-0.472793 0.0736373 0.864176 -0.155704
-0.484713 0.0757862 0.857547 -0.15467
-0.493611 0.0891353 0.843969 -0.190051
0 0 0 0
0.452747 0.604431 -0.588677 -0.288345
-0.137061 -0.550957 0.241286 0.787046
0.151997 0.886913 -0.014045 0.435988
0.201185 0.882585 0.0893968 0.415424
-0.192299 0.703228 0.486984 -0.480976
0.0208362 0.984574 0.119539 -0.126056
0.466675 0.357314 -0.057461 0.806994
0.582265 0.307442 -0.153964 0.73671
-0.26176 -0.673801 0.690551 0.0247635
-0.118645 -0.272276 0.263517 0.917795
0.228955 0.808387 -0.0324111 -0.541332
0 0 0 0
-0.380133 0.572668 0.541403 -0.484183
0.14859 0.944293 0.138555 0.258908
0.0280249 0.791416 0.237247 0.562662
0 0 0 0
-0.495794 0.0821113 0.847985 -0.168428
0 0 0 0
0 0 0 0
0 0 0 0
0 0 0 0
