1522893
0 0.96735 0.34096 3.32626 2 685.138 229.032 365.407 165.999
1 0.964904 0.608508 3.21949 2 691.567 184.868 368.836 133.989
2 0.960315 0.870098 3.09904 2 698.885 137.914 372.739 99.9581
3 0.889546 0.968412 3.07563 2 684.581 120.493 365.11 87.3316
4 0.885472 0.82733 3.28353 2 670.83 152.729 357.776 110.696
5 0.85794 0.580025 3.44585 2 656.148 195.548 349.946 141.731
6 0.805665 0.371093 3.50154 2 642.831 227.363 342.843 164.789
7 0.801561 0.3281 3.51236 2 641.499 233.759 342.133 169.425
8 1.02865 0.740713 3.00568 2 721.34 155.428 384.715 112.652
9 1.04665 0.524236 2.92465 2 732.111 189.75 390.459 137.528
10 0.820765 0.54299 2.90589 2 679.527 186.004 362.415 134.813
11 0.760295 0.604846 2.87034 2 667.362 173.846 355.926 126.001
12 0.928045 0.3494 3.34597 2 675.753 228.076 360.401 165.306
13 0.972522 -0.00950596 3.55705 2 672.872 282.57 358.865 204.803
14 1.03024 -0.341256 3.69713 2 676.632 328.174 360.871 237.856
15 0.939281 -0.335183 3.77217 2 655.957 326.376 349.844 236.553
16 0.986601 0.32662 3.24012 2 694.68 229.877 370.496 166.612
17 1.09061 -0.0605477 3.37933 2 707.317 290.336 377.236 210.431
18 1.20615 -0.390891 3.48379 2 723.845 338.418 386.051 245.281
19 1.20414 -0.486666 3.44579 2 726.16 353.242 387.286 256.025
20 0.962024 0.805915 3.13148 2 696.983 149.892 371.724 108.64
21 0.797044 0.268759 3.53076 2 639.75 242.555 341.2 175.8
22 0.83043 0.295455 3.49267 2 648.126 238.231 345.667 172.666
23 0.694291 0.639971 2.83606 2 653.437 166.256 348.5 120.5
24 0.747082 0.588911 2.86167 2 664.689 176.376 354.501 127.835
1
3
-0.49794 0.0919624 0.846418 -0.164847
-0.506194 0.0935702 0.841508 -0.16394
-0.510215 0.111199 0.828127 -0.203769
0 0 0 0
-0.450642 -0.592819 0.599438 0.293531
-0.114171 -0.519297 0.266009 0.804074
0.171389 0.829329 -0.0319661 0.530864
0.128401 0.837067 0.0264168 0.531164
-0.233231 0.676385 0.487227 -0.500716
-0.179779 0.981483 0.0286394 0.0595864
0.666567 0.234847 -0.311313 0.63531
0.713645 0.0573261 -0.566921 0.407461
-0.302488 -0.635769 0.70906 0.0391403
-0.117555 -0.236243 0.240067 0.934205
-0.0103014 0.328069 0.212312 0.920428
0 0 0 0
-0.386641 0.576887 0.519934 -0.497372
0.135784 0.95352 0.15938 0.216704
0.0374955 0.825388 0.215282 0.52056
0 0 0 0
-0.512692 0.103311 0.832931 -0.180833
0 0 0 0
0 0 0 0
0 0 0 0
0 0 0 0
