1530808
0 -0.123578 0.0842191 3.21711 2 457.57 267.978 244.038 194.227
1 -0.104712 0.348655 3.09129 2 460.662 224.137 245.687 162.451
2 -0.0815713 0.603299 2.95492 2 464.926 177.638 247.96 128.75
3 -0.0293899 0.713993 2.94157 2 477.06 157.926 254.432 114.463
4 -0.150184 0.455263 2.91738 2 448.513 202.148 239.207 146.514
5 -0.126982 0.198844 2.9731 2 454.606 247.391 242.457 179.306
6 -0.00951921 0.0308449 3.04817 2 481.812 276.097 256.966 200.111
7 0.0108177 -0.00220741 3.0849 2 486.365 281.572 259.395 204.08
8 0.00421962 0.481437 3.09722 1 484.894 202.477 258.61 146.753
9 0.0428614 0.272144 3.16541 1 493.263 237.731 263.073 172.304
10 0.0730448 0.131722 3.38104 2 498.797 261.519 266.025 189.545
11 0.0842542 0.112833 3.4065 2 500.946 264.469 267.171 191.684
12 -0.163263 0.08033 3.13128 2 448.137 268.242 239.006 194.418
13 -0.0280928 -0.213268 3.27019 2 478.054 314.182 254.962 227.715
14 -0.0681806 -0.54489 3.4182 2 470.225 361.966 250.786 262.348
15 -0.00198442 -0.591593 3.40327 2 483.555 369.305 257.896 267.667
16 -0.0812929 0.0858899 3.23662 2 466.705 267.798 248.909 194.097
17 -0.0852947 -0.226093 3.4553 2 466.995 314.294 249.064 227.796
18 0.0207035 -0.537521 3.5486 2 487.972 357.927 260.252 259.42
19 0.0944683 -0.544553 3.54224 2 502.314 359.079 267.901 260.256
20 -0.0874264 0.540779 2.99069 2 463.818 189.548 247.37 137.382
21 0.052905 -0.0461722 3.10433 2 495.661 288.728 264.353 209.266
22 -0.0382635 -0.0161964 3.11 2 475.507 283.843 253.604 205.725
23 0.125754 0.0781174 3.44067 2 509.062 269.735 271.5 195.5
24 0.0487672 0.119803 3.39281 2 493.829 263.364 263.376 190.882
3
0
0.404444 -0.0612104 0.887126 -0.213743
0.387998 -0.057254 0.894441 -0.214836
0.367089 -0.0586105 0.893206 -0.252969
0 0 0 0
-0.135932 0.789068 -0.387175 0.457154
0.0971965 0.978397 0.0620574 0.171584
-0.337938 -0.429903 0.031861 0.83664
-0.377325 -0.460587 0.219899 0.772742
0.320178 0.808982 0.450532 0.200139
-0.171824 -0.696727 0.047279 0.694848
-0.341358 -0.53499 0.335378 0.696263
-0.398422 -0.501494 0.245657 0.72761
0.287594 -0.547447 0.629875 -0.469945
0.255389 0.9167 0.132292 -0.277373
0.191414 0.955773 -0.0976184 -0.200822
0 0 0 0
0.301146 0.694314 0.653635 0.000429279
0.113745 0.34418 0.278656 0.889355
-0.14659 0.0801642 0.152105 0.97414
0 0 0 0
0.369458 -0.0528716 0.897243 -0.235924
0 0 0 0
0 0 0 0
0 0 0 0
0 0 0 0
