1538129
0 0.929037 0.314343 3.32414 2 677.21 233.095 361.179 168.944
1 0.911326 0.619452 3.22405 2 679.695 183.307 362.504 132.859
2 0.88667 0.91605 3.11322 2 681.476 131.051 363.454 94.9838
3 0.834287 1.01812 3.12135 2 669.351 114.728 356.987 83.1536
4 0.825457 0.823499 3.23784 1 660.583 151.548 352.311 109.84
5 0.806885 0.563341 3.369 1 649.55 196.138 346.426 142.158
6 0.83949 0.352876 3.57205 1 646.243 231.014 344.663 167.436
7 0.83192 0.298905 3.60951 1 643.056 239.147 342.963 173.331
8 0.910954 0.762352 3.00927 2 693.844 151.96 370.05 110.138
9 0.65852 0.713204 2.9151 2 640.346 156.575 341.518 113.484
10 0.494119 0.864189 2.90157 2 601.885 129.442 321.005 93.8175
11 0.50446 0.885786 2.89484 2 604.663 125.248 322.487 90.7781
12 0.890377 0.322962 3.33342 2 668.585 231.931 356.579 168.101
13 0.9503 -0.00747979 3.57062 2 667.808 282.276 356.164 204.589
14 1.04273 -0.333755 3.70452 2 678.591 327.053 361.915 237.043
15 0.970841 -0.404876 3.64902 2 667.884 337.654 356.205 244.727
16 0.948201 0.299284 3.24774 2 685.91 234.305 365.818 169.821
17 1.05215 -0.0759449 3.3977 2 698.189 292.589 372.367 212.065
18 1.20423 -0.419563 3.4971 2 722.555 342.382 385.363 248.154
19 1.18906 -0.511072 3.43628 2 723.788 357.064 386.02 258.795
20 0.89372 0.842955 3.1427 2 681.116 144.372 363.262 104.639
21 0.829169 0.292748 3.59655 1 643.099 239.866 342.986 173.851
22 0.812829 0.28725 3.58541 1 640.426 240.522 341.56 174.327
23 0.485758 0.948499 2.86994 2 601.253 112.676 320.668 81.6659
24 0.509922 0.876403 2.85914 2 607.501 124.963 324.001 90.5716
0
0
-0.473757 0.0511951 0.865979 -0.151702
-0.497765 0.0554132 0.852406 -0.150213
-0.521739 0.062594 0.830447 -0.185009
0 0 0 0
0.35584 0.712429 -0.539838 -0.272761
0.215866 0.83912 0.0885001 0.491373
0.338065 0.753987 -0.167609 -0.537701
0.214166 0.79325 -0.2147 -0.528006
-0.33888 0.674082 0.358044 -0.550071
-0.190753 0.766792 -0.611461 0.0419399
0.0413839 -0.402728 0.914263 -0.0148652
0.35393 0.148843 0.899371 -0.20907
-0.214095 -0.627157 0.748401 -0.0270841
-0.161364 -0.274851 0.268544 0.909012
-0.188243 -0.342295 0.130807 0.911201
0 0 0 0
-0.35977 0.576743 0.526006 -0.511127
0.14416 0.939989 0.171942 0.257049
0.0128294 0.83956 0.240453 0.486987
0 0 0 0
-0.523207 0.0603585 0.833559 -0.166705
0 0 0 0
0 0 0 0
0 0 0 0
0 0 0 0
