1535622
0 0.0146819 0.0803387 3.15838 2 487.149 268.355 259.813 194.5
1 -0.0281655 0.338478 3.04704 2 477.601 225.005 254.72 163.081
2 -0.0514088 0.592737 2.92907 2 471.858 178.563 251.658 129.42
3 -0.00649061 0.705672 2.90955 2 482.417 158.024 257.289 114.533
4 -0.112998 0.447102 2.88168 2 456.961 202.613 243.713 146.851
5 -0.100848 0.199434 2.92447 2 460.26 246.728 245.472 178.825
6 -0.00587837 -0.00766878 3.02153 2 482.621 282.493 257.398 204.747
7 -0.00792618 -0.0380044 3.05961 2 482.177 287.488 257.161 208.367
8 0.0407378 0.519254 3.07849 1 493.069 195.743 262.97 141.872
9 0.0791844 0.30974 3.14674 1 501.256 231.417 267.336 167.728
10 0.17698 0.192821 3.32786 2 520.502 251.912 277.601 182.582
11 0.215653 0.166211 3.32506 2 528.528 255.933 281.881 185.496
12 -0.0266636 0.072281 3.07422 2 478 269.328 254.933 195.205
13 -0.0484226 -0.209216 3.25008 2 473.72 313.756 252.651 227.406
14 -0.0810027 -0.52646 3.41657 2 467.637 359.261 249.406 260.387
15 -0.0104408 -0.590228 3.40801 2 481.847 368.978 256.985 267.43
16 0.053413 0.0864088 3.17606 2 495.507 267.461 264.271 193.852
17 0.0133679 -0.260719 3.27585 1 486.761 321.457 259.606 232.987
18 0.0187634 -0.503294 3.60773 1 487.535 351.842 260.019 255.01
19 0.088485 -0.533118 3.59012 2 500.92 356.416 267.157 258.326
20 -0.0452534 0.530437 2.96149 2 473.431 190.424 252.496 138.017
21 0.0159057 -0.0926555 3.09018 2 487.492 296.365 259.996 214.801
22 -0.0539495 -0.0425492 3.07719 2 471.916 288.199 251.688 208.883
23 0.248101 0.114706 3.33235 2 535.122 263.804 285.398 191.201
24 0.195458 0.159671 3.32233 2 524.383 256.91 279.671 186.205
1
0
0.411083 -0.15434 0.885936 -0.149359
0.411751 -0.154452 0.885626 -0.149242
0.416896 -0.142393 0.876383 -0.194616
0 0 0 0
-0.151523 0.785871 -0.406995 0.44023
0.0739644 0.948897 0.0490488 0.302849
-0.269146 -0.416853 0.0970822 0.862768
-0.212069 -0.481219 0.379187 0.761362
0.368104 0.685572 0.571054 0.26151
-0.15471 -0.506792 0.0879208 0.843502
-0.427612 -0.43019 0.264933 0.749596
-0.432113 -0.270945 -0.174235 0.842324
-0.357446 0.62533 -0.573955 0.389578
0.250252 0.911522 -0.119279 -0.303765
0.222711 0.946823 -0.0974084 -0.210802
0 0 0 0
0.267915 0.653896 0.706255 0.0429593
0.141527 0.748393 0.0485723 0.646157
0.0973775 0.205906 0.442148 0.86754
0 0 0 0
0.420071 -0.126647 0.882462 -0.169591
0 0 0 0
0 0 0 0
0 0 0 0
0 0 0 0
