1249880
0 -0.181151 -0.105414 2.54366 2 435.015 302.168 232.008 219.007
1 -0.234409 0.180226 2.44119 2 417.918 243.848 222.889 176.738
2 -0.284518 0.457839 2.32693 2 399.591 181.313 213.115 131.413
3 -0.224055 0.590332 2.29106 2 416.378 150.19 222.068 108.856
4 -0.355058 0.30764 2.26993 2 376.119 212.456 200.597 153.986
5 -0.383829 0.0642682 2.28867 2 368.468 266.981 196.516 193.504
6 -0.313271 -0.151033 2.33869 2 391.769 313.916 208.943 227.522
7 -0.286726 -0.202974 2.36251 2 400.431 324.72 213.563 235.353
8 -0.149338 0.323737 2.43617 2 441.771 213.918 235.611 155.045
9 -0.0815104 0.12605 2.6578 1 462.888 257.236 246.874 186.441
10 -0.0307943 -0.0762513 2.75192 1 476.271 295.215 254.011 213.967
11 -0.037699 -0.104559 2.75083 1 474.543 300.422 253.09 217.742
12 -0.228281 -0.106251 2.47254 2 420.485 302.949 224.259 219.574
13 -0.255641 -0.499823 2.70991 2 418.92 374.78 223.424 271.636
14 -0.255559 -0.816367 2.87621 2 422.513 425.642 225.34 308.499
15 -0.163039 -0.874232 2.83226 2 444.128 438.364 236.868 317.72
16 -0.128547 -0.101667 2.54404 2 449.241 301.414 239.595 218.461
17 -0.151155 -0.512639 2.86857 2 447.653 371.811 238.748 269.484
18 -0.152906 -0.784015 2.96408 2 448.317 415.68 239.102 301.279
19 -0.0813882 -0.832079 2.91875 2 464.681 426.223 247.83 308.921
20 -0.272477 0.389653 2.35765 2 404.293 197.382 215.623 143.059
21 -0.262958 -0.259091 2.38686 2 408.124 336.191 217.666 243.667
22 -0.254413 -0.190761 2.35027 2 409.484 322.301 218.392 233.599
23 -0.0522013 -0.155515 2.6901 2 470.625 310.436 251 225
24 -0.0395004 -0.104824 2.74493 1 474.072 300.513 252.839 217.807
1
0
0.282256 -0.133043 0.940149 -0.136937
0.285967 -0.133583 0.939027 -0.13641
0.291437 -0.140007 0.930131 -0.174126
0 0 0 0
-0.187081 0.812822 -0.428522 0.347404
0.0475875 0.983174 -0.0513639 0.168718
-0.0435084 0.649531 0.184773 0.736258
-0.0365815 0.626654 0.294073 0.720755
0.193772 0.822903 0.506716 0.168881
0.207178 0.660302 0.364158 0.623271
-0.119603 -0.0250073 0.208869 0.97028
0.119144 0.00677445 -0.0195942 0.99266
0.308234 -0.612318 0.632523 -0.360518
0.226277 0.863283 -0.146282 -0.426781
0.228192 0.92484 -0.0727797 -0.295471
0 0 0 0
0.125948 0.672174 0.720879 -0.112487
0.166489 0.420825 0.283271 0.845544
0.0594713 0.33111 0.157567 0.928441
0 0 0 0
0.29078 -0.13666 0.934546 -0.152954
0 0 0 0
0 0 0 0
0 0 0 0
0 0 0 0
