9362298
0 -0.308174 -0.0627553 2.573 2 401.582 293.554 214.177 212.764
1 -0.332974 0.247229 2.51016 2 392.623 231.31 209.399 167.65
2 -0.355236 0.548515 2.43469 2 383.157 166.681 204.351 120.808
3 -0.380855 0.67022 2.44297 2 376.086 141.526 200.579 102.576
4 -0.481561 0.397627 2.47715 2 349.729 199.655 186.522 144.707
5 -0.599533 0.327315 2.69454 1 330.321 219.49 176.171 159.083
6 -0.37931 0.28157 2.5254 2 380.473 224.684 202.919 162.848
7 -0.217008 0.214226 2.34851 1 420.394 235.038 224.21 170.352
8 -0.255368 0.387718 2.34145 2 408.787 197.23 218.02 142.949
9 -0.195199 0.188133 2.36187 2 427.125 240.905 227.8 174.605
10 -0.182667 -0.0111142 2.38975 1 431.431 283.562 230.097 205.522
11 -0.173837 -0.0858958 2.42972 1 434.79 299.087 231.888 216.775
12 -0.357437 -0.0684484 2.56992 2 388.254 294.697 207.069 213.592
13 -0.359399 -0.473172 2.81024 2 395.775 366.641 211.08 265.736
14 -0.199789 -0.820132 2.78003 2 434.25 431.359 231.6 312.643
15 -0.12733 -0.873245 2.78237 2 452.29 441.017 241.221 319.643
16 -0.250383 -0.0552406 2.50641 2 415.28 292.36 221.483 211.899
17 -0.224759 -0.498805 2.68208 2 426.189 375.549 227.301 272.193
18 -0.312222 -0.810273 2.93074 2 410.289 421.891 218.821 305.781
19 -0.216043 -0.840518 2.84831 2 431.492 431.407 230.129 312.678
20 -0.350113 0.474517 2.45584 2 385.562 183.08 205.633 132.694
21 -0.141216 0.228823 2.36141 2 442.835 232.179 236.179 168.28
22 -0.188832 0.154586 2.36708 2 429.113 248.173 228.86 179.873
23 -0.154235 -0.160874 2.43415 2 440.405 314.638 234.883 228.045
24 -0.15056 -0.142017 2.4094 2 441.01 311.02 235.205 225.423
1
1
-0.249333 -0.013077 0.96248 -0.106279
-0.23855 -0.0142651 0.965209 -0.106126
-0.223498 -0.00141036 0.964228 -0.142514
0 0 0 0
0.0543833 0.86488 -0.497014 -0.0447555
0.482591 0.789552 -0.361093 -0.115437
-0.460401 -0.0944692 -0.454706 0.756538
-0.373154 -0.0610046 -0.475084 0.794562
-0.236954 0.80453 0.437703 -0.324038
0.0619509 0.984311 0.140446 -0.0870023
0.0530786 0.927613 0.0544388 0.365724
0.206401 0.903597 0.137132 0.349437
0.0437344 0.740387 -0.663926 0.0954777
0.117103 0.419479 0.23743 0.868304
-0.125318 -0.678595 -0.177395 0.701666
0 0 0 0
-0.237641 0.584474 0.697128 -0.340483
0.1465 0.842025 0.119739 0.505167
0.216102 0.314047 0.267642 0.884897
0 0 0 0
-0.225368 -0.00936605 0.966546 -0.12211
0 0 0 0
0 0 0 0
0 0 0 0
0 0 0 0
