9452788
0 -0.122197 -0.0345273 2.5377 2 450.879 288.088 240.469 208.802
1 -0.0910376 0.248804 2.47236 2 458.64 230.297 244.608 166.916
2 -0.0599152 0.523856 2.39503 2 466.702 170.201 248.908 123.359
3 0.0101448 0.635231 2.40732 2 486.867 147.088 259.663 106.607
4 -0.149873 0.375909 2.29563 2 438.991 198.219 234.128 143.666
5 -0.178578 0.10588 2.31952 2 431.041 258.124 229.889 187.085
6 -0.123657 -0.1576 2.37548 2 448.181 314.762 239.03 228.135
7 -0.124455 -0.186974 2.407 2 448.417 320.5 239.156 232.294
8 -0.0287462 0.434812 2.61729 1 476.394 197.037 254.077 142.81
9 0.0981905 0.364555 2.74553 1 508.563 213.987 271.233 155.095
10 0.283965 0.370617 2.81712 1 553.362 214.555 295.126 155.506
11 0.369533 0.388913 2.8399 1 573.613 211.777 305.927 153.493
12 -0.134405 -0.0320305 2.44596 2 446.207 287.831 237.977 208.616
13 -0.177994 -0.466699 2.61085 2 436.979 371.848 233.056 269.511
14 -0.275968 -0.856554 2.80087 2 415.769 436.947 221.744 316.693
15 -0.198312 -0.887582 2.78432 2 434.657 443.574 231.817 321.497
16 -0.101687 -0.0337472 2.57065 2 456.786 287.846 243.619 208.627
17 -0.0459566 -0.399404 2.83804 2 472.814 352.468 252.168 255.464
18 -0.0438667 -0.73532 2.94894 2 473.686 407.89 252.633 295.633
19 -0.107914 -0.819842 2.88536 2 458.102 425.745 244.321 308.574
20 -0.0676892 0.456322 2.41653 2 464.655 185.463 247.816 134.421
21 -0.119248 -0.242001 2.41465 2 449.999 331.92 239.999 240.571
22 -0.18657 -0.178724 2.428 2 431.126 318.451 229.934 230.809
23 0.421375 0.428798 2.87999 1 584.832 205.674 311.91 149.07
24 0.407959 0.377789 2.80213 1 584.301 212.833 311.627 154.259
1
0
0.592761 -0.0242181 0.795657 -0.122385
0.569477 -0.0206647 0.812485 -0.123035
0.540893 -0.0375561 0.825247 -0.158091
0 0 0 0
-0.182555 0.707077 -0.475071 0.490942
0.0530782 0.979768 -0.0435534 0.187991
-0.132263 -0.372805 0.0572601 0.916648
-0.153414 -0.373962 0.368235 0.837269
0.488808 0.629625 0.456906 0.394811
-0.384652 0.0251689 0.413072 0.825094
0.365865 0.686574 0.617544 -0.115752
0.363831 0.61515 0.684691 -0.142884
0.427314 -0.486161 0.575227 -0.500165
0.170555 0.971486 -0.0738873 -0.147195
0.201892 0.958593 -0.144346 -0.139652
0 0 0 0
0.411534 0.644751 0.583686 0.272482
-0.0150595 0.14904 0.314946 0.937213
0.140492 0.882061 0.0739994 0.443571
0 0 0 0
0.54395 -0.0260941 0.827119 -0.138965
0 0 0 0
0 0 0 0
0 0 0 0
0 0 0 0
