9395588
0 -0.422502 -0.0299325 2.6137 2 372.666 287.012 198.755 208.023
1 -0.43516 0.270462 2.55091 2 366.372 227.434 195.398 164.841
2 -0.448002 0.563286 2.47616 2 358.87 165.48 191.397 119.938
3 -0.462865 0.689122 2.49028 2 355.279 140.238 189.482 101.643
4 -0.529155 0.418262 2.47616 2 336.302 195.329 179.361 141.572
5 -0.333042 0.230543 2.39499 2 388.2 232.434 207.04 168.465
6 -0.300505 0.025883 2.44539 1 399.438 275.854 213.033 199.935
7 -0.290482 -0.0531975 2.49564 2 403.911 291.998 215.419 211.636
8 -0.352763 0.39609 2.38615 2 381.983 196.957 203.724 142.752
9 -0.291765 0.191131 2.4273 2 401.243 241.339 213.996 174.919
10 -0.428587 0.384458 2.55441 1 368.214 204.811 196.381 148.444
11 -0.482464 0.483419 2.6868 1 359.962 189.789 191.98 137.557
12 -0.478582 -0.0192992 2.58601 2 356.457 284.994 190.111 206.56
13 -0.274686 -0.441607 2.68216 2 413.382 364.702 220.47 264.331
14 -0.266271 -0.856116 2.82627 2 418.765 435.449 223.341 315.607
15 -0.302944 -0.919769 2.73728 1 407.293 452.486 217.223 327.956
16 -0.360084 -0.0365554 2.57104 2 387.589 288.41 206.714 209.035
17 -0.295352 -0.48791 2.69657 2 408.434 373.015 217.832 270.356
18 -0.428823 -0.808391 2.96933 2 384.053 419.794 204.828 304.261
19 -0.319244 -0.824418 2.89384 2 407.648 426.216 217.413 308.916
20 -0.445681 0.491453 2.497 2 360.661 181.166 192.352 131.307
21 -0.252995 -0.126872 2.50884 2 414.616 306.798 221.128 222.363
22 -0.340567 -0.0553456 2.481 2 389.509 292.505 207.738 212.004
23 -0.477002 0.465825 2.69 1 361.539 193.24 192.821 140.058
24 -0.489676 0.500517 2.65377 1 356.5 185.346 190.133 134.336
1
1
-0.0777072 -0.0126237 0.991446 -0.104098
-0.100711 -0.0102027 0.989374 -0.104363
-0.126228 0.00239924 0.98185 -0.141531
0 0 0 0
-0.0936287 0.907556 -0.408971 0.0178595
-0.410789 0.345017 -0.00177903 0.843927
-0.136686 -0.653345 0.0388131 0.743606
-0.226939 -0.640333 0.169944 0.713857
-0.267116 0.847447 0.391712 -0.238838
0.156648 0.835626 0.0697773 -0.521845
0.0367048 -0.26419 0.926424 0.265696
-0.0425998 -0.195408 0.884764 0.420944
0.106263 -0.612555 0.756645 -0.202416
-0.235891 -0.608721 -0.0571436 0.755347
-0.103766 -0.567442 0.13056 0.806347
0 0 0 0
-0.136303 0.680138 0.661657 -0.284681
-0.00270578 0.437241 0.151031 0.886568
0.242026 0.236537 0.28013 0.898332
0 0 0 0
-0.127905 -0.00771464 0.984317 -0.121248
0 0 0 0
0 0 0 0
0 0 0 0
0 0 0 0
