9449995
0 -0.329222 -0.105066 2.37275 2 388.474 303.634 207.186 220.069
1 -0.3344 0.144689 2.26702 2 382.407 248.878 203.95 180.384
2 -0.334632 0.384459 2.14481 2 376.284 190.183 200.685 137.842
3 -0.308119 0.502528 2.12376 2 383.696 160.884 204.638 116.607
4 -0.393205 0.266815 2.11849 2 355.923 217.281 189.826 157.482
5 -0.308927 0.0758248 2.08745 2 382.096 262.814 203.784 190.484
6 -0.174039 -0.070332 2.18695 2 429.263 297.475 228.94 215.606
7 -0.0944225 -0.0898732 2.22293 2 454.775 301.649 242.547 218.631
8 -0.265382 0.261966 2.36867 1 406.831 225.189 216.977 163.214
9 -0.274543 0.0191106 2.33624 1 403.142 277.071 215.009 200.818
10 -0.146075 -0.0276213 2.56445 2 444.824 286.656 237.24 207.764
11 -0.122552 -0.0332569 2.60558 2 451.647 287.662 240.879 208.494
12 -0.347474 -0.109886 2.30421 2 380.147 305.368 202.745 221.326
13 -0.264525 -0.502777 2.53112 1 411.865 382.04 219.661 276.897
14 -0.29256 -0.87023 2.79563 2 411.518 439.764 219.476 318.735
15 -0.204046 -0.885504 2.79033 2 433.343 442.841 231.116 320.965
16 -0.297348 -0.0972897 2.37416 2 397.799 301.954 212.16 218.852
17 -0.222318 -0.499951 2.48707 1 422.304 383.233 225.229 277.762
18 -0.226782 -0.795734 2.85538 2 429.048 422.983 228.826 306.572
19 -0.155546 -0.850632 2.86727 2 446.437 432.194 238.1 313.248
20 -0.334641 0.324681 2.17727 2 377.97 205.542 201.584 148.974
21 -0.0291892 -0.123634 2.25811 2 475.076 308.888 253.374 223.878
22 -0.116814 -0.110593 2.20189 2 447.503 306.606 238.668 222.224
23 -0.0986556 -0.0525963 2.6217 2 458.109 291.351 244.325 211.167
24 -0.161504 -0.030244 2.58736 2 441.071 287.12 235.238 208.101
0
0
0.441332 -0.09826 0.874974 -0.173181
0.43864 -0.0977272 0.876327 -0.173482
0.43237 -0.109726 0.867457 -0.220307
0 0 0 0
-0.123093 0.770342 -0.445894 0.438862
-0.168938 0.840225 0.137803 0.49648
0.383384 0.776831 0.156225 -0.474492
0.555064 0.612638 0.287697 -0.483539
0.422323 0.730381 0.417636 0.337294
0.049706 -0.505025 -0.0476864 0.860352
-0.542245 -0.362938 0.343708 0.67536
-0.562253 -0.352107 0.353306 0.659596
-0.404679 0.569951 -0.549855 0.45722
0.272129 0.909852 0.00515835 -0.313191
0.303775 0.949385 -0.0519782 -0.0607219
0 0 0 0
0.174103 0.607843 0.766873 -0.110093
0.0133352 0.6121 0.161119 0.774078
0.102379 0.202884 0.42006 0.878582
0 0 0 0
0.434292 -0.102826 0.871117 -0.204872
0 0 0 0
0 0 0 0
0 0 0 0
0 0 0 0
