9426547
0 1.20713 0.350771 3.55012 2 719.496 230.847 383.731 167.315
1 1.20567 0.619828 3.41713 2 728.599 188.663 388.586 136.741
2 1.20046 0.882648 3.27373 2 738.355 143.571 393.789 104.058
3 1.14914 0.999993 3.23559 2 730.34 123.441 389.515 89.4682
4 1.0785 0.8409 3.42966 2 702.004 156.109 374.402 113.146
5 1.05986 0.594763 3.54751 2 690.847 195.778 368.452 141.898
6 1.04998 0.347078 3.54494 2 688.876 231.366 367.4 167.691
7 1.06242 0.308776 3.55168 1 690.908 236.952 368.484 171.739
8 1.30633 0.765476 3.22094 2 765.317 159.891 408.169 115.887
9 1.36857 0.53648 3.28466 2 773.011 197.832 412.273 143.386
10 1.34119 0.330524 3.34941 2 761.669 230.849 406.223 167.317
11 1.31604 0.264221 3.37719 2 754.156 241.293 402.217 174.886
12 1.14169 0.362258 3.55751 2 706.156 229.331 376.617 166.216
13 1.17201 0.0821629 3.69498 2 703.447 269.888 375.172 195.611
14 1.25389 -0.196576 3.88953 2 707.092 306.952 377.116 222.475
15 1.13865 -0.224328 3.96945 2 682.29 309.963 363.888 224.657
16 1.2497 0.332608 3.47542 2 733.154 232.406 391.016 168.445
17 1.31179 0.0483584 3.55841 2 739.414 274.281 394.354 198.795
18 1.37853 -0.258902 3.77773 2 736.841 316.159 392.982 229.148
19 1.49779 -0.308023 3.72869 2 762.539 323.368 406.687 234.373
20 1.20252 0.817987 3.31158 2 735.868 155.118 392.463 112.428
21 1.0758 0.260197 3.57975 2 691.856 244.21 368.99 177
22 1.08754 0.312346 3.51149 2 698.298 235.912 372.426 170.986
23 1.30263 0.187178 3.40629 2 749.062 253.18 399.5 183.501
24 1.27852 0.292752 3.36733 2 747.184 236.859 398.498 171.672
0
1
-0.323222 0.0731535 0.918561 -0.215457
-0.343291 0.0778614 0.911251 -0.213801
-0.36249 0.0850371 0.894398 -0.247834
0 0 0 0
0.400886 0.645544 -0.636866 -0.130248
0.137279 0.710795 -0.176722 -0.666854
0.00380222 0.904599 -0.0202585 0.425764
0.00681857 0.883136 0.175925 0.434827
-0.0995587 0.705674 0.558613 -0.424338
0.139619 0.980981 0.120496 -0.0605307
-0.0410956 -0.599979 0.15849 0.783082
0.0151931 -0.605064 0.253915 0.754449
-0.215271 -0.633925 0.734555 -0.110573
-0.140089 -0.41028 0.183371 0.882281
-0.0557878 0.208931 0.3135 0.924637
0 0 0 0
-0.255864 0.625563 0.575491 -0.46045
0.0840798 0.897553 0.152263 0.405149
9.20033e-005 0.276577 0.315038 0.907885
0 0 0 0
-0.363193 0.0840041 0.899636 -0.227352
0 0 0 0
0 0 0 0
0 0 0 0
0 0 0 0
