9362825
0 -0.310733 -0.0613944 2.57871 2 401.08 293.26 213.91 212.551
1 -0.33955 0.249217 2.51627 2 391.039 231.027 208.554 167.445
2 -0.367146 0.551315 2.4421 2 380.084 166.435 202.712 120.63
3 -0.389262 0.671626 2.45069 2 374.048 141.669 199.492 102.68
4 -0.492863 0.397944 2.48433 2 346.963 199.818 185.047 144.825
5 -0.57602 0.290301 2.64485 1 333.623 225.459 177.932 163.41
6 -0.345832 0.260266 2.48776 2 388.217 228.191 207.049 165.39
7 -0.216922 0.212045 2.35875 1 420.697 235.708 224.372 170.838
8 -0.271964 0.392796 2.35401 2 404.317 196.571 215.636 142.472
9 -0.203085 0.18674 2.36961 2 425.02 241.333 226.677 174.915
10 -0.17209 -0.0746726 2.43427 1 435.377 296.722 232.201 215.06
11 -0.165778 -0.141037 2.46807 2 437.792 310.111 233.489 224.764
12 -0.359781 -0.0690917 2.57657 2 387.874 294.788 206.866 213.659
13 -0.366678 -0.469525 2.81863 2 394.257 365.73 210.27 265.076
14 -0.196839 -0.856224 2.8054 2 435.412 436.596 232.22 316.439
15 -0.118866 -0.87723 2.78792 2 454.454 441.428 242.375 319.941
16 -0.253186 -0.0520966 2.51114 2 414.641 291.706 221.142 211.424
17 -0.224986 -0.495964 2.68076 2 426.104 375.055 227.255 271.835
18 -0.311127 -0.803557 2.93501 2 410.661 420.51 219.019 304.78
19 -0.218243 -0.835606 2.84708 2 430.938 430.587 229.833 312.084
20 -0.360529 0.477091 2.46279 2 382.911 182.817 204.219 132.503
21 -0.14317 0.234376 2.36923 2 442.401 231.153 235.947 167.536
22 -0.188542 0.157257 2.38258 2 429.554 247.821 229.095 179.617
23 -0.150775 -0.211775 2.48204 2 442.193 324.376 235.836 235.103
24 -0.146277 -0.162567 2.43238 2 442.623 315.013 236.066 228.317
1
1
-0.253252 -0.0189053 0.96127 -0.107076
-0.241377 -0.0202245 0.964321 -0.106835
-0.225405 -0.0113167 0.963884 -0.141392
0 0 0 0
0.053794 0.867228 -0.492882 -0.0457049
0.388705 0.854127 -0.305129 -0.162087
-0.506403 -0.0830325 -0.435867 0.739379
-0.404814 -0.047098 -0.456411 0.790946
-0.238195 0.807468 0.43095 -0.32487
0.0889949 0.926741 0.138162 -0.33785
0.092064 0.926611 0.0966267 0.351538
0.201517 0.906542 0.124262 0.349472
0.0486488 0.754565 -0.648219 0.0898731
0.120842 0.408667 0.239893 0.872261
0.0101224 0.970682 0.205743 -0.12387
0 0 0 0
-0.239934 0.575205 0.703223 -0.342122
0.140376 0.844811 0.118562 0.502526
0.22421 0.335048 0.270219 0.874331
0 0 0 0
-0.227133 -0.0175411 0.966043 -0.121917
0 0 0 0
0 0 0 0
0 0 0 0
0 0 0 0
