9415158
0 -0.320252 -0.100646 2.43718 2 393.549 302.118 209.893 218.971
1 -0.311136 0.171436 2.333 2 392.165 243.994 209.155 176.843
2 -0.304402 0.433818 2.22567 2 389.568 182.226 207.77 132.075
3 -0.292066 0.554639 2.20403 2 392.359 153.213 209.258 111.047
4 -0.352582 0.306562 2.18665 2 372.769 210.072 198.81 152.257
5 -0.252912 0.0853623 2.1715 2 403.852 261.316 215.388 189.398
6 -0.0921324 -0.080978 2.31235 2 456.586 298.913 243.512 216.648
7 -0.0372149 -0.149239 2.37262 2 473.18 313.011 252.363 226.866
8 -0.225825 0.318827 2.47198 1 421.069 215.877 224.57 156.465
9 -0.223491 0.158952 2.22985 1 415.023 245.134 221.345 177.67
10 -0.224101 -0.0554924 2.22393 1 414.679 293.834 221.162 212.967
11 -0.190783 -0.0694821 2.29105 2 426.723 296.549 227.586 214.935
12 -0.35026 -0.102319 2.36751 2 382.124 303.1 203.8 219.683
13 -0.234368 -0.497602 2.57691 2 421.241 379.193 224.662 274.834
14 -0.30781 -0.850902 2.85121 2 409.253 433.169 218.268 313.955
15 -0.19297 -0.871127 2.80771 2 436.398 439.193 232.746 318.321
16 -0.282463 -0.0953985 2.44043 2 404.353 300.994 215.655 218.157
17 -0.181672 -0.415582 2.52185 2 434.334 364.74 231.645 264.358
18 -0.205521 -0.734767 2.8743 2 434.564 411.152 231.767 297.997
19 -0.179261 -0.838427 2.86166 2 440.635 430.31 235.005 311.883
20 -0.30567 0.369761 2.25385 2 390.439 197.967 208.234 143.484
21 0.0238937 -0.188835 2.40587 2 490.781 320.9 261.75 232.584
22 -0.0414057 -0.186472 2.37121 2 471.957 320.977 251.71 232.64
23 -0.134415 -0.103534 2.29721 2 443.751 303.999 236.667 220.334
24 -0.241027 -0.0967865 2.29914 2 411.87 302.511 219.664 219.256
1
1
0.383016 -0.0561587 0.905543 -0.173599
0.434616 -0.0660796 0.88194 -0.17007
0.487691 -0.0944929 0.848385 -0.182953
0 0 0 0
-0.167539 0.754619 -0.408171 0.485671
-0.135841 0.836246 0.163014 0.505634
0.428091 0.728229 0.0983195 -0.526073
0.419428 0.744344 0.0557959 -0.516642
0.42293 0.69136 0.462641 0.359325
-0.334062 0.626861 0.336019 -0.618497
0.00765634 -0.463602 -0.0115657 0.885935
0.612105 0.562024 -0.183202 -0.525255
0.323101 -0.554151 0.620147 -0.451598
0.267485 0.88558 0.027198 -0.378761
0.301561 0.929577 -0.139064 -0.160025
0 0 0 0
0.169658 0.650322 0.73467 -0.0925072
-0.0618354 0.522852 0.180802 0.83073
0.254226 0.522933 0.316478 0.749501
0 0 0 0
0.490326 -0.0829201 0.850773 -0.169969
0 0 0 0
0 0 0 0
0 0 0 0
0 0 0 0
