9379010
0 -0.186161 -0.053677 2.49828 2 432.751 292.075 230.801 211.692
1 -0.222435 0.199787 2.39497 2 420.076 238.99 224.041 173.217
2 -0.25576 0.446636 2.28037 2 406.585 181.787 216.846 131.757
3 -0.227483 0.561005 2.24318 2 413.893 154.066 220.743 111.665
4 -0.310522 0.317431 2.22673 2 387.84 208.909 206.848 151.415
5 -0.28905 0.106358 2.21104 2 394.008 256.856 210.137 186.166
6 -0.173077 -0.144406 2.22851 2 430.565 313.991 229.635 227.576
7 -0.104127 -0.258262 2.25187 2 452.153 339.255 241.148 245.887
8 -0.16553 0.394437 2.50453 2 438.443 201.405 233.836 145.976
9 -0.105947 0.25135 2.67888 2 456.768 233.747 243.61 169.416
10 0.060292 0.138548 2.79612 2 498.769 256.163 266.01 185.663
11 0.128909 0.0884578 2.82354 2 515.321 265.374 274.838 192.339
12 -0.205061 -0.0780939 2.41631 2 425.626 297.557 227.001 215.665
13 -0.22596 -0.482042 2.63777 2 424.909 373.904 226.618 271
14 -0.25676 -0.819404 2.86759 2 422.034 426.625 225.085 309.212
15 -0.184611 -0.861082 2.83532 2 438.911 435.816 234.086 315.873
16 -0.161903 -0.0271076 2.51109 2 439.658 286.668 234.485 207.773
17 -0.0842315 -0.379227 2.79079 2 463.19 350.009 247.035 253.682
18 -0.0557032 -0.698159 2.96249 2 470.981 400.883 251.19 290.555
19 0.0346366 -0.736441 2.98448 2 491.968 406.561 262.383 294.67
20 -0.247858 0.386008 2.31109 2 410.039 196.502 218.687 142.422
21 -0.0629899 -0.30755 2.26005 2 464.78 350.108 247.883 253.753
22 -0.1285 -0.276648 2.2461 2 444.597 343.565 237.118 249.011
23 0.161248 0.0471707 2.83616 2 523.016 272.803 278.942 197.724
24 0.118415 0.0625295 2.84967 2 512.501 270.119 273.334 195.779
0
0
0.533285 -0.160298 0.821345 -0.123706
0.509363 -0.156661 0.836391 -0.12828
0.48394 -0.166763 0.841913 -0.170808
0 0 0 0
-0.1865 0.758928 -0.438145 0.444156
-0.0459128 0.97976 0.0425973 0.190124
-0.18691 -0.615603 -0.110237 0.757592
-0.261572 -0.616372 -0.101644 0.735754
0.432161 0.599213 0.577295 0.347723
-0.0935621 0.10294 0.429615 0.892233
-0.502077 -0.388961 0.0737795 0.768885
-0.468245 -0.352003 -0.0138789 0.810338
-0.385537 0.637976 -0.460415 0.482043
0.239023 0.951014 -0.0698695 -0.18319
0.270543 0.915483 -0.121453 -0.271931
0 0 0 0
0.335702 0.387566 0.857428 0.0437553
-0.0206944 0.195821 0.337298 0.920574
-0.0398058 0.00282153 0.243973 0.968961
0 0 0 0
0.48491 -0.158669 0.846913 -0.14975
0 0 0 0
0 0 0 0
0 0 0 0
0 0 0 0
