9379090
0 1.2341 0.212567 3.36436 2 738.167 248.991 393.689 180.465
1 1.28867 0.493384 3.23433 2 760.335 203.347 405.512 147.383
2 1.33782 0.768095 3.09266 2 783.955 154.467 418.11 111.956
3 1.4529 0.836791 3.04274 2 814.591 141.085 434.448 102.256
4 1.14032 0.7084 3.09922 2 739.194 164.534 394.237 119.252
5 1.02963 0.484627 3.19148 2 707.451 203.803 377.307 147.714
6 1.02705 0.257293 3.23052 2 704.017 240.644 375.476 174.416
7 1.02493 0.230775 3.25275 1 702.032 245.079 374.417 177.63
8 1.47781 0.601814 3.22849 2 801.429 186.076 427.429 134.866
9 1.49718 0.406333 3.30986 2 797.761 218.541 425.473 158.396
10 1.61467 0.231369 3.26101 2 827.336 245.004 441.246 177.576
11 1.64577 0.216162 3.18712 2 841.898 246.616 449.012 178.744
12 1.15414 0.216083 3.31919 2 724.82 248.027 386.571 179.767
13 1.10292 -0.0354491 3.48884 2 702.699 286.384 374.773 207.567
14 1.06756 -0.281554 3.70676 2 683.121 319.863 364.331 231.832
15 1.0912 -0.382839 3.58898 1 694.376 335.534 370.334 243.19
16 1.28909 0.204681 3.34244 2 751.341 249.97 400.715 181.175
17 1.34201 -0.0252088 3.46586 2 752.389 284.921 401.274 206.507
18 1.34896 -0.288377 3.66973 2 738.726 321.288 393.987 232.865
19 1.48613 -0.312068 3.68439 2 763.703 324.437 407.308 235.147
20 1.32666 0.70028 3.12992 2 777.986 167.004 414.926 121.042
21 1.05122 0.185635 3.29159 2 704.995 252.488 375.997 183
22 0.986294 0.228022 3.24638 2 694.149 245.453 370.213 177.901
23 1.70907 0.191453 3.20093 2 853.868 250.719 455.396 181.717
24 1.70458 0.21537 3.20725 2 852.189 246.975 454.501 179.004
1
0
0.0765365 0.0722375 0.970034 -0.218995
0.0911679 0.0689241 0.968768 -0.220061
0.099494 0.0481058 0.961158 -0.252907
0 0 0 0
-0.111829 -0.656907 0.713424 -0.216782
0.131535 0.938326 -0.249629 -0.199819
0.0608344 0.756488 -0.0595363 -0.648444
0.239177 0.716063 -0.245636 -0.608038
0.28387 0.859877 0.424176 -0.0102397
0.0374127 0.400406 0.197263 0.894071
-0.308996 0.399479 0.0122138 0.863011
-0.500673 0.372122 -0.395163 0.674313
0.0181044 -0.612155 0.72028 -0.325784
0.16116 0.719911 -0.255502 -0.62488
0.235525 0.719846 -0.268954 -0.594991
0 0 0 0
-0.0178216 0.706136 0.658533 -0.259594
0.088887 0.659541 0.245681 0.704802
-0.0064053 0.0134818 0.323692 0.946045
0 0 0 0
0.103413 0.0584766 0.964266 -0.236806
0 0 0 0
0 0 0 0
0 0 0 0
0 0 0 0
