9464963
0 -0.273764 -0.0537082 2.4872 2 408.272 292.137 217.745 211.737
1 -0.275972 0.213266 2.39271 2 404.585 236.076 215.779 171.105
2 -0.275996 0.47256 2.2857 2 400.62 176.213 213.664 127.717
3 -0.25033 0.590898 2.27011 2 407.738 148.823 217.46 107.865
4 -0.32764 0.34104 2.24037 2 383.12 203.975 204.331 147.839
5 -0.255414 0.133221 2.20598 2 404.31 250.642 215.632 181.662
6 -0.234031 -0.118492 2.29911 2 413.96 307.289 220.779 222.719
7 -0.227765 -0.190465 2.36036 2 417.585 322.052 222.712 233.419
8 -0.243765 0.385128 2.50546 1 416.934 203.291 222.365 147.343
9 -0.468436 0.246267 2.57223 1 358.41 232.643 191.152 168.616
10 -0.238356 0.254306 2.71566 2 423.582 233.812 225.911 169.463
11 -0.0512734 0.254823 2.80097 2 471.374 235.196 251.4 170.467
12 -0.285586 -0.0726756 2.4169 2 402.689 296.429 214.768 214.847
13 -0.271605 -0.492814 2.60909 2 412.168 377.06 219.823 273.288
14 -0.329336 -0.846648 2.82716 2 403.339 433.715 215.114 314.351
15 -0.250691 -0.880931 2.79948 2 421.973 441.487 225.052 319.984
16 -0.25373 -0.0338373 2.48582 2 413.784 288.097 220.685 208.809
17 -0.16222 -0.361268 2.78413 2 443.864 346.913 236.727 251.438
18 -0.203935 -0.812282 2.96471 2 436.412 420.56 232.753 304.816
19 -0.19801 -0.868928 2.86427 2 436.13 435.65 232.602 315.753
20 -0.276321 0.408902 2.31467 2 401.639 191.573 214.207 138.85
21 -0.171334 -0.266476 2.36287 2 434.072 338.302 231.505 245.197
22 -0.21775 -0.141888 2.2855 2 418.442 312.624 223.169 226.586
23 0.0143712 0.253334 2.78767 2 487.5 235.248 260 170.505
24 -0.0477837 0.209548 2.78243 2 472.156 243.129 251.816 176.217
1
0
0.545015 -0.0968935 0.821155 -0.138834
0.540241 -0.0960862 0.824304 -0.139393
0.531096 -0.113177 0.820375 -0.179197
0 0 0 0
-0.169098 0.749204 -0.413554 0.48895
-0.181144 0.534148 0.0236887 0.825416
0.136991 0.871177 0.117386 0.456623
0.28917 0.831433 0.190855 0.434366
0.481868 0.623387 0.454805 0.415143
0.368194 -0.37274 0.331022 0.784807
0.670113 0.555416 0.25645 -0.420351
0.645182 0.5316 0.291543 -0.464914
-0.382994 0.59359 -0.474084 0.525558
0.211589 0.957201 -0.0274282 -0.195559
0.248487 0.936838 -0.129027 -0.209621
0 0 0 0
0.155447 0.374255 0.909681 -0.0908336
-0.0383594 0.17918 0.369552 0.910964
0.16008 0.665596 0.109076 0.720735
0 0 0 0
0.533646 -0.103219 0.824399 -0.157907
0 0 0 0
0 0 0 0
0 0 0 0
0 0 0 0
