9425055
0 1.18733 0.343175 3.56709 2 714.482 232.182 381.057 168.282
1 1.17289 0.591469 3.41594 2 721.975 192.888 385.053 139.802
2 1.15436 0.833513 3.25476 2 729.998 150.484 389.332 109.068
3 1.09778 0.946871 3.18898 2 722.778 129.632 385.481 93.9558
4 1.03241 0.827513 3.39759 2 694.62 156.96 370.464 113.762
5 1.0495 0.656419 3.59373 2 686.2 188.13 365.973 136.354
6 1.02199 0.438648 3.548 1 683.252 218.267 364.401 158.197
7 1.04681 0.397246 3.55474 1 687.714 224.313 366.781 162.579
8 1.28017 0.736431 3.21772 2 759.97 164.373 405.317 119.136
9 1.40175 0.552336 3.29353 2 779.227 195.598 415.587 141.767
10 1.35009 0.33156 3.35455 2 763.092 230.768 406.982 167.257
11 1.31377 0.291205 3.37909 2 753.542 237.24 401.889 171.948
12 1.11868 0.353105 3.57237 2 700.719 230.864 373.717 167.327
13 1.15645 0.0719573 3.68971 2 700.814 271.282 373.768 196.621
14 1.25239 -0.201548 3.88805 2 706.909 307.613 377.018 222.954
15 1.11755 -0.224462 3.94745 2 679.675 310.137 362.494 224.783
16 1.23365 0.326681 3.49451 2 728.571 233.546 388.571 169.271
17 1.28722 0.0287152 3.53172 2 736.499 277.065 392.799 200.813
18 1.32893 -0.257718 3.71804 2 731.613 316.552 390.194 229.432
19 1.2451 -0.355775 3.62776 2 721.722 331.204 384.918 240.052
20 1.15976 0.773995 3.29701 2 727.95 161.389 388.24 116.972
21 1.05738 0.341909 3.55088 2 689.983 232.189 367.991 168.287
22 1.06842 0.405273 3.50925 2 694.685 222.392 370.499 161.186
23 1.30427 0.219127 3.41236 2 748.931 248.453 399.43 180.075
24 1.28078 0.297086 3.35613 2 748.54 236.05 399.221 171.086
1
1
-0.2932 0.0576175 0.916841 -0.264795
-0.309322 0.062278 0.911528 -0.263738
-0.324219 0.066808 0.895251 -0.298234
0 0 0 0
-0.440966 -0.58347 0.679815 0.0544398
-0.288522 -0.573846 0.297963 0.706169
-0.0731554 0.924642 -0.0949401 0.361485
-0.0514304 0.864335 0.269482 0.421496
-0.0230666 0.676764 0.611069 -0.409943
0.163845 0.945433 0.280316 0.027082
0.0405625 0.79505 -0.168027 -0.581392
-0.0328074 0.714462 -0.400339 -0.572884
-0.233465 -0.636359 0.718932 -0.153879
-0.144022 -0.440574 0.146079 0.873964
-0.0943435 0.152982 0.318943 0.930576
0 0 0 0
-0.215265 0.609811 0.59966 -0.471381
0.0139198 0.883078 0.10663 0.456738
0.223359 0.853149 0.184578 0.433796
0 0 0 0
-0.325072 0.0669441 0.901384 -0.278124
0 0 0 0
0 0 0 0
0 0 0 0
0 0 0 0
