9404558
0 1.04118 0.322448 3.53207 2 687.878 234.74 366.868 170.136
1 0.99671 0.589633 3.41215 2 686.219 193.163 365.983 140.002
2 0.951476 0.850459 3.28148 2 684.973 148.997 365.319 107.991
3 0.894104 0.970647 3.22986 2 675.936 127.849 360.499 92.6635
4 0.826366 0.794753 3.42809 2 650.847 163.103 347.118 118.215
5 0.836429 0.55747 3.58271 2 645.311 202.077 344.166 146.463
6 0.839993 0.354428 3.64942 2 642.869 231.871 342.864 168.057
7 0.844205 0.288409 3.66396 2 642.998 241.229 342.932 174.84
8 1.08034 0.756441 3.22147 2 716.532 161.381 382.15 116.967
9 1.18463 0.56349 3.24312 2 737.261 192.549 393.206 139.557
10 1.08265 0.409354 3.11569 2 724.766 214.211 386.542 155.257
11 0.995257 0.382257 3.04186 2 710.58 217.162 378.976 157.396
12 0.981147 0.321981 3.53574 2 675.816 234.88 360.435 170.238
13 1.01409 0.0389047 3.66952 2 674.928 275.82 359.962 199.91
14 1.08752 -0.254642 3.86544 2 678.459 314.723 361.845 228.107
15 1.01923 -0.253111 3.97792 2 660.941 313.552 352.502 227.258
16 1.0836 0.316945 3.45978 2 700.741 234.552 373.729 170
17 1.19191 0.0151588 3.51337 2 718.862 279.012 383.393 202.224
18 1.32054 -0.280251 3.68384 2 732.347 320.001 390.585 231.932
19 1.23685 -0.377542 3.59135 2 722.561 334.804 385.366 242.662
20 0.963193 0.786421 3.31614 2 685.261 160.267 365.473 116.159
21 0.859183 0.227685 3.69318 2 644.524 249.9 343.746 181.124
22 0.824591 0.269366 3.676 2 638.755 244.001 340.669 176.848
23 0.940652 0.37048 3.01887 2 699.682 218.69 373.164 158.503
24 0.978883 0.430691 3.04529 2 706.605 209.126 376.856 151.572
1
0
-0.300694 -0.00921963 0.927672 -0.221184
-0.317598 -0.0051757 0.922022 -0.221316
-0.329926 0.00575222 0.908446 -0.256597
0 0 0 0
0.388005 0.685317 -0.610729 -0.0824752
-0.206748 -0.650414 0.196482 0.703997
-0.0603931 -0.327546 0.146293 0.931485
-0.0650084 -0.326145 0.0917605 0.938607
-0.074673 0.65428 0.629934 -0.411735
-0.0383438 0.906641 0.246561 0.340205
-0.393992 0.769148 -0.0383107 -0.501711
0.608774 -0.611726 0.118979 0.490947
0.170522 0.697946 -0.683402 0.129445
-0.147872 -0.4478 0.168976 0.865481
0.0330122 0.428964 0.302904 0.850382
0 0 0 0
-0.228728 0.558772 0.644147 -0.469609
0.00195078 0.884505 0.18928 0.426405
0.146881 0.865966 0.270585 0.394098
0 0 0 0
-0.332448 0.00314349 0.913057 -0.236209
0 0 0 0
0 0 0 0
0 0 0 0
0 0 0 0
