9362209
0 1.1335 0.264111 3.36809 2 717.027 241.249 382.414 174.854
1 1.13115 0.5385 3.23953 2 726.016 196.415 387.208 142.359
2 1.13069 0.808841 3.10266 2 736.777 148.128 392.948 107.361
3 1.09405 0.923459 3.05201 2 732.64 126.751 390.741 91.8673
4 0.974844 0.757537 3.22943 2 693.201 161.561 369.707 117.097
5 0.92322 0.585824 3.36562 2 673.814 192.561 359.367 139.566
6 0.860023 0.396069 3.26435 2 666.101 219.485 355.254 159.08
7 0.843777 0.334566 3.2302 2 664.494 228.535 354.397 165.639
8 1.26094 0.697082 3.07975 2 767.994 165.665 409.597 120.071
9 1.35628 0.503578 3.09769 2 787.703 198.222 420.108 143.669
10 1.23899 0.319556 3.05234 2 765.5 227.777 408.267 165.09
11 1.15971 0.282687 3.01926 2 750.276 233.441 400.147 169.195
12 1.05805 0.271041 3.36415 2 701.636 240.178 374.206 174.078
13 1.07331 0.0132506 3.53285 2 694.091 279.302 370.182 202.434
14 1.13641 -0.289787 3.73369 2 694.547 320.727 370.425 232.458
15 1.07044 -0.388737 3.62728 2 688.14 335.774 367.008 243.365
16 1.18616 0.251464 3.30598 2 732.576 242.426 390.707 175.707
17 1.2815 -0.0257218 3.45379 2 741.09 285.009 395.248 206.57
18 1.38269 -0.293454 3.65136 2 746.473 322.209 398.119 233.532
19 1.31455 -0.392373 3.54569 2 740.973 337.662 395.186 244.733
20 1.13147 0.742223 3.13885 2 734.012 160.508 391.473 116.334
21 0.839748 0.297915 3.21726 2 664.33 234.123 354.309 169.689
22 0.876251 0.312828 3.22 2 672.087 231.788 358.446 167.997
23 1.10695 0.24755 3.00987 2 738.858 239.264 394.058 173.415
24 1.11792 0.259824 3.019 2 740.624 237.314 394.999 172.002
3
3
-0.215707 0.0441514 0.951959 -0.212825
-0.231483 0.0476789 0.948247 -0.212063
-0.245811 0.0572917 0.937505 -0.239538
0 0 0 0
0.32758 0.675277 -0.659441 -0.0427742
-0.121047 -0.619942 0.322559 0.704965
-0.0336656 0.603934 -0.275045 0.747316
-0.0615483 0.599154 -0.265125 0.752951
-0.00459901 0.736665 0.590601 -0.329382
0.00783404 0.961905 0.23015 0.147338
0.290081 -0.172218 -0.0550963 0.939765
0.537746 -0.150691 -0.116775 0.82127
-0.141892 -0.653827 0.724942 -0.163817
-0.173229 -0.508019 0.228309 0.81227
-0.222499 -0.486539 0.19966 0.82092
0 0 0 0
-0.188875 0.638127 0.622572 -0.411733
0.128307 0.833337 0.247721 0.477201
0.188115 0.821131 0.282312 0.458974
0 0 0 0
-0.245753 0.0581111 0.942259 -0.219948
0 0 0 0
0 0 0 0
0 0 0 0
0 0 0 0
