9468916
0 1.06044 0.336444 3.52529 2 692.096 232.618 369.118 168.599
1 1.00495 0.591591 3.39136 2 689.167 192.318 367.556 139.39
2 0.946788 0.840147 3.24604 2 686.17 149.172 365.957 108.118
3 0.931699 0.952185 3.17229 2 687.67 128.013 366.757 92.7819
4 0.789857 0.754777 3.31529 2 648.877 165.244 346.068 119.767
5 0.743814 0.53696 3.44974 2 632.901 202.09 337.547 146.472
6 0.731772 0.321111 3.49659 2 628.342 234.589 335.116 170.027
7 0.737742 0.236783 3.50135 2 629.287 246.887 335.62 178.94
8 1.11665 0.772355 3.25614 2 721.813 160.15 384.967 116.075
9 1.23366 0.589397 3.30305 2 742.995 190.143 396.264 137.813
10 1.25362 0.437046 3.12373 2 762.333 209.797 406.578 152.058
11 1.24353 0.37839 3.02806 2 768.829 217.425 410.042 157.587
12 0.982693 0.32699 3.5005 2 678.078 233.68 361.642 169.368
13 0.97199 0.0364066 3.62482 2 669.206 276.105 356.91 200.117
14 1.00589 -0.235373 3.83616 2 665.111 312.403 354.726 226.425
15 1.08226 -0.284828 3.87672 2 676.953 318.586 361.042 230.907
16 1.11875 0.339135 3.48201 2 706.406 231.59 376.75 167.854
17 1.22015 0.0673959 3.59731 2 718.819 271.665 383.37 196.899
18 1.32615 -0.216025 3.80995 2 725.062 310.111 386.7 224.764
19 1.45168 -0.279323 3.73893 2 753.158 319.326 401.684 231.443
20 0.961888 0.77905 3.28449 2 686.934 160.241 366.365 116.14
21 0.740446 0.176425 3.53163 2 628.541 255.861 335.222 185.444
22 0.713727 0.237768 3.49489 2 624.788 246.688 333.22 178.796
23 1.19409 0.34642 2.98817 2 761.114 222.044 405.927 160.934
24 1.20237 0.407272 3.0056 2 761.439 212.049 406.101 153.69
3
0
-0.0603661 -0.0828635 0.964929 -0.241663
-0.0747431 -0.079252 0.963922 -0.242871
-0.0869626 -0.0818264 0.952179 -0.28124
0 0 0 0
0.229331 0.742047 -0.615324 0.134721
0.171319 0.793242 -0.227801 -0.538074
-0.0156992 -0.382276 0.108881 0.917477
-0.043385 -0.382833 0.0124762 0.922714
0.122288 0.675982 0.681021 -0.253583
-0.0823734 0.753003 0.285474 0.587117
-0.367324 0.835145 0.206162 -0.3537
-0.460745 0.785127 0.165576 -0.379307
0.026397 0.701841 -0.664652 0.254872
-0.122784 -0.661509 0.159664 0.722383
0.323523 0.944874 0.0502475 -0.00468554
0 0 0 0
-0.0473664 0.583156 0.718522 -0.376048
0.0367707 0.736971 0.25167 0.626246
-0.025673 0.354895 0.340843 0.870182
0 0 0 0
-0.0881557 -0.078148 0.958226 -0.260624
0 0 0 0
0 0 0 0
0 0 0 0
0 0 0 0
