9394079
0 1.05206 0.327953 3.54484 2 689.281 234.113 367.616 169.682
1 1.04725 0.596106 3.40375 2 697.084 191.941 371.778 139.116
2 1.03831 0.857653 3.25248 2 705.365 146.634 376.195 106.278
3 0.988218 0.971125 3.22369 2 696.603 127.441 371.522 92.3677
4 0.930309 0.820143 3.42946 2 671.904 159.287 358.349 115.449
5 0.928359 0.590568 3.599 2 662.383 197.688 353.271 143.282
6 0.910327 0.378244 3.71217 2 653.356 229.417 348.456 166.279
7 0.904641 0.362318 3.74073 2 650.983 231.986 347.191 168.14
8 1.14821 0.735857 3.1921 2 733.469 163.544 391.184 118.534
9 1.20191 0.516548 3.24272 2 740.983 199.927 395.191 144.904
10 1.17218 0.292617 3.31268 2 729.136 236.173 388.872 171.175
11 1.14006 0.216083 3.35114 1 719.566 248.35 383.768 180.001
12 0.992316 0.340026 3.55377 2 677.036 232.527 361.086 168.532
13 1.02784 0.0493259 3.68697 2 676.619 274.407 360.863 198.887
14 1.13178 -0.252656 3.88095 2 685.631 314.34 365.67 227.829
15 1.09199 -0.363784 3.84365 2 680.434 329.375 362.898 238.727
16 1.09143 0.309769 3.4683 2 701.775 235.72 374.28 170.846
17 1.15692 -0.00342503 3.51448 2 711.826 281.707 379.64 204.177
18 1.28085 -0.284832 3.67824 2 725.191 320.685 386.769 232.428
19 1.17993 -0.376366 3.59885 2 711.009 334.503 379.205 242.444
20 1.04127 0.793319 3.29228 2 703.258 158.265 375.071 114.708
21 0.899252 0.32615 3.75123 2 649.492 237.032 346.396 171.797
22 0.9161 0.362766 3.7013 2 654.934 231.39 349.298 167.708
23 1.13763 0.140982 3.3832 2 716.787 259.979 382.287 188.429
24 1.10298 0.203669 3.3252 2 713.624 250.004 380.599 181.2
1
1
-0.349826 0.0787793 0.905572 -0.226618
-0.373632 0.0847398 0.896012 -0.224458
-0.396216 0.0940384 0.876296 -0.25744
0 0 0 0
0.44242 0.628574 -0.615966 -0.172465
-0.165159 -0.510873 0.265561 0.800755
0.225054 0.819468 0.0966986 0.518143
0.478751 0.734003 0.175823 0.448468
-0.104945 0.697586 0.55357 -0.44263
0.123987 0.979903 0.10362 -0.116963
0.0962749 0.847971 -0.131393 -0.504393
0.0953215 0.824428 -0.269446 -0.488499
-0.239976 -0.625217 0.73512 -0.105425
-0.135489 -0.383759 0.172816 0.896943
-0.252042 -0.42107 0.179984 0.852514
0 0 0 0
-0.268134 0.615588 0.569863 -0.473721
0.0260699 0.912349 0.122161 0.389893
0.166126 0.890622 0.261773 0.332671
0 0 0 0
-0.397338 0.0920855 0.881614 -0.237486
0 0 0 0
0 0 0 0
0 0 0 0
0 0 0 0
