9419102
0 -0.133961 -0.0332502 2.50338 2 447.195 287.925 238.504 208.684
1 -0.151735 0.241257 2.42936 2 441.005 230.957 235.202 167.394
2 -0.170387 0.510057 2.3415 2 433.751 170.619 231.334 123.662
3 -0.158323 0.62608 2.34842 2 437.371 145.653 233.265 105.567
4 -0.199473 0.365035 2.25636 2 423.052 199.197 225.628 144.375
5 -0.171066 0.158568 2.23391 2 431.31 245.301 230.032 177.791
6 -0.170507 -0.0726693 2.30496 2 433.121 297.154 230.998 215.373
7 -0.159827 -0.156162 2.33635 2 436.933 315.019 233.031 228.322
8 -0.0925294 0.394975 2.58771 1 459.342 203.896 244.983 147.781
9 -0.0512852 0.191675 2.75623 1 471.171 246.049 251.291 178.333
10 0.138042 0.166578 2.81709 2 517.629 251.311 276.069 182.147
11 0.141874 0.158061 2.82011 1 518.526 252.871 276.547 183.277
12 -0.145996 -0.0373489 2.4261 2 442.613 288.993 236.06 209.459
13 -0.163437 -0.461439 2.61296 2 440.861 370.743 235.126 268.71
14 -0.256601 -0.863466 2.79785 2 420.485 438.376 224.258 317.729
15 -0.18105 -0.886227 2.79745 2 439.164 442.549 234.221 320.753
16 -0.117948 -0.0231395 2.50285 2 451.585 285.884 240.845 207.205
17 -0.0750136 -0.35976 2.57403 1 463.903 351.98 247.415 255.11
18 -0.0578633 -0.67833 2.92829 2 470.322 398.827 250.838 289.064
19 0.0342456 -0.713135 2.88727 2 492.145 406.682 262.477 294.757
20 -0.165727 0.444281 2.36587 2 435.674 185.965 232.359 134.785
21 -0.146185 -0.219533 2.34878 2 441.161 328.503 235.286 238.095
22 -0.164067 -0.197749 2.3228 2 435.39 324.285 232.208 235.037
23 0.160267 0.159714 2.81187 2 523.125 252.488 279 183
24 0.138343 0.146964 2.8024 2 517.877 254.695 276.201 184.6
1
0
0.566968 -0.100842 0.812629 -0.089513
0.562399 -0.100338 0.815797 -0.0900775
0.553886 -0.127051 0.813035 -0.126659
0 0 0 0
-0.284823 0.725135 -0.366733 0.50849
-0.0866197 0.588376 -0.00319004 0.803928
0.143055 0.950537 -0.0398418 -0.272813
0.187755 0.940861 0.00692131 -0.281924
0.391296 0.648923 0.493587 0.426799
-0.101489 -0.0541411 0.330712 0.936695
0.617606 0.469752 0.236554 -0.584754
0.25032 0.757948 0.059531 -0.599425
-0.45864 0.560775 -0.513306 0.460106
0.19963 0.964086 -0.0540104 -0.166639
0.205948 0.971082 -0.114328 -0.038902
0 0 0 0
0.109699 0.476809 0.868797 -0.0762323
0.0202129 0.64775 0.119055 0.752221
0.0894742 0.243487 0.397337 0.880245
0 0 0 0
0.556189 -0.112298 0.8166 -0.105869
0 0 0 0
0 0 0 0
0 0 0 0
0 0 0 0
