9414688
0 -0.305908 -0.0824907 2.40836 2 396.578 298.549 211.508 216.384
1 -0.30078 0.179893 2.32624 2 394.966 242.046 210.649 175.432
2 -0.296054 0.434604 2.2289 2 392.296 182.197 209.225 132.054
3 -0.275824 0.553812 2.20911 2 397.665 153.717 212.088 111.412
4 -0.347587 0.301818 2.18701 2 374.373 211.192 199.666 153.069
5 -0.249608 0.0877679 2.17265 2 404.943 260.767 215.969 189
6 -0.122728 -0.064867 2.28777 2 447.101 295.545 238.454 214.207
7 -0.0831916 -0.112675 2.34134 2 459.546 305.539 245.091 221.451
8 -0.217516 0.319614 2.47519 1 423.465 215.805 225.848 156.412
9 -0.297755 0.108976 2.29627 1 394.741 257.184 210.529 186.403
10 -0.354268 -0.160281 2.25431 1 375.73 317.241 200.389 229.932
11 -0.302367 -0.219649 2.29705 1 393.33 329.655 209.776 238.929
12 -0.328945 -0.0921796 2.32902 2 386.76 301.253 206.272 218.344
13 -0.248326 -0.481832 2.55891 2 417.042 376.75 222.423 273.063
14 -0.312978 -0.857831 2.85279 2 408.035 434.335 217.619 314.8
15 -0.200329 -0.870951 2.80697 2 434.57 439.206 231.771 318.331
16 -0.272156 -0.0704803 2.41117 2 406.336 296.002 216.713 214.538
17 -0.227076 -0.501887 2.57311 2 423.102 380.184 225.654 275.552
18 -0.216866 -0.794437 2.94741 2 433.106 418.284 230.99 303.167
19 -0.175068 -0.855629 2.87199 2 441.794 432.843 235.624 313.719
20 -0.296959 0.372055 2.25534 2 393.169 197.511 209.69 143.153
21 -0.0257275 -0.168578 2.38041 2 476.53 317.018 254.149 229.77
22 -0.154448 -0.148188 2.34337 2 438.656 313.194 233.95 226.999
23 -0.29826 -0.255784 2.29975 1 394.645 337.572 210.477 244.667
24 -0.299404 -0.217497 2.27454 1 393.33 329.655 209.776 238.929
0
1
0.466646 -0.062993 0.871399 -0.137613
0.477769 -0.0647505 0.86535 -0.136794
0.484495 -0.09227 0.851925 -0.175998
0 0 0 0
-0.156729 0.768152 -0.396277 0.477852
-0.143324 0.814556 0.160206 0.538786
-0.409009 -0.629612 -0.0100929 0.660453
-0.452116 -0.636249 0.062887 0.621952
0.421213 0.69084 0.461665 0.363572
0.329191 -0.596855 -0.160205 0.713955
0.122116 -0.337323 -0.0366685 0.932714
-0.394456 -0.357391 0.116028 0.838578
-0.374577 0.576475 -0.549046 0.475307
0.275629 0.916182 0.0082527 -0.29081
0.306796 0.930159 -0.124501 -0.15868
0 0 0 0
0.159466 0.573261 0.80105 -0.0652745
0.0441831 0.482377 0.179352 0.856267
0.230407 0.493088 0.372928 0.751466
0 0 0 0
0.487562 -0.0788429 0.855153 -0.157417
0 0 0 0
0 0 0 0
0 0 0 0
0 0 0 0
