9398691
0 -0.393834 -0.026115 2.59023 2 379.306 286.317 202.296 207.519
1 -0.385109 0.260817 2.51101 2 378.295 228.554 201.757 165.652
2 -0.373775 0.538302 2.41508 2 377.025 167.89 201.08 121.684
3 -0.37681 0.663748 2.41828 2 376.142 141.462 200.609 102.53
4 -0.419148 0.415645 2.38749 2 362.759 192.773 193.471 139.719
5 -0.298148 0.173893 2.35583 2 396.862 243.832 211.66 176.726
6 -0.248798 -0.0827071 2.42923 2 413.539 298.436 220.554 216.302
7 -0.232101 -0.170072 2.46562 2 419.222 316.115 223.585 229.116
8 -0.296907 0.369181 2.33107 2 396.157 200.876 211.284 145.592
9 -0.209669 0.18652 2.36267 2 422.927 241.261 225.561 174.862
10 -0.365167 0.34521 2.51045 1 383.697 211.467 204.638 153.268
11 -0.40756 0.409366 2.63203 1 377.159 202.276 201.151 146.607
12 -0.442712 -0.0180591 2.54587 2 364.194 284.806 194.237 206.423
13 -0.252988 -0.435613 2.67039 1 418.681 363.918 223.296 263.763
14 -0.375741 -0.814588 2.9467 2 395.758 421.912 211.071 305.796
15 -0.406419 -0.882893 2.92675 2 387.824 434.882 206.84 315.197
16 -0.333239 -0.0343505 2.56482 2 394.58 287.99 210.443 208.731
17 -0.28821 -0.487773 2.68903 2 410.056 373.244 218.697 270.522
18 -0.260362 -0.806915 2.84161 2 420.594 425.712 224.317 308.551
19 -0.161002 -0.859421 2.82854 2 444.58 435.88 237.109 315.92
20 -0.376982 0.470244 2.44147 2 377.363 183.369 201.26 132.903
21 -0.20846 -0.233801 2.4849 2 426.255 328.832 227.336 238.333
22 -0.202526 -0.202429 2.448 2 427.064 323.055 227.767 234.146
23 -0.402322 0.391992 2.63514 1 378.678 205.731 201.962 149.111
24 -0.416187 0.426216 2.5985 1 373.455 197.939 199.176 143.463
0
1
0.0638888 0.00609982 0.988777 -0.134912
0.034025 0.0101678 0.990255 -0.134666
-0.00582462 0.0234212 0.982702 -0.183616
0 0 0 0
-0.309124 0.894997 -0.304583 0.103209
-0.229656 0.462809 0.0563219 0.854338
0.0901827 0.907842 0.138425 0.385393
0.142865 0.897504 0.158249 0.386048
-0.32536 0.88506 0.310558 -0.119845
0.18577 0.815473 0.140367 -0.529897
0.0608369 -0.304419 0.890873 0.331621
-0.0539768 -0.20449 0.848572 0.48497
0.185142 -0.585794 0.725465 -0.310273
0.186582 0.931842 0.160864 -0.266422
-0.0814901 -0.584118 0.320168 0.741389
0 0 0 0
-0.0531966 0.71251 0.659538 -0.233471
0.0525401 0.659274 0.131165 0.738507
0.000220983 0.175916 0.224266 0.958519
0 0 0 0
-0.00600274 0.0196135 0.986997 -0.159426
0 0 0 0
0 0 0 0
0 0 0 0
0 0 0 0
