9418039
0 -0.094112 -0.0303352 2.57523 2 458.855 287.164 244.723 208.133
1 -0.0829664 0.267356 2.50066 2 461.143 227.115 245.943 164.61
2 -0.0705984 0.550736 2.41739 2 463.807 165.547 247.364 119.987
3 -0.01972 0.660017 2.43479 2 478.361 143.392 255.126 103.929
4 -0.13537 0.399741 2.32595 2 443.865 194.094 236.728 140.677
5 -0.133555 0.17258 2.33113 2 444.577 243.765 237.108 176.678
6 -0.0812775 -0.0862962 2.40397 2 460.732 299.356 245.724 216.969
7 -0.0661329 -0.152527 2.45383 2 465.439 312.637 248.234 226.595
8 0.00678216 0.435647 2.66355 1 485.71 198.347 259.045 143.759
9 0.098738 0.395442 2.8238 1 508.018 210.3 270.943 152.423
10 0.291632 0.411609 2.87446 1 553.833 208.638 295.378 151.218
11 0.371207 0.439924 2.90464 1 572.038 204.398 305.087 148.145
12 -0.11198 -0.0394329 2.50463 2 453.245 289.169 241.731 209.586
13 -0.146446 -0.476179 2.66347 2 446.074 371.851 237.906 269.512
14 -0.250867 -0.840152 2.81169 2 422.228 433.332 225.188 314.073
15 -0.179078 -0.871233 2.81045 2 439.866 439.052 234.595 318.219
16 -0.0721904 -0.0254057 2.5796 2 464.736 286.188 247.859 207.425
17 -0.0754525 -0.477375 2.68447 1 464.596 371.348 247.784 269.148
18 -0.0619914 -0.730782 3.02226 2 469.799 404.024 250.559 292.831
19 -0.074639 -0.802538 2.95949 2 466.531 419.084 248.816 303.746
20 -0.073785 0.48131 2.44001 2 463.114 181.165 246.994 131.306
21 -0.0424873 -0.224564 2.47403 2 472.153 327.12 251.815 237.092
22 -0.0814517 -0.185658 2.40565 2 460.687 320.24 245.7 232.105
23 0.396654 0.451997 2.96962 1 576.029 204.006 307.216 147.861
24 0.389165 0.41389 2.98104 1 573.911 210.813 306.086 152.794
1
0
0.515215 -0.0478977 0.848085 -0.114066
0.520131 -0.0485592 0.845079 -0.113786
0.522238 -0.0641589 0.837983 -0.144693
0 0 0 0
-0.221205 0.722258 -0.429852 0.49461
0.00842659 0.894413 0.00867749 0.447079
0.159572 0.928085 0.0454866 -0.333354
0.327063 0.897254 -0.0079259 -0.296483
0.415447 0.671231 0.482746 0.379221
-0.253322 0.0818805 0.574031 0.774346
0.734091 0.137281 -0.0388879 -0.663892
0.807073 0.152185 -0.0804509 -0.564801
-0.382449 0.57006 -0.540144 0.486836
0.159306 0.956072 -0.0775883 -0.233512
0.179328 0.971803 -0.142468 -0.0560671
0 0 0 0
0.172072 0.62615 0.760307 -0.0161146
0.0851257 0.722254 0.075538 0.6822
0.326589 0.676789 0.305682 0.584684
0 0 0 0
0.524226 -0.0551626 0.840133 -0.127749
0 0 0 0
0 0 0 0
0 0 0 0
0 0 0 0
