9384569
0 -0.117801 -0.0417679 2.54941 2 452.216 289.492 241.182 209.82
1 -0.142573 0.23584 2.44849 2 443.917 232.474 236.756 168.494
2 -0.164739 0.505674 2.3364 2 435.313 171.338 232.167 124.183
3 -0.142815 0.625327 2.32902 2 441.584 144.686 235.511 104.867
4 -0.215444 0.369812 2.28957 2 419.125 199.322 223.533 144.466
5 -0.144074 0.156158 2.29643 2 440.834 246.817 235.111 178.89
6 -0.0503025 -0.0511971 2.37995 2 469.44 292.083 250.368 211.698
7 -0.0199082 -0.135577 2.4241 2 478.315 309.484 255.101 224.31
8 -0.069726 0.433365 2.56197 1 465.214 195.493 248.114 141.691
9 -0.00302822 0.3158 2.75679 2 483.201 223.246 257.707 161.806
10 0.180939 0.306695 2.83618 2 527.837 226.479 281.513 164.149
11 0.243042 0.335016 2.84749 2 542.693 221.634 289.436 160.637
12 -0.145262 -0.0491967 2.48271 2 443.759 291.229 236.672 211.078
13 -0.18509 -0.465172 2.68307 2 436.428 369.107 232.762 267.524
14 -0.252083 -0.81892 2.87459 2 423.313 426.178 225.767 308.888
15 -0.180752 -0.860032 2.83827 2 439.9 435.462 234.613 315.617
16 -0.0859381 -0.0303307 2.55082 2 460.816 287.22 245.769 208.173
17 -0.0688818 -0.385482 2.83476 2 467.238 350.057 249.194 253.717
18 -0.0185524 -0.729822 2.94577 2 479.609 407.07 255.791 295.039
19 0.0667539 -0.769987 2.8914 2 499.906 416.583 266.616 301.934
20 -0.159536 0.439391 2.36652 2 437.495 187.048 233.33 135.57
21 0.0475901 -0.192006 2.42956 2 497.418 321.175 265.29 232.783
22 -0.079879 -0.139079 2.44413 2 461.502 309.98 246.134 224.669
23 0.295359 0.356559 2.90812 2 553.874 219.101 295.4 158.802
24 0.25769 0.361275 2.8329 2 546.573 216.613 291.505 156.999
0
0
0.409699 -0.110638 0.89466 -0.139607
0.445449 -0.116178 0.877407 -0.135031
0.481539 -0.135895 0.849799 -0.165815
0 0 0 0
-0.177378 0.764952 -0.416345 0.458304
-0.0835218 0.791278 0.137855 0.58983
-0.263445 -0.483292 0.0539525 0.833136
-0.254502 -0.497054 0.114812 0.821574
0.419177 0.630903 0.557034 0.340536
-0.173971 -0.0207395 0.470992 0.864564
-0.126481 0.600156 0.679194 0.403127
-0.251495 0.48091 0.800886 0.253094
-0.363999 0.61032 -0.562389 0.422768
0.194827 0.919187 -0.115069 -0.322332
0.209334 0.927362 -0.149862 -0.271516
0 0 0 0
0.159096 0.568932 0.802163 -0.0868291
0.0975369 0.331371 0.316591 0.883431
-0.0138226 0.332316 0.168716 0.927852
0 0 0 0
0.482878 -0.127619 0.853967 -0.145886
0 0 0 0
0 0 0 0
0 0 0 0
0 0 0 0
