9372377
0 -0.00689528 0.0193769 2.64835 2 482.169 277.513 257.157 201.138
1 0.0167019 0.299575 2.56287 2 488.438 222.06 260.5 160.946
2 0.0411025 0.57102 2.46645 2 495.455 163.663 264.243 118.621
3 0.102266 0.686364 2.45792 2 512.714 139.186 273.448 100.88
4 -0.0650049 0.427836 2.39494 2 465.26 190.66 248.138 138.188
5 -0.148001 0.200532 2.42111 2 441.931 239.31 235.697 173.449
6 -0.18822 -0.0623547 2.47785 2 431.756 293.936 230.27 213.041
7 -0.20079 -0.132712 2.50642 2 428.889 307.993 228.741 223.229
8 0.138777 0.477931 2.69395 2 519.446 191.273 277.038 138.632
9 0.310921 0.44669 2.8103 2 560.199 200.61 298.773 145.399
10 0.4958 0.428494 2.87504 2 602.929 205.55 321.562 148.979
11 0.577735 0.437573 2.89932 2 621.533 204.536 331.484 148.245
12 -0.0396392 0.0201965 2.53453 2 473.216 277.184 252.382 200.899
13 -0.135671 -0.413402 2.67975 2 449.1 359.365 239.52 260.463
14 -0.296813 -0.803071 2.84962 2 411.921 424.63 219.691 307.766
15 -0.23149 -0.867259 2.82576 2 427.269 437.487 227.877 317.084
16 0.0261144 0.0151786 2.69399 2 490.614 278.363 261.661 201.754
17 0.0429631 -0.391695 2.92078 2 494.076 349.101 263.507 253.024
18 0.00883227 -0.735192 3.05647 2 485.951 403.374 259.174 292.36
19 0.0927969 -0.741353 3.02771 2 505.115 405.594 269.395 293.969
20 0.0349337 0.504354 2.49268 2 493.617 178.579 263.263 129.432
21 -0.199945 -0.195517 2.53126 2 429.644 320.292 229.143 232.143
22 -0.166683 -0.126955 2.50082 2 438.151 306.883 233.681 222.425
23 0.640723 0.451751 2.91263 2 635.934 202.362 339.165 146.669
24 0.585067 0.454081 2.86787 2 624.846 200.748 333.251 145.5
1
0
0.527859 -0.0442493 0.835502 -0.146092
0.486419 -0.0370606 0.860288 -0.148079
0.44121 -0.0444634 0.876877 -0.185591
0 0 0 0
-0.121873 0.741002 -0.495042 0.437032
0.0941156 0.955458 -0.155545 0.232481
0.12251 0.589513 0.0402653 0.797398
0.180314 0.584921 0.102135 0.78417
0.425238 0.687836 0.511109 0.291243
-0.362323 0.286475 0.542566 0.701624
-0.159852 0.619655 0.654372 0.402831
-0.198495 0.567185 0.716534 0.354231
0.372016 -0.520946 0.604206 -0.474505
0.132722 0.959862 -0.135619 -0.206539
0.145983 0.937401 -0.223845 -0.223299
0 0 0 0
0.385163 0.690243 0.560794 0.246424
0.0402117 0.224722 0.248854 0.941252
0.075809 0.155396 0.17662 0.968974
0 0 0 0
0.443953 -0.0358278 0.879899 -0.165529
0 0 0 0
0 0 0 0
0 0 0 0
0 0 0 0
