9466184
0 -0.10011 -0.0142997 2.54406 2 456.928 284.052 243.695 205.877
1 -0.0967169 0.25137 2.4479 2 456.79 229.255 243.621 166.161
2 -0.092792 0.510082 2.3405 2 456.611 170.597 243.526 123.646
3 -0.0517765 0.633964 2.33198 2 468.616 142.989 249.928 103.636
4 -0.171685 0.371989 2.2806 2 432.101 198.535 230.454 143.895
5 -0.168929 0.163771 2.2625 2 432.625 244.592 230.733 177.277
6 -0.145077 -0.0941778 2.34946 2 441.527 301.479 235.481 218.508
7 -0.145626 -0.133939 2.37894 2 441.888 309.683 235.673 224.454
8 -0.0613426 0.422579 2.56018 1 467.458 197.579 249.311 143.203
9 0.112139 0.411638 2.73013 2 512.231 204.839 273.19 148.464
10 0.350766 0.438353 2.8225 2 569.612 202.443 303.793 146.728
11 0.443429 0.461663 2.85431 2 591.122 199.111 315.265 144.313
12 -0.121215 -0.0273495 2.4237 2 449.601 286.915 239.787 207.952
13 -0.15512 -0.446413 2.61589 2 443.109 367.713 236.325 266.513
14 -0.305676 -0.827719 2.81735 2 408.889 430.786 218.074 312.228
15 -0.227576 -0.881057 2.79853 2 427.672 441.555 228.092 320.033
16 -0.0720638 0.00118938 2.60495 2 464.956 280.98 247.977 203.65
17 0.0246553 -0.376237 2.84529 2 489.918 348.148 261.289 252.333
18 0.0352336 -0.737115 2.99979 2 492.065 406.031 262.435 294.285
19 -0.0593608 -0.787113 2.9261 2 469.941 417.965 250.635 302.935
20 -0.0939119 0.446488 2.36942 2 456.644 185.659 243.544 134.563
21 -0.133457 -0.221157 2.38414 2 445.469 328.142 237.584 237.833
22 -0.1237 -0.143578 2.3724 2 448.125 311.814 239 225.999
23 0.49986 0.508252 2.87436 2 604.014 191.384 322.141 138.712
24 0.486917 0.416762 2.84588 2 601.984 206.874 321.058 149.939
1
0
0.592847 -0.0991159 0.786544 -0.141627
0.552526 -0.0918654 0.815372 -0.146434
0.506932 -0.102833 0.83553 -0.185299
0 0 0 0
-0.145134 0.74822 -0.460549 0.45497
-0.0375625 0.768957 -0.0225824 0.637796
0.0345667 0.45156 0.163743 0.876406
0.143335 0.418162 0.278953 0.852514
0.492351 0.633322 0.443038 0.400263
-0.37554 0.158522 0.580057 0.705247
0.628449 0.537324 0.396197 -0.399203
0.656206 0.489804 0.430264 -0.379945
-0.417604 0.557897 -0.522027 0.491779
0.205878 0.967389 -0.0659951 -0.131978
0.19525 0.941947 -0.210934 -0.173551
0 0 0 0
0.470816 0.548114 0.625208 0.294988
-0.0684122 0.142333 0.288248 0.944444
0.18234 0.913552 0.0852828 0.353415
0 0 0 0
0.509525 -0.0928231 0.83918 -0.165965
0 0 0 0
0 0 0 0
0 0 0 0
0 0 0 0
