9469325
0 1.10502 0.318281 3.51485 2 701.567 235.089 374.169 170.389
1 1.06886 0.574967 3.37963 2 703.064 194.481 374.967 140.957
2 1.0301 0.826378 3.23436 2 704.827 150.826 375.908 109.317
3 1.03768 0.935913 3.16219 2 711.609 130.122 379.525 94.3108
4 0.883275 0.749455 3.27476 2 670.794 164.556 357.757 119.268
5 0.832271 0.511842 3.41848 2 652.252 205.05 347.868 148.617
6 0.833615 0.301268 3.47278 2 649.715 237.13 346.515 171.868
7 0.846519 0.231748 3.47654 2 652.083 247.342 347.778 179.27
8 1.2071 0.768672 3.27494 2 739.652 161.396 394.481 116.978
9 1.33601 0.576883 3.35542 2 760.165 193.45 405.421 140.21
10 1.43443 0.406252 3.2562 2 789.574 217.519 421.106 157.655
11 1.43628 0.366325 3.13509 2 801.772 221.563 427.612 160.586
12 1.02435 0.309483 3.48415 2 687.33 235.997 366.576 171.047
13 1.01675 0.0113363 3.62163 2 677.989 279.619 361.594 202.664
14 1.01053 -0.244993 3.83264 2 666.127 313.71 355.268 227.373
15 1.08132 -0.28475 3.88116 2 676.561 318.533 360.832 230.868
16 1.16447 0.320933 3.47783 2 715.851 234.182 381.787 169.732
17 1.25534 0.0412524 3.59653 2 725.709 275.365 387.045 199.581
18 1.35218 -0.247704 3.76971 2 732.496 314.714 390.664 228.1
19 1.48361 -0.306148 3.7198 2 760.55 323.21 405.627 234.258
20 1.04041 0.76447 3.27267 2 704.377 162.033 375.667 117.439
21 0.853724 0.165673 3.50808 2 651.963 257.22 347.714 186.429
22 0.826892 0.196891 3.48337 2 647.815 252.501 345.502 183.009
23 1.42177 0.32304 3.09946 2 802.183 228.006 427.831 165.255
24 1.3984 0.327088 3.1418 2 792.745 228.063 422.797 165.297
1
0
-0.0157307 -0.0599378 0.968878 -0.239656
-0.00894323 -0.0616151 0.968965 -0.239231
-0.00241228 -0.0723928 0.959669 -0.271641
0 0 0 0
0.174226 0.717197 -0.649685 0.182161
0.191506 0.850508 -0.206246 -0.444324
-0.056508 -0.4232 0.112503 0.897247
-0.0942391 -0.419405 -0.0144217 0.902779
0.184976 0.676824 0.691654 -0.171196
-0.0769695 0.661764 0.31967 0.673762
-0.0739106 -0.500121 -0.328205 0.797933
0.216384 -0.310607 -0.544654 0.748367
0.0118629 0.688764 -0.670195 0.27623
0.142902 0.689485 -0.160156 -0.691766
0.33713 0.937669 0.019537 0.0820938
0 0 0 0
-0.0262176 0.601726 0.719884 -0.344971
0.0406018 0.710083 0.239559 0.660867
-0.058076 0.293736 0.290599 0.90879
0 0 0 0
-0.00209694 -0.06659 0.965274 -0.2526
0 0 0 0
0 0 0 0
0 0 0 0
0 0 0 0
