9385825
0 0.949507 0.284155 3.45063 2 674.178 239.321 359.562 173.457
1 0.925887 0.564338 3.32334 2 676.793 194.722 360.956 141.132
2 0.897793 0.837266 3.18465 2 679.385 147.1 362.339 106.616
3 0.832925 0.956693 3.17832 2 665.673 127.626 355.025 92.5016
4 0.829791 0.776514 3.36251 2 654.825 163.55 349.24 118.539
5 0.829447 0.59884 3.53992 1 645.944 195.153 344.503 141.444
6 0.8134 0.346549 3.57887 2 640.857 232.021 341.79 168.166
7 0.802213 0.304847 3.5886 1 638.238 238.069 340.394 172.549
8 0.963442 0.719777 3.07744 2 701.004 161.89 373.869 117.336
9 0.854638 0.535446 3.00522 2 680.85 190.438 363.12 138.027
10 0.61692 0.437184 2.95459 2 628.145 206.022 335.01 149.322
11 0.538686 0.418881 2.95686 2 609.655 209.287 325.149 151.688
12 0.912918 0.289326 3.46518 2 666.013 238.754 355.207 173.045
13 0.940594 -0.00580854 3.62294 2 663.262 282.026 353.74 204.408
14 1.04121 -0.282216 3.76249 2 675.256 319.365 360.137 231.472
15 0.924105 -0.364649 3.70942 2 656.06 331.183 349.899 240.037
16 0.966954 0.27365 3.36637 2 682.597 239.845 364.052 173.836
17 1.06449 -0.00557396 3.42118 2 699.218 282.04 372.916 204.419
18 1.24277 -0.301254 3.61639 2 722.002 323.672 385.068 234.593
19 1.12365 -0.383464 3.56396 1 702.227 336.023 374.521 243.545
20 0.905562 0.770075 3.2213 2 678.762 159.31 362.006 115.466
21 0.804389 0.246058 3.60035 2 638.123 246.509 340.332 178.666
22 0.785539 0.285987 3.59914 2 634.554 240.866 338.429 174.577
23 0.476946 0.390962 2.9517 2 595.362 214.012 317.527 155.113
24 0.508604 0.374233 2.95253 2 602.743 216.895 321.463 157.203
0
0
-0.48969 0.0719634 0.845039 -0.202323
-0.501547 0.0748067 0.838056 -0.201289
-0.509745 0.0852813 0.822717 -0.236693
0 0 0 0
0.456479 0.639974 -0.558301 -0.265257
-0.255436 -0.618652 0.284496 0.686356
0.0160941 -0.192869 0.0810551 0.977739
0.102544 -0.202867 0.135517 0.964347
-0.271885 0.614694 0.521351 -0.525759
-0.170801 0.952815 -0.250672 -0.0115858
0.376807 0.482687 -0.41305 0.674106
0.480992 0.513444 -0.393434 0.591804
-0.293654 -0.659295 0.692005 -0.015037
-0.103664 -0.250312 0.223157 0.936375
-0.211979 -0.243866 0.174839 0.930068
0 0 0 0
-0.36712 0.532453 0.551936 -0.526386
0.0546173 0.958358 0.181348 0.213726
0.198767 0.907489 0.296236 0.221811
0 0 0 0
-0.512017 0.0812258 0.827058 -0.217293
0 0 0 0
0 0 0 0
0 0 0 0
0 0 0 0
