9451143
0 1.09525 0.386854 3.59245 2 694.959 226.369 370.645 164.069
1 1.08575 0.655334 3.48069 2 700.093 185.215 373.383 134.242
2 1.06963 0.917542 3.35781 2 704.906 141.743 375.95 102.734
3 1.01756 1.03903 3.32347 2 696.356 121.62 371.39 88.1483
4 0.975791 0.874534 3.53227 2 675.398 154.957 360.212 112.31
5 0.954942 0.624102 3.67465 2 663.741 194.75 353.995 141.152
6 0.876712 0.435009 3.74181 2 645.786 222.124 344.419 160.993
7 0.878744 0.345397 3.74918 2 645.788 234.404 344.42 169.893
8 1.14712 0.797102 3.27185 2 727.157 156.858 387.817 113.688
9 1.15369 0.583848 3.20016 2 733.955 188.113 391.443 136.342
10 0.92937 0.410455 3.11072 2 690.751 214.005 368.4 155.108
11 0.839867 0.383683 3.06719 2 673.334 217.549 359.112 157.676
12 1.0446 0.393855 3.60879 2 684.202 225.654 364.908 163.551
13 1.05591 0.0912746 3.75485 2 678.324 268.847 361.773 194.857
14 1.1754 -0.209871 3.88741 2 693.113 308.691 369.66 223.735
15 1.11219 -0.261675 3.94449 2 678.889 314.959 362.074 228.278
16 1.12579 0.371156 3.50511 2 706.347 227.259 376.718 164.714
17 1.14011 0.00786047 3.57826 2 704.441 280.092 375.702 203.007
18 1.18386 -0.291431 3.69047 2 706.02 321.436 376.544 232.973
19 1.07315 -0.375192 3.62471 2 688.801 333.91 367.36 242.013
20 1.07469 0.85297 3.39045 2 703.768 152.833 375.343 110.771
21 0.880067 0.32377 3.74043 2 646.405 237.234 344.749 171.944
22 0.87441 0.336254 3.7165 2 646.407 235.242 344.751 170.5
23 0.786825 0.316849 3.00905 2 664.687 227.656 354.5 165.002
24 0.862802 0.361483 3.0785 2 677.809 221.447 361.498 160.502
1
0
-0.430649 0.0710714 0.880851 -0.183283
-0.451338 0.0753815 0.870431 -0.181552
-0.470779 0.0807089 0.850595 -0.219866
0 0 0 0
0.436374 0.62391 -0.609475 -0.221029
-0.0297499 -0.249363 0.256103 0.933458
0.173618 0.966635 -0.175692 0.0678734
0.0398309 0.995028 0.0149547 0.0900555
-0.210932 0.666417 0.518658 -0.492331
-0.162024 0.984613 0.0040662 0.0653372
0.275589 0.459911 -0.363912 0.761644
0.332685 0.407745 -0.50935 0.680902
-0.256775 -0.658949 0.706593 -0.0240501
-0.088841 -0.317108 0.205128 0.921668
-0.130591 0.207457 0.229791 0.941862
0 0 0 0
-0.334217 0.589229 0.55197 -0.486249
0.0873371 0.940192 0.0507531 0.325322
0.146696 0.932619 0.12095 0.306714
0 0 0 0
-0.471937 0.0797991 0.855289 -0.198464
0 0 0 0
0 0 0 0
0 0 0 0
0 0 0 0
