9441719
0 -0.362609 -0.161831 2.4534 2 382.202 314.628 203.841 228.038
1 -0.287441 0.114252 2.34905 2 399.78 256.59 213.216 185.973
2 -0.227217 0.380824 2.22949 2 413.714 194.579 220.647 141.028
3 -0.135564 0.475054 2.21713 2 441.781 172.456 235.616 124.993
4 -0.321157 0.26081 2.16895 2 381.927 220.24 203.695 159.627
5 -0.349141 0.055189 2.13888 2 371.564 268.138 198.167 194.342
6 -0.464324 -0.119143 2.19609 2 338.138 308.744 180.34 223.773
7 -0.513383 -0.197218 2.2222 2 324.467 326.295 173.049 236.494
8 -0.158529 0.258481 2.45314 1 439.51 227.884 234.405 165.167
9 -0.259219 0.204347 2.60482 1 415.506 241.504 221.603 175.039
10 -0.377693 0.00774303 2.43885 2 377.358 279.603 201.258 202.652
11 -0.400191 -0.0520437 2.45823 2 371.869 291.937 198.33 211.592
12 -0.394136 -0.143596 2.38738 2 370.251 311.694 197.467 225.912
13 -0.306686 -0.534812 2.54968 2 400.934 387.746 213.831 281.033
14 -0.289545 -0.867537 2.79991 2 412.378 439.024 219.935 318.198
15 -0.211172 -0.895803 2.78702 2 431.506 444.937 230.136 322.484
16 -0.322207 -0.173521 2.4521 2 393.524 317.048 209.879 229.792
17 -0.229639 -0.423591 2.7196 1 425.798 360.153 227.092 261.034
18 -0.258131 -0.878386 2.80609 2 420.285 440.643 224.152 319.372
19 -0.183594 -0.890185 2.81687 2 438.849 442.149 234.053 320.464
20 -0.241164 0.316437 2.26115 2 410.498 210.285 218.932 152.411
21 -0.544619 -0.263429 2.23164 2 315.344 341.224 168.183 247.315
22 -0.452873 -0.131244 2.2775 2 346.868 310.445 184.996 225.006
23 -0.379797 -0.0914094 2.47882 1 378.485 299.89 201.859 217.356
24 -0.376971 -0.0477021 2.42466 1 376.934 291.176 201.031 211.04
1
1
0.277334 0.0713464 0.936123 -0.204131
0.362452 0.0522243 0.90657 -0.209839
0.441496 -0.014069 0.863444 -0.243615
0 0 0 0
-0.129883 0.687555 -0.525156 0.484366
0.0366753 0.357742 -0.0913307 0.928619
0.302742 0.198713 0.0773833 0.928909
0.292905 0.201811 0.0827999 0.930926
0.435903 0.744867 0.419985 0.280667
0.59339 0.608359 0.0733876 0.521922
-0.223411 0.866783 -0.321013 0.309396
0.177409 0.958136 -0.14392 0.172593
0.259374 -0.433417 0.744078 -0.43729
0.218348 0.847305 -0.00543265 -0.484116
0.31556 0.933685 -0.0340138 -0.165824
0 0 0 0
0.0924784 0.785443 0.593751 -0.148276
-0.31119 -0.457436 0.268549 0.78854
0.0253437 -0.0580837 0.0953364 0.993426
0 0 0 0
0.446971 0.00177836 0.865434 -0.226359
0 0 0 0
0 0 0 0
0 0 0 0
0 0 0 0
