9396958
0 1.0004 0.333329 3.56164 2 678.185 233.59 361.699 169.303
1 0.987695 0.607727 3.43302 2 683.162 191.017 364.353 138.447
2 0.971103 0.87473 3.29277 2 688.446 145.67 367.171 105.58
3 0.915991 0.98851 3.26636 2 678.449 126.763 361.839 91.8761
4 0.867312 0.828792 3.46467 2 657.326 159.303 350.574 115.461
5 0.853635 0.585547 3.61623 2 647.135 198.846 345.139 144.121
6 0.821855 0.382311 3.67669 2 638.267 228.39 340.409 165.534
7 0.820218 0.338802 3.68905 2 637.413 234.567 339.953 170.011
8 1.08092 0.750492 3.2261 2 716.316 162.497 382.035 117.775
9 1.14081 0.526411 3.26665 2 726.046 199.01 387.224 144.24
10 1.13029 0.320819 3.33013 2 719.063 232.106 383.501 168.227
11 1.10402 0.240692 3.36184 2 711.326 244.735 379.374 177.38
12 0.944828 0.34245 3.57078 2 666.836 232.436 355.646 168.466
13 0.997453 0.0418505 3.70372 2 670.017 275.466 357.343 199.654
14 1.11858 -0.245712 3.86944 2 683.853 313.522 364.722 227.236
15 1.06794 -0.291099 3.93464 2 671.549 318.838 358.159 231.089
16 1.03645 0.31741 3.48389 2 689.775 234.829 367.88 170.201
17 1.13889 0.0047052 3.54276 2 706.433 280.534 376.764 203.327
18 1.24433 -0.278416 3.70546 2 716.511 319.5 382.139 231.569
19 1.14335 -0.369141 3.6266 2 702.205 333.061 374.509 241.398
20 0.975894 0.809103 3.32997 2 687.095 157.279 366.45 113.994
21 0.821673 0.283367 3.71545 2 636.558 242.485 339.498 175.75
22 0.794213 0.355764 3.682 2 632.811 232.145 337.499 168.256
23 1.10266 0.166469 3.38605 2 709.377 256.168 378.334 185.667
24 1.11706 0.212901 3.34189 2 715.414 248.75 381.554 180.291
1
1
-0.370026 0.062519 0.903004 -0.209181
-0.388391 0.0667779 0.895258 -0.20786
-0.404271 0.0767079 0.877882 -0.244958
0 0 0 0
0.432863 0.641208 -0.607589 -0.17977
-0.136013 -0.547116 0.240028 0.790286
0.0087577 -0.411086 0.161171 0.897193
-0.0401569 -0.407796 0.133207 0.902411
-0.116822 0.69632 0.549495 -0.446706
0.111253 0.967721 0.108621 -0.198344
0.146515 0.906419 0.0368249 0.394439
0.22776 0.879 -0.0584214 0.414815
-0.226266 -0.641904 0.727145 -0.0895731
-0.151447 -0.363292 0.159803 0.905287
-0.108853 0.250588 0.284952 0.918781
0 0 0 0
-0.286674 0.601928 0.571405 -0.478537
0.0284515 0.919792 0.177388 0.348865
0.174937 0.893066 0.238447 0.339077
0 0 0 0
-0.406028 0.0734297 0.882974 -0.223843
0 0 0 0
0 0 0 0
0 0 0 0
0 0 0 0
