9429108
0 -0.419847 -0.0224767 2.5739 2 371.651 285.635 198.214 207.024
1 -0.437476 0.273851 2.54453 2 365.443 226.62 194.903 164.251
2 -0.453115 0.561631 2.50483 2 358.901 167.15 191.414 121.148
3 -0.437992 0.673277 2.50705 2 363.056 144.455 193.63 104.699
4 -0.458364 0.422479 2.41282 2 352.761 192.229 188.139 139.325
5 -0.365997 0.18804 2.38432 2 378.243 241.245 201.73 174.851
6 -0.270841 -0.0692223 2.42062 2 407.015 295.681 217.074 214.306
7 -0.255294 -0.129876 2.4488 2 412.264 308.049 219.874 223.27
8 -0.346722 0.434552 2.72419 1 396.219 200.295 211.317 145.171
9 -0.34887 0.245734 2.50409 2 388.016 231.484 206.942 167.776
10 -0.405933 -0.0196563 2.43479 1 369.157 285.301 196.884 206.782
11 -0.43127 -0.0437241 2.46138 1 363.277 290.214 193.748 210.343
12 -0.434309 -0.018291 2.50467 2 364.536 284.912 194.419 206.5
13 -0.251021 -0.446458 2.60501 2 417.546 368.126 222.691 266.813
14 -0.421025 -0.756501 2.92032 2 384.262 413.025 204.94 299.355
15 -0.324065 -0.78947 2.87839 2 406.103 420.773 216.588 304.971
16 -0.394237 -0.0256363 2.57444 2 378.553 286.254 201.895 207.473
17 -0.291059 -0.488134 2.63763 2 407.859 375.122 217.525 271.883
18 -0.219718 -0.875812 2.7759 2 429.172 441.9 228.892 320.283
19 -0.131976 -0.869598 2.82298 2 451.613 438.032 240.86 317.48
20 -0.449646 0.490921 2.51679 2 360.547 182.064 192.292 131.957
21 -0.199792 -0.18104 2.4681 2 428.298 318.323 228.426 230.716
22 -0.308602 -0.163081 2.44956 2 397.267 314.921 211.876 228.25
23 -0.427502 -0.102086 2.45906 2 364.209 302.253 194.245 219.068
24 -0.482085 -0.0119041 2.4715 2 349.532 283.653 186.417 205.588
1
1
0.494958 -0.0501471 0.867012 -0.0281429
0.528559 -0.0512116 0.846946 -0.0261558
0.564717 -0.0673887 0.820678 -0.0551481
0 0 0 0
-0.358579 0.709979 -0.311725 0.519787
-0.174629 0.670845 0.0851773 0.715693
-0.176835 -0.633668 -0.0619055 0.750575
-0.227593 -0.643763 0.0808481 0.726109
0.330755 0.672297 0.521847 0.407791
-0.343053 0.741165 0.238264 -0.525565
-0.162021 0.80102 -0.0105916 -0.576197
0.0991895 -0.460623 0.464883 0.749581
0.466337 -0.537935 0.558631 -0.425543
0.170122 0.913228 0.147359 -0.339646
0.321287 0.892652 -0.26374 -0.174321
0 0 0 0
0.0396096 0.748584 0.661228 -0.0288257
-0.087389 0.261452 0.0929565 0.956747
-0.123926 -0.22928 0.143591 0.954701
0 0 0 0
0.565247 -0.0588761 0.822008 -0.036505
0 0 0 0
0 0 0 0
0 0 0 0
0 0 0 0
