9373484
0 0.97894 0.301261 3.48037 2 678.445 237.169 361.837 171.897
1 0.961036 0.563513 3.3529 2 682.385 195.594 363.938 141.764
2 0.94083 0.818926 3.21491 2 686.835 151.266 366.312 109.636
3 0.895141 0.927293 3.14189 2 681.545 130.593 363.491 94.6523
4 0.810729 0.79554 3.35284 2 651.385 160.317 347.405 116.196
5 0.780298 0.608809 3.49637 2 638.213 192.648 340.38 139.628
6 0.748517 0.365284 3.56416 2 628.871 229.172 335.398 166.1
7 0.748472 0.300291 3.58725 2 627.887 238.719 334.873 173.02
8 1.05761 0.718963 3.15964 2 716.076 165.097 381.907 119.66
9 1.06533 0.498305 3.1487 2 718.44 200.504 383.168 145.322
10 0.883409 0.408257 2.99454 2 688.14 211.775 367.008 153.492
11 0.821919 0.413025 2.94334 2 677.157 209.77 361.15 152.039
12 0.916496 0.305483 3.48348 2 665.773 236.617 355.079 171.496
13 0.93345 0.0292198 3.6182 2 662.124 277.107 353.133 200.843
14 1.02924 -0.262159 3.80178 2 671.057 316.279 357.897 229.235
15 0.945232 -0.358355 3.7091 2 660.038 330.333 352.02 239.421
16 1.02285 0.290709 3.40783 2 691.613 237.781 368.86 172.341
17 1.12753 -0.0089633 3.50255 2 706.745 282.514 376.931 204.762
18 1.24811 -0.286106 3.6898 2 718.227 320.727 383.054 232.459
19 1.16206 -0.382064 3.59776 2 707.611 335.32 377.393 243.036
20 0.946379 0.756086 3.25142 2 685.673 162.624 365.692 117.868
21 0.759459 0.232029 3.62147 2 628.593 248.694 335.25 180.25
22 0.764378 0.303224 3.552 2 632.438 237.868 337.3 172.404
23 0.792784 0.411912 2.92296 2 671.567 209.482 358.169 151.829
24 0.804782 0.465105 2.9581 2 672.195 201.159 358.504 145.797
1
0
-0.296744 0.0382685 0.927787 -0.222914
-0.318308 0.0434585 0.920611 -0.22196
-0.337184 0.0537335 0.904094 -0.256971
0 0 0 0
-0.398172 -0.618073 0.674458 0.0674663
0.181987 0.677586 -0.271509 -0.658818
0.147536 0.839115 0.0176744 0.523265
0.144923 0.839956 0.0885362 0.515395
-0.084489 0.673167 0.606803 -0.414122
-0.0291665 0.942321 0.00821697 0.333337
0.560552 -0.629753 0.0956175 0.529197
0.713499 -0.534221 0.143758 0.429955
-0.182599 -0.668866 0.707354 -0.137574
-0.128177 -0.446821 0.186651 0.865496
-0.242785 -0.409197 0.183007 0.860303
0 0 0 0
-0.235153 0.590531 0.618838 -0.461536
0.0633237 0.88239 0.208982 0.416778
0.179375 0.858176 0.279424 0.391511
0 0 0 0
-0.338809 0.0512628 0.90915 -0.236702
0 0 0 0
0 0 0 0
0 0 0 0
0 0 0 0
