9425216
0 1.19099 0.348462 3.57732 2 714.533 231.569 381.084 167.838
1 1.17386 0.597709 3.42874 2 721.28 192.29 384.683 139.369
2 1.15208 0.840996 3.2706 2 728.32 149.95 388.438 108.682
3 1.09312 0.953498 3.2036 2 720.678 129.268 384.362 93.6917
4 1.03382 0.833055 3.41387 2 693.9 156.726 370.08 113.593
5 1.05657 0.664318 3.6057 2 686.895 187.318 366.344 135.766
6 1.02984 0.447778 3.58165 2 682.895 217.56 364.211 157.685
7 1.05816 0.390351 3.58 1 688.471 225.695 367.184 163.581
8 1.27538 0.744043 3.22847 2 758.021 163.559 404.278 118.545
9 1.40191 0.557859 3.29983 2 778.697 194.907 415.305 141.266
10 1.34549 0.335729 3.36473 2 761.291 230.289 406.022 166.911
11 1.31255 0.291752 3.39445 2 752.064 237.358 401.101 172.034
12 1.12301 0.358039 3.58258 2 700.94 230.305 373.835 166.922
13 1.16049 0.0765188 3.7028 2 700.803 270.689 373.761 196.192
14 1.25422 -0.201377 3.8916 2 707.033 307.567 377.084 222.92
15 1.16253 -0.245922 3.96583 2 686.683 312.767 366.231 226.69
16 1.23662 0.33229 3.50472 2 728.444 232.868 388.504 168.78
17 1.29044 0.0316426 3.53665 2 736.779 276.649 392.949 200.511
18 1.34211 -0.26448 3.72742 2 733.458 317.39 391.177 230.04
19 1.25611 -0.361821 3.63871 2 723.116 331.903 385.662 240.559
20 1.15837 0.781148 3.31207 2 726.547 160.833 387.492 116.569
21 1.05944 0.313009 3.57346 2 689.054 236.622 367.496 171.5
22 1.07528 0.390524 3.53161 2 694.686 224.894 370.499 163
23 1.29832 0.219017 3.42313 2 746.876 248.574 398.334 180.163
24 1.27696 0.30064 3.37642 2 746.149 235.787 397.946 170.896
1
1
-0.296574 0.0525216 0.916939 -0.261741
-0.316718 0.0582794 0.910178 -0.260519
-0.335919 0.0625567 0.892539 -0.294312
0 0 0 0
-0.443629 -0.585403 0.675824 0.0613109
-0.290651 -0.559076 0.294265 0.718585
-0.032618 0.944576 -0.0754463 0.317836
-0.0985342 0.900708 0.204979 0.370135
-0.0384611 0.67081 0.611227 -0.418253
0.159422 0.945625 0.283509 0.00116596
0.0232738 0.733741 -0.18216 -0.654141
-0.0134697 0.663218 -0.384489 -0.641973
-0.230217 -0.638392 0.718714 -0.151348
-0.144831 -0.438118 0.150338 0.874343
-0.0814373 0.190626 0.308222 0.928455
0 0 0 0
-0.217313 0.607106 0.600099 -0.473369
0.00466312 0.877747 0.102318 0.468048
0.217915 0.85913 0.191414 0.421626
0 0 0 0
-0.336733 0.0632213 0.898575 -0.274183
0 0 0 0
0 0 0 0
0 0 0 0
0 0 0 0
