9426836
0 -0.393641 -0.0230465 2.55971 2 378.105 285.771 201.656 207.123
1 -0.416282 0.262719 2.5177 2 370.009 228.293 197.338 165.464
2 -0.436566 0.541906 2.46529 2 361.56 169.413 192.832 122.788
3 -0.435749 0.659526 2.47816 2 362.278 145.692 193.215 105.596
4 -0.436825 0.401308 2.37223 2 356.823 195.266 190.306 141.526
5 -0.343833 0.195294 2.35455 2 383.403 239.184 204.482 173.357
6 -0.279995 -0.0609074 2.4296 2 404.704 293.897 215.842 213.012
7 -0.261168 -0.163742 2.48256 2 411.6 314.592 219.52 228.012
8 -0.330157 0.414805 2.68463 1 399.198 202.85 212.905 147.023
9 -0.281923 0.257545 2.44523 1 404.593 227.861 215.783 165.15
10 -0.337645 -0.0133547 2.40992 1 387.555 284.016 206.696 205.851
11 -0.359067 -0.0610708 2.43881 1 382.629 293.892 204.069 213.009
12 -0.409972 -0.00566052 2.49634 2 370.883 282.36 197.804 204.65
13 -0.279215 -0.43353 2.64403 2 411.181 364.36 219.296 264.083
14 -0.404926 -0.802343 2.93497 2 388.523 420.359 207.212 304.67
15 -0.428305 -0.87316 2.91801 2 382.34 433.649 203.915 314.303
16 -0.368267 -0.0371392 2.55502 2 384.771 288.571 205.211 209.152
17 -0.299474 -0.491961 2.66504 2 406.463 374.887 216.78 271.713
18 -0.23904 -0.871377 2.81014 2 425.088 439.121 226.713 318.269
19 -0.14822 -0.86726 2.8533 2 448.021 435.933 238.945 315.958
20 -0.432186 0.473236 2.48042 2 363.625 184.255 193.933 133.545
21 -0.233965 -0.217708 2.51646 2 420.005 324.999 224.003 235.555
22 -0.238374 -0.111337 2.50544 2 418.545 303.692 223.224 220.112
23 -0.392183 -0.110499 2.43504 2 373.056 304.204 198.963 220.483
24 -0.394999 -0.0508516 2.40316 2 370.784 291.932 197.751 211.588
1
1
0.411834 -0.0657704 0.907503 -0.050052
0.488817 -0.0698548 0.868462 -0.044173
0.567697 -0.0874133 0.815515 -0.0708064
0 0 0 0
-0.367686 0.708734 -0.29691 0.523782
-0.198807 0.521675 0.078355 0.825949
-0.0789438 0.250482 0.164588 0.950756
-0.0256477 0.228231 0.246143 0.94163
0.325896 0.674618 0.519431 0.410941
-0.351906 0.750042 0.324748 -0.45622
-0.112402 0.779395 -0.0395027 -0.6151
0.066267 0.711444 -0.310369 -0.626998
0.476013 -0.476129 0.63387 -0.380686
0.196044 0.930578 0.0865879 -0.296807
0.112198 0.629881 -0.328933 -0.694596
0 0 0 0
-0.00698982 0.847764 0.510187 -0.144762
-0.0273117 0.34919 0.135783 0.926759
-0.110551 -0.202266 0.160777 0.959697
0 0 0 0
0.568143 -0.0804425 0.817433 -0.0504538
0 0 0 0
0 0 0 0
0 0 0 0
0 0 0 0
