9387223
0 0.956988 0.273796 3.4733 2 674.422 241.113 359.691 174.755
1 0.929082 0.55635 3.32691 2 677.246 196.04 361.198 142.087
2 0.899966 0.830584 3.17312 2 680.572 147.686 362.972 107.041
3 0.840218 0.948765 3.16024 2 668.318 128.023 356.436 92.789
4 0.837872 0.776063 3.35232 2 657.027 163.252 350.414 118.323
5 0.837369 0.598913 3.52971 1 647.979 194.885 345.589 141.25
6 0.831394 0.338405 3.65216 2 641.103 234.143 341.922 169.704
7 0.827286 0.317011 3.65814 1 640.052 237.196 341.361 171.917
8 0.963988 0.702931 3.08254 2 700.752 164.884 373.734 119.506
9 0.842847 0.524537 3.01609 2 677.397 192.625 361.279 139.612
10 0.655307 0.402925 2.96954 2 636.362 212.255 339.393 153.84
11 0.561358 0.355498 2.96376 2 614.612 220.325 327.793 159.689
12 0.917406 0.279882 3.47886 2 666.185 240.302 355.299 174.167
13 0.952979 -0.00883799 3.63509 2 665.032 282.446 354.684 204.713
14 1.04248 -0.277377 3.76177 2 675.528 318.719 360.282 231.003
15 1.09282 -0.335927 3.80953 2 682.348 326.086 363.919 236.343
16 0.977642 0.262955 3.4003 2 682.783 241.859 364.151 175.296
17 1.09403 -0.0209983 3.46164 2 702.641 284.299 374.742 206.056
18 1.25715 -0.293719 3.6204 2 724.508 322.567 386.404 233.792
19 1.13819 -0.376423 3.56985 1 704.703 334.932 375.841 242.754
20 0.907665 0.763488 3.21416 2 679.648 160.085 362.479 116.027
21 0.833375 0.288001 3.67867 2 640.31 241.45 341.499 175
22 0.809449 0.329337 3.6385 2 637.5 235.241 340 170.5
23 0.501987 0.308852 2.94795 2 601.326 228.073 320.707 165.304
24 0.527959 0.300201 2.95427 2 607.157 229.663 323.817 166.456
0
3
-0.42775 0.0636219 0.871372 -0.231716
-0.471831 0.0754098 0.848313 -0.228153
-0.512251 0.101022 0.813686 -0.255554
0 0 0 0
0.475858 0.624622 -0.560397 -0.263365
-0.26253 -0.635102 0.278863 0.67079
-0.0685499 -0.351437 0.207112 0.910438
0.0349255 -0.371092 0.15893 0.914228
-0.24471 0.633429 0.495314 -0.541801
-0.168451 0.94521 -0.276268 -0.0433434
0.330886 0.475054 -0.352404 0.735289
0.406387 0.496587 -0.331459 0.691655
-0.233844 -0.641893 0.72152 -0.112696
-0.131168 -0.31089 0.21355 0.916809
-0.204864 -0.283352 0.158328 0.923404
0 0 0 0
-0.328245 0.542182 0.567036 -0.526083
0.0438041 0.93851 0.210741 0.269941
0.175611 0.915274 0.292054 0.2148
0 0 0 0
-0.516406 0.0916466 0.818951 -0.232908
0 0 0 0
0 0 0 0
0 0 0 0
0 0 0 0
