86196789
0 0.879057 0.0567803 2.88494 2 694.722 271.193 370.519 196.557
1 0.87084 0.277816 2.76212 2 702.211 229.975 374.512 166.683
2 0.858349 0.494076 2.63114 2 710.061 185.441 378.699 134.405
3 0.80198 0.599775 2.57208 2 700.122 162.251 373.398 117.598
4 0.787548 0.460216 2.79277 2 679.144 197.279 362.21 142.985
5 0.736783 0.216763 2.67919 1 674.059 240.056 359.498 173.989
6 0.539796 0.193066 2.67002 2 623.371 244.519 332.464 177.224
7 0.467694 0.214015 2.68067 2 604.18 240.729 322.23 174.477
8 0.918282 0.383424 2.57343 2 731.326 205.206 390.041 148.731
9 0.775836 0.212988 2.61263 2 689.379 239.713 367.669 173.741
10 0.578976 0.194977 2.6568 2 634.311 243.952 338.299 176.813
11 0.526158 0.20203 2.66815 2 619.928 242.793 330.628 175.973
12 0.842675 0.0666437 2.90271 2 684.669 269.53 365.157 195.352
13 0.890245 -0.276628 3.14139 2 679.925 326.019 362.627 236.294
14 0.926224 -0.552585 3.28486 2 679.135 366.895 362.205 265.921
15 0.888348 -0.622176 3.25466 2 672.918 378.596 358.89 274.401
16 0.89726 0.0459431 2.80936 2 704.976 272.883 375.987 197.782
17 0.976152 -0.286696 2.93423 2 714.359 331.005 380.992 239.908
18 1.04003 -0.584389 3.11531 2 715.374 376.895 381.533 273.168
19 0.98722 -0.64258 3.13894 2 701.932 385.613 374.364 279.487
20 0.862149 0.440773 2.66553 2 708.061 196.902 377.633 142.712
21 0.399038 0.227497 2.68791 2 586.191 238.322 312.635 172.732
22 0.486067 0.186913 2.67175 2 609.333 245.734 324.977 178.104
23 0.451346 0.218563 2.67546 2 600.188 239.794 320.1 173.799
24 0.53288 0.219236 2.63808 2 623.268 239.036 332.41 173.25
1
1
-0.472309 0.10773 0.844838 -0.227084
-0.477264 0.109062 0.842049 -0.226448
-0.479956 0.114278 0.830069 -0.259939
0 0 0 0
0.470665 0.616057 -0.58636 -0.2348
0.0900555 0.0246001 -0.216011 0.971918
0.579594 0.333526 -0.323136 0.669638
0.71923 0.338098 -0.347605 0.497563
-0.185372 0.67963 0.480525 -0.522338
0.0586557 0.932237 -0.344601 -0.0935134
0.266094 -0.597978 0.62027 0.432298
0.305579 -0.532935 0.686544 0.38892
-0.349657 -0.61777 0.704332 -0.00402116
-0.13575 -0.251386 0.271455 0.91907
-0.157088 -0.426521 0.186107 0.871073
0 0 0 0
-0.3803 0.568824 0.535104 -0.495455
0.143093 0.948802 0.150157 0.238226
0.261037 0.957889 0.10809 0.0512286
0 0 0 0
-0.481629 0.111343 0.83529 -0.24068
0 0 0 0
0 0 0 0
0 0 0 0
0 0 0 0
