86200708
0 0.847706 0.0841235 2.95966 2 681.96 266.752 363.712 193.338
1 0.836347 0.317835 2.8491 2 687.061 224.414 366.432 162.652
2 0.825016 0.545591 2.728 2 693.495 179.244 369.864 129.914
3 0.764536 0.655158 2.68173 2 681.545 156.616 363.491 113.513
4 0.753509 0.49106 2.894 2 664.086 194.829 354.179 141.21
5 0.752163 0.238964 2.90737 1 662.704 239.423 353.442 173.53
6 0.584832 0.0891428 2.75455 2 630.368 264.789 336.196 191.915
7 0.530467 0.0598264 2.74851 2 616.961 270.173 329.046 195.818
8 0.894101 0.431204 2.66501 2 716.464 198.698 382.114 144.014
9 0.79876 0.223216 2.6845 2 689.794 238.883 367.89 173.139
10 0.62549 0.0998842 2.72619 2 642.268 262.608 342.543 190.335
11 0.548007 0.0678571 2.74221 2 621.706 268.659 331.577 194.721
12 0.810536 0.0961167 2.97837 2 672.001 264.802 358.401 191.925
13 0.883097 -0.278141 3.20103 2 674.682 325.414 359.83 235.856
14 0.925474 -0.547112 3.29313 2 678.476 365.829 361.854 265.148
15 0.881647 -0.608872 3.28063 2 669.971 375.74 357.318 272.331
16 0.868386 0.0700668 2.88287 2 692.292 268.841 369.222 194.852
17 0.940571 -0.253256 2.97264 2 702.971 324.605 374.918 235.269
18 1.08657 -0.54412 3.16111 2 722.233 369.013 385.191 267.456
19 1.06118 -0.631776 3.16115 2 716.692 383.169 382.236 277.716
20 0.828149 0.489403 2.76019 2 691.761 190.845 368.939 138.322
21 0.487554 0.0377061 2.75035 2 606.058 274.262 323.231 198.781
22 0.515934 0.0897299 2.7256 2 614.396 264.518 327.678 191.719
23 0.493543 0.0264035 2.76006 2 607.127 276.362 323.801 200.303
24 0.523423 0.0997859 2.72837 2 616.168 262.664 328.623 190.375
1
1
-0.48254 0.0887632 0.847763 -0.201429
-0.47703 0.0874545 0.850876 -0.202001
-0.466316 0.102136 0.846099 -0.237137
0 0 0 0
0.445652 0.651931 -0.553898 -0.263775
-0.00744113 -0.374085 0.0255628 0.927012
-0.417808 0.830176 -0.22291 -0.294202
-0.284954 0.762023 -0.427324 -0.394356
-0.178098 0.693455 0.493704 -0.493617
0.0157624 0.968049 -0.216496 -0.125546
-0.226074 0.651199 -0.405414 -0.600392
-0.290265 0.606813 -0.477638 -0.565142
-0.340048 -0.601065 0.723069 0.0161313
-0.149081 -0.243134 0.232196 0.929917
-0.114965 -0.2577 0.137526 0.949453
0 0 0 0
-0.356254 0.575974 0.534833 -0.505262
0.102992 0.956206 0.135612 0.238058
0.190162 0.89638 0.277738 0.288449
0 0 0 0
-0.468908 0.0951288 0.850676 -0.217774
0 0 0 0
0 0 0 0
0 0 0 0
0 0 0 0
