86190630
0 -0.214559 -0.055633 2.76471 2 430.625 291.386 229.667 211.193
1 -0.257981 0.23061 2.61678 2 416.136 236.6 221.939 171.484
2 -0.29539 0.507827 2.45862 2 401.038 176.315 213.887 127.79
3 -0.247466 0.640024 2.42667 2 413.471 147.067 220.518 106.592
4 -0.363215 0.35889 2.40156 2 379.669 205.385 202.49 148.86
5 -0.390642 0.123634 2.43364 1 373.425 255.469 199.16 185.161
6 -0.301516 -0.134785 2.52507 1 401.815 308.231 214.301 223.401
7 -0.269831 -0.16923 2.54082 1 410.912 314.921 219.153 228.251
8 -0.191919 0.442137 2.6468 2 434.006 196.534 231.47 142.445
9 -0.146506 0.225468 2.78855 1 447.842 240.313 238.849 174.175
10 -0.0637099 -0.014601 2.91122 1 468.927 283.745 250.094 205.655
11 -0.0553307 -0.0351639 2.93742 1 471.02 287.261 251.211 208.203
12 -0.249726 -0.0740633 2.68621 2 420.052 295.157 224.028 213.926
13 -0.304731 -0.418036 2.83214 2 409.834 356.034 218.578 258.049
14 -0.309193 -0.739114 3.05949 2 414.155 403.994 220.882 292.809
15 -0.253317 -0.809601 2.99972 2 425.588 418.481 226.98 303.309
16 -0.173318 -0.0359267 2.76811 2 440.939 287.772 235.168 208.573
17 -0.0936242 -0.359694 2.96111 2 462.209 342.692 246.512 248.378
18 -0.0494455 -0.660749 3.14395 2 473.113 387.842 252.327 281.103
19 0.0612398 -0.726211 3.11534 2 497.521 399.574 265.345 289.606
20 -0.286913 0.439395 2.5004 2 404.841 192.053 215.915 139.198
21 -0.25058 -0.226449 2.58155 2 417.185 325.613 222.499 236
22 -0.249317 -0.142381 2.54221 2 416.521 309.549 222.144 224.357
23 -0.0515596 -0.0694963 2.93858 2 471.906 293.163 251.683 212.481
24 -0.0422664 -0.0367177 2.90411 2 473.961 287.6 252.779 208.449
1
0
0.395522 -0.158582 0.885309 -0.186123
0.415028 -0.162665 0.876334 -0.182566
0.436183 -0.170989 0.856811 -0.215365
0 0 0 0
-0.175077 0.753597 -0.445434 0.450587
0.078412 0.971579 -0.0413391 0.219491
-0.0697241 0.433234 0.2165 0.87211
-0.215831 0.458766 0.323469 0.798949
0.401607 0.647095 0.5887 0.270946
0.0172637 0.343859 0.29594 0.891001
0.153828 0.894242 0.2252 0.354898
0.340026 0.823767 0.291551 0.347545
-0.331344 0.644231 -0.534283 0.435567
0.163684 0.926664 -0.133506 -0.310932
0.262696 0.83463 -0.151518 -0.459811
0 0 0 0
0.228089 0.524181 0.814219 -0.101279
-0.00550479 0.348777 0.282443 0.893616
0.00961828 0.258242 0.275446 0.925931
0 0 0 0
0.436035 -0.168372 0.862229 -0.195153
0 0 0 0
0 0 0 0
0 0 0 0
0 0 0 0
