786814
0 0.785837 -0.0979252 2.87268 2 672.989 298.544 358.927 216.381
1 0.784944 0.179181 2.73202 2 682.622 247.84 364.065 179.631
2 0.779479 0.448423 2.57966 2 693.237 192.617 369.727 139.606
3 0.742776 0.564818 2.54219 2 686.418 167.923 366.09 121.708
4 0.678822 0.399841 2.72916 2 655.909 206.681 349.818 149.8
5 0.674969 0.215527 2.86132 2 646.808 242.946 344.964 176.084
6 0.654316 -0.0629367 2.93546 1 637.714 292.094 340.114 211.705
7 0.669454 -0.0769766 2.95019 2 640.51 294.457 341.605 213.418
8 0.87946 0.32701 2.53389 2 724.479 215.401 386.389 156.12
9 0.925781 0.0813935 2.58397 2 732.175 265.152 390.493 192.179
10 0.863122 -0.107426 2.66186 2 708.396 301.766 377.811 218.716
11 0.855537 -0.148107 2.66564 2 706.101 309.509 376.587 224.328
12 0.726952 -0.083572 2.87283 2 658.69 295.992 351.301 214.531
13 0.795033 -0.300944 3.03592 2 664.945 331.623 354.637 240.356
14 0.850997 -0.552823 3.19189 2 668.447 369.401 356.505 267.737
15 0.823136 -0.634864 3.17937 2 663.159 382.916 353.685 277.532
16 0.824266 -0.112756 2.802 2 687.38 301.688 366.602 218.659
17 0.919508 -0.363885 2.9053 2 703.111 345.029 374.993 250.073
18 0.961143 -0.590786 3.08015 2 700.18 379.009 373.429 274.701
19 0.916614 -0.665837 3.06117 2 691.459 392.127 368.778 284.208
20 0.781741 0.382233 2.61997 2 690.517 206.891 368.276 149.952
21 0.673152 -0.108707 2.94613 2 641.608 299.945 342.191 217.396
22 0.659687 -0.10555 2.946 2 638.436 299.399 340.499 217
23 0.845033 -0.219206 2.70307 2 700.317 322.51 373.502 233.751
24 0.880354 -0.161725 2.64093 2 714.774 312.412 381.213 226.432
1
1
-0.317736 0.0746264 0.919181 -0.220411
-0.346327 0.0814832 0.908794 -0.217969
-0.37425 0.0910308 0.886999 -0.25472
0 0 0 0
0.414267 0.647538 -0.621817 -0.149736
-0.192696 -0.620531 0.237879 0.721958
0.00486914 -0.23117 0.13433 0.963583
-0.39224 -0.158191 0.263445 0.867018
-0.0963399 0.712204 0.543622 -0.433544
0.115159 0.971738 0.0705535 -0.193615
0.238928 0.829943 -0.031858 0.503083
0.0870433 0.847094 -0.0541586 0.521461
-0.186367 -0.600515 0.763986 -0.144827
-0.242902 -0.381269 0.230305 0.861738
-0.203605 -0.412079 0.202072 0.864814
0 0 0 0
-0.268604 0.616648 0.580693 -0.458686
0.104106 0.891024 0.229819 0.377388
0.262497 0.865321 0.197888 0.378359
0 0 0 0
-0.375023 0.0900272 0.892798 -0.232733
0 0 0 0
0 0 0 0
0 0 0 0
0 0 0 0
