789092
0 -0.169796 -0.159218 2.37246 2 434.758 315.158 231.871 228.422
1 -0.180828 0.102509 2.25099 2 428.741 258.178 228.662 187.124
2 -0.189533 0.357031 2.11763 2 422.284 195.723 225.218 141.858
3 -0.12973 0.47877 2.07896 2 440.891 164.258 235.142 119.052
4 -0.30915 0.216292 2.07661 2 381.403 228.414 203.415 165.551
5 -0.373846 -0.0287652 2.09724 2 361.173 288.163 192.625 208.856
6 -0.377109 -0.261333 2.10229 2 360.243 344.297 192.13 249.542
7 -0.357393 -0.33785 2.105 2 366.801 362.705 195.627 262.884
8 -0.01492 0.327728 2.29282 2 479.479 208.835 255.722 151.361
9 0.209755 0.371498 2.3235 2 546.148 200.159 291.279 145.072
10 0.376492 0.484733 2.19867 1 602.298 169.093 321.226 122.557
11 0.438806 0.47732 2.22709 2 620.18 172.173 330.762 124.789
12 -0.206087 -0.168229 2.30191 2 422.391 318.192 225.275 230.621
13 -0.332337 -0.560986 2.45414 2 390.411 397.405 208.219 288.034
14 -0.426523 -0.926628 2.6755 2 373.454 457.865 199.176 331.854
15 -0.391 -0.993295 2.6083 2 379.995 475.551 202.664 344.673
16 -0.128432 -0.145494 2.3745 2 446.786 312.196 238.286 226.276
17 -0.065135 -0.513975 2.53867 2 466.27 383.91 248.677 278.252
18 -0.0487125 -0.859189 2.73111 2 471.615 441.385 251.528 319.91
19 0.0351647 -0.923431 2.67953 2 493.045 456.831 262.957 331.105
20 -0.187667 0.294515 2.15313 2 423.949 211.914 226.106 153.592
21 -0.332423 -0.41671 2.12946 2 376.177 380.629 200.628 275.875
22 -0.383137 -0.34555 2.10244 2 358.159 364.697 191.018 264.328
23 0.437246 0.480325 2.20665 1 620.968 170.458 331.183 123.546
24 0.434598 0.472744 2.20574 1 620.18 172.173 330.762 124.789
0
0
0.363158 -0.0982922 0.90627 -0.192691
0.343633 -0.0941359 0.913852 -0.194755
0.322554 -0.0978277 0.911378 -0.236175
0 0 0 0
-0.0482884 0.767556 -0.508386 0.387388
0.0251047 0.983606 -0.132387 -0.119846
0.000663983 -0.498878 0.0129019 0.866576
-0.116883 -0.507023 -0.049374 0.852542
0.367752 0.642982 0.662335 0.112453
0.638696 -0.282176 -0.432237 -0.570627
0.842754 -0.219841 0.169056 -0.461363
0.667536 0.333371 0.0244267 -0.665329
-0.307794 0.609158 -0.59062 0.43053
0.11549 0.912196 -0.200205 -0.338347
0.165779 0.815494 -0.234126 -0.502665
0 0 0 0
0.195308 0.574437 0.786848 -0.112902
0.0105326 0.39383 0.220662 0.892242
0.072984 0.357686 0.241496 0.899119
0 0 0 0
0.323702 -0.0930971 0.916769 -0.214672
0 0 0 0
0 0 0 0
0 0 0 0
0 0 0 0
