802644
0 0.810379 -0.0880233 2.87677 2 678.666 296.773 361.955 215.097
1 0.809209 0.19749 2.72267 2 689.542 244.29 367.756 177.058
2 0.802925 0.476246 2.55734 2 701.506 186.259 374.137 134.998
3 0.786033 0.572318 2.51912 2 700.263 165.319 373.473 119.821
4 0.686598 0.408708 2.70995 2 659.148 204.473 351.546 148.199
5 0.669706 0.19465 2.84564 2 646.415 246.465 344.755 178.635
6 0.839368 -0.0349608 2.76767 1 693.722 287.64 369.985 208.477
7 0.867286 -0.116181 2.72461 1 704.247 302.926 375.598 219.556
8 0.932655 0.338158 2.56212 2 736.31 213.883 392.699 155.019
9 0.981835 0.0953136 2.62204 2 743.486 262.672 396.526 190.381
10 0.935963 -0.10911 2.67301 2 726.5 302.016 387.467 218.897
11 0.918101 -0.142625 2.68777 2 720.521 308.253 384.278 223.418
12 0.745595 -0.078595 2.86905 2 663.448 295.133 353.839 213.909
13 0.816944 -0.306391 3.04385 2 669.489 332.413 357.061 240.929
14 0.885483 -0.552599 3.21262 2 674.726 368.815 359.854 267.312
15 0.844582 -0.632483 3.18776 2 667.367 382.28 355.929 277.071
16 0.855202 -0.0952804 2.81409 2 694.168 298.445 370.223 216.309
17 0.94498 -0.364784 2.9235 2 707.818 344.8 377.503 249.906
18 0.965008 -0.595878 3.0978 2 699.811 379.29 373.232 274.904
19 0.912733 -0.66329 3.07557 2 689.598 391.177 367.786 283.519
20 0.805361 0.407629 2.60081 2 698.419 201.335 372.49 145.925
21 0.904384 -0.167702 2.7104 2 714.999 312.737 381.333 226.667
22 0.843403 -0.126391 2.72579 2 698.033 304.818 372.284 220.928
23 0.916249 -0.196718 2.70621 2 718.439 318.256 383.167 230.667
24 0.928629 -0.164879 2.66422 2 725.403 312.756 386.882 226.681
1
1
-0.227747 0.0557264 0.94241 -0.238515
-0.2493 0.0611818 0.936939 -0.237175
-0.271861 0.0638718 0.921024 -0.271525
0 0 0 0
0.398656 0.697187 -0.586872 -0.102884
0.243398 0.885683 -0.13924 -0.370048
-0.232785 -0.341741 -0.240599 0.878144
-0.0683694 -0.308363 -0.269487 0.909733
0.0606194 0.78356 0.514679 -0.342731
0.120387 0.98798 0.095844 -0.0147086
0.158576 0.839135 -0.0285887 0.519508
0.283874 0.80241 -0.0902279 0.51712
-0.142079 -0.623863 0.742514 -0.198198
-0.264778 -0.457761 0.211964 0.821839
-0.22543 -0.385467 0.217324 0.867967
0 0 0 0
-0.21078 0.596898 0.639288 -0.436572
0.0879251 0.848477 0.222707 0.471972
0.278326 0.874348 0.15589 0.365717
0 0 0 0
-0.271873 0.0652572 0.926584 -0.25153
0 0 0 0
0 0 0 0
0 0 0 0
0 0 0 0
