798312
0 0.706833 -0.135748 2.81233 2 657.516 305.738 350.675 221.595
1 0.697728 0.157664 2.68339 2 663.578 251.344 353.908 182.17
2 0.685404 0.44677 2.5388 2 670.797 191.593 357.758 138.864
3 0.663411 0.569351 2.50111 2 667.673 165.19 356.092 119.728
4 0.609487 0.406823 2.669 2 641.751 203.707 342.267 147.644
5 0.618125 0.34413 2.36692 1 664.558 207.223 354.431 150.193
6 0.388154 0.309931 2.17939 2 606.829 209.016 323.642 151.492
7 0.372045 0.34559 2.1738 2 602.055 200.488 321.096 145.311
8 0.770101 0.356706 2.46477 2 700.331 207.461 373.51 150.365
9 0.618966 0.224104 2.35402 2 665.678 232.796 355.028 168.727
10 0.434962 0.264915 2.23148 2 618.433 220.942 329.831 160.136
11 0.3905 0.298049 2.18723 2 607.115 212.041 323.794 153.684
12 0.651926 -0.116222 2.81255 2 643.91 302.194 343.418 219.026
13 0.696232 -0.332886 3.00436 2 643.991 337.515 343.462 244.627
14 0.734031 -0.588128 3.11525 2 646.921 377.292 345.025 273.456
15 0.679522 -0.679155 3.1041 2 635.398 392.589 338.879 284.543
16 0.740086 -0.140091 2.7552 2 669.56 307.063 357.099 222.555
17 0.860589 -0.377403 2.88959 2 690.091 347.73 368.049 252.03
18 0.959742 -0.653286 3.11595 2 697.415 388.129 371.955 281.31
19 0.882602 -0.677746 3.03845 2 685.235 394.944 365.459 286.25
20 0.686876 0.377764 2.5781 2 668.237 206.633 356.393 149.765
21 0.333489 0.367348 2.10207 2 593.437 192.47 316.5 139.5
22 0.334095 0.362052 2.088 2 594.375 193.16 317 140
23 0.364736 0.299149 2.17351 2 599.686 211.365 319.832 153.194
24 0.360943 0.324746 2.19267 2 597.498 206.04 318.666 149.335
1
1
-0.298363 0.0488362 0.931956 -0.200133
-0.361657 0.0624642 0.909267 -0.196307
-0.419175 0.102342 0.871038 -0.234759
0 0 0 0
-0.436335 -0.594262 0.654118 0.169095
-0.00465499 -0.0164495 -0.631202 0.77543
-0.2204 0.702128 -0.627835 0.253503
-0.201254 -0.189498 0.954247 -0.114021
-0.202107 0.61552 0.620564 -0.441802
-0.156247 0.852233 -0.43214 0.250082
0.767945 -0.376495 0.0320537 0.517189
0.856352 -0.358197 -0.0138131 0.371706
-0.174828 -0.563725 0.798101 -0.121177
-0.23133 -0.42223 0.27646 0.831732
-0.125125 -0.286558 0.17298 0.933973
0 0 0 0
-0.262792 0.58148 0.630999 -0.441205
0.131903 0.867501 0.290924 0.381322
0.251583 0.868646 0.253532 0.343338
0 0 0 0
-0.426964 0.0763287 0.876531 -0.208733
0 0 0 0
0 0 0 0
0 0 0 0
0 0 0 0
