804426
0 0.801256 -0.0803081 2.89639 2 675.135 295.311 360.072 214.037
1 0.794616 0.206182 2.74372 2 684.243 242.969 364.929 176.101
2 0.782843 0.48582 2.57965 2 694.189 185.207 370.234 134.236
3 0.763852 0.581268 2.54147 2 692.273 164.562 369.212 119.272
4 0.667501 0.416518 2.7337 2 652.756 203.704 348.137 147.642
5 0.655287 0.1965 2.86889 2 641.593 246.427 342.183 178.607
6 0.82511 -0.0332091 2.79086 1 688.393 287.265 367.143 208.206
7 0.863847 -0.124682 2.74422 1 701.784 304.346 374.285 220.586
8 0.918269 0.347806 2.58321 2 730.352 212.537 389.521 154.044
9 0.970503 0.105223 2.64695 2 738.032 260.94 393.617 189.126
10 0.925558 -0.10892 2.71129 2 720.361 301.682 384.193 218.655
11 0.919727 -0.140753 2.7244 2 717.726 307.536 382.787 222.898
12 0.736748 -0.0722249 2.88993 2 660.006 293.91 352.003 213.022
13 0.813344 -0.303616 3.05897 2 667.741 331.694 356.129 240.407
14 0.885691 -0.555644 3.2135 2 674.721 369.275 359.851 267.646
15 0.844423 -0.630823 3.18914 2 667.25 381.97 355.867 276.846
16 0.845915 -0.0863031 2.83242 2 690.502 296.717 368.268 215.056
17 0.932512 -0.364078 2.92893 2 704.426 344.551 375.694 249.726
18 0.958888 -0.595329 3.10194 2 698.144 379.063 372.343 274.74
19 0.911131 -0.665933 3.06963 2 689.638 391.831 367.807 283.993
20 0.786587 0.417001 2.62284 2 691.615 200.203 368.861 145.104
21 0.914324 -0.159505 2.7256 2 716.245 311.029 381.997 225.43
22 0.846581 -0.139209 2.73957 2 697.76 307.081 372.139 222.568
23 0.911059 -0.198625 2.74899 2 713.436 318.025 380.499 230.5
24 0.938705 -0.149373 2.68621 2 726.024 309.555 387.213 224.361
1
1
-0.233745 0.0481599 0.941554 -0.23774
-0.252485 0.0528939 0.936703 -0.236731
-0.271691 0.0551646 0.921549 -0.271825
0 0 0 0
0.400816 0.700627 -0.58126 -0.10298
0.240836 0.886301 -0.128328 -0.374167
-0.2409 -0.311792 -0.232635 0.889176
-0.110078 -0.284426 -0.266681 0.914257
0.063059 0.779816 0.520846 -0.341512
0.131736 0.985035 0.0959999 -0.0559998
0.174406 0.840604 -0.0108446 0.512689
0.20861 0.838426 0.0255244 0.502864
-0.145187 -0.633354 0.735379 -0.192359
-0.265494 -0.454732 0.198674 0.826596
-0.216571 -0.366327 0.19763 0.883088
0 0 0 0
-0.213666 0.587851 0.645011 -0.439021
0.0702819 0.852458 0.204919 0.475798
0.262569 0.853887 0.179884 0.411796
0 0 0 0
-0.272033 0.0560393 0.927101 -0.251676
0 0 0 0
0 0 0 0
0 0 0 0
0 0 0 0
