797517
0 0.668033 -0.080333 2.81429 2 647.781 295.707 345.483 214.325
1 0.660898 0.206049 2.66523 2 655.216 241.921 349.449 175.341
2 0.651933 0.483531 2.49761 2 664.618 182.611 354.463 132.354
3 0.656107 0.597535 2.47246 2 667.801 158.006 356.16 114.521
4 0.556179 0.419113 2.69015 1 626.741 202.036 334.262 146.433
5 0.539724 0.385053 2.3836 2 640.439 199.062 341.568 144.277
6 0.489734 0.582474 2.16244 2 640.827 143.918 341.775 104.31
7 0.466815 0.630255 2.09592 2 638.317 127.857 340.436 92.6687
8 0.74144 0.368706 2.45117 1 693.395 204.572 369.811 148.271
9 0.540323 0.378612 2.25993 2 649.262 195.976 346.273 142.041
10 0.471813 0.566864 2.1665 2 634.755 147.891 338.536 107.189
11 0.46409 0.623177 2.10189 2 636.964 130.025 339.714 94.2406
12 0.612025 -0.0754516 2.81832 2 633.728 294.798 337.988 213.665
13 0.689047 -0.306638 2.98247 2 643.481 333.449 343.19 241.68
14 0.733373 -0.589891 3.11634 2 646.718 377.547 344.916 273.641
15 0.683732 -0.675712 3.10255 2 636.415 392.081 339.421 284.175
16 0.707889 -0.0831284 2.73715 2 662.577 296.646 353.374 215.005
17 0.825788 -0.335912 2.84782 2 684.581 341.263 365.11 247.343
18 0.935921 -0.610813 3.07062 2 695.147 382.633 370.745 277.327
19 0.901901 -0.683059 3.06127 2 688.119 394.99 366.997 286.284
20 0.655458 0.414803 2.54238 2 662.285 198.167 353.219 143.629
21 0.474043 0.662014 2.06899 2 642.811 117.966 342.833 85.5002
22 0.426135 0.608339 2.06313 2 627.056 130.888 334.43 94.8657
23 0.467791 0.669723 2.08274 2 639.677 117.16 341.161 84.916
24 0.416337 0.609405 2.06908 2 623.352 131.071 332.454 94.9983
1
1
-0.314909 0.0662793 0.918827 -0.228467
-0.362705 0.0781804 0.90103 -0.224673
-0.408158 0.100888 0.867162 -0.266944
0 0 0 0
0.442593 0.66469 -0.56233 -0.214671
0.443236 -0.464579 -0.498402 0.582498
-0.495281 0.14329 0.763561 -0.388766
-0.497911 0.123364 0.730071 -0.451511
-0.133221 0.686021 0.556487 -0.449388
0.229549 -0.629546 0.682015 -0.292977
-0.555063 -0.00485067 0.785954 -0.272319
-0.489027 0.180333 0.766846 -0.374541
-0.20111 -0.661727 0.709124 -0.137169
-0.246741 -0.383865 0.213746 0.863759
-0.138616 -0.316055 0.182186 0.920708
0 0 0 0
-0.273696 0.554274 0.639532 -0.457022
0.09948 0.887152 0.262507 0.366272
0.243923 0.871569 0.263836 0.333557
0 0 0 0
-0.408942 0.100839 0.873833 -0.242928
0 0 0 0
0 0 0 0
0 0 0 0
0 0 0 0
