798388
0 -0.170831 -0.186992 2.31473 2 433.213 322.083 231.047 233.441
1 -0.226337 0.0722188 2.19986 2 413.217 264.602 220.382 191.78
2 -0.279034 0.324757 2.07278 2 391.15 201.728 208.613 146.21
3 -0.240374 0.453797 2.01175 2 401.447 166.589 214.105 120.742
4 -0.364336 0.176374 2.03184 2 360.366 237.185 192.195 171.908
5 -0.383144 -0.0795098 2.06012 2 355.808 300.779 189.764 218.001
6 -0.339941 -0.307629 2.07924 2 371.191 356.302 197.969 258.243
7 -0.317599 -0.378376 2.07279 2 378.211 373.914 201.713 271.008
8 -0.109935 0.284699 2.25367 2 450.396 217.258 240.211 157.465
9 0.076895 0.209709 2.35964 2 506.356 236.258 270.057 171.237
10 0.255447 0.204909 2.1987 2 563.915 234.014 300.755 169.61
11 0.320421 0.187009 2.18295 2 585.035 237.801 312.019 172.355
12 -0.204915 -0.193548 2.24154 2 421.078 324.913 224.575 235.493
13 -0.323429 -0.59602 2.37753 2 389.923 408.724 207.959 296.237
14 -0.439745 -0.948477 2.60414 2 366.862 467.056 195.66 338.516
15 -0.379419 -1.00811 2.5773 2 381.849 480.846 203.653 348.511
16 -0.131746 -0.174907 2.31947 2 444.914 319.352 237.287 231.462
17 -0.035404 -0.518039 2.50816 2 474.225 385.991 252.92 279.761
18 -0.00780195 -0.864374 2.70829 2 481.963 443.73 257.047 321.61
19 0.0840035 -0.925749 2.66662 2 505.775 458.143 269.747 332.056
20 -0.266327 0.262677 2.10673 2 396.883 218.016 211.671 158.015
21 -0.269918 -0.455198 2.10101 2 395.253 391.288 210.801 283.6
22 -0.359771 -0.362992 2.08225 2 364.686 369.762 194.499 267.999
23 0.359024 0.228892 2.07939 1 602.982 225.372 321.59 163.347
24 0.330899 0.226107 2.16091 1 589.454 228.165 314.376 165.371
0
0
0.377172 -0.169978 0.897971 -0.149989
0.359661 -0.167033 0.905127 -0.153262
0.343695 -0.172654 0.902028 -0.195983
0 0 0 0
-0.0998153 0.804439 -0.450999 0.373516
0.053076 0.996646 -0.0391337 -0.0484647
-0.101923 -0.407831 -0.000600261 0.907351
-0.12136 -0.397899 -0.101363 0.9037
0.33384 0.642486 0.663018 0.190181
-0.313505 0.378417 0.48673 0.722225
0.6954 -0.414192 0.0802184 -0.581746
-0.607831 0.230907 0.0350231 0.758944
-0.379284 0.630123 -0.561849 0.378702
0.107425 0.929942 -0.179416 -0.302452
0.219969 0.908806 -0.215326 -0.28164
0 0 0 0
0.199522 0.589362 0.779037 -0.077097
-0.0225035 0.365359 0.27213 0.889917
0.0500867 0.312964 0.256131 0.913204
0 0 0 0
0.343074 -0.168004 0.907575 -0.174304
0 0 0 0
0 0 0 0
0 0 0 0
0 0 0 0
