799574
0 -0.416419 -0.241732 2.2664 2 357.263 335.329 190.541 243.042
1 -0.453571 0.0252227 2.14643 2 338.251 275.248 180.401 199.496
2 -0.491549 0.28688 2.01873 2 315.661 208.935 168.353 151.433
3 -0.450916 0.422234 1.97474 2 325.974 172.354 173.853 124.92
4 -0.542303 0.13832 1.96394 2 293.085 245.387 156.312 177.853
5 -0.548739 -0.104549 1.96943 2 291.367 308.212 155.396 223.387
6 -0.485658 -0.344139 2.00924 2 316.813 368.364 168.967 266.985
7 -0.459925 -0.410502 2.01961 2 326.436 384.666 174.099 278.801
8 -0.374354 0.188913 2.1553 2 364.259 236.763 194.272 171.602
9 -0.297408 -0.0761122 2.28352 1 394.355 298.084 210.323 216.047
10 -0.275486 -0.30752 2.37933 2 404.217 346.71 215.582 251.291
11 -0.269032 -0.383154 2.419 1 407.315 361.53 217.235 262.032
12 -0.453222 -0.249708 2.18763 2 340.986 339.175 181.859 245.829
13 -0.465394 -0.620666 2.40961 2 350.291 412.384 186.822 298.891
14 -0.482901 -0.908952 2.59412 2 354.884 459.985 189.271 333.391
15 -0.408466 -0.996016 2.58426 2 374.33 477.916 199.643 346.387
16 -0.366683 -0.224746 2.27936 2 373.114 331.202 198.994 240.051
17 -0.269454 -0.471743 2.48543 2 409.186 377.536 218.233 273.633
18 -0.260683 -0.856409 2.75 2 418.346 439.821 223.118 318.777
19 -0.197987 -0.913274 2.72478 2 433.639 452.007 231.274 327.608
20 -0.481675 0.222912 2.05342 2 321.958 226.044 171.711 163.833
21 -0.418861 -0.481946 2.04682 2 342.376 401.083 182.601 290.7
22 -0.483805 -0.430949 2.02267 2 318.428 389.707 169.828 282.455
23 -0.254174 -0.461462 2.45325 2 412.51 376.661 220.005 272.999
24 -0.309223 -0.383086 2.37783 2 394.302 362.942 210.294 263.055
0
0
0.382419 -0.140997 0.89788 -0.166396
0.38107 -0.140747 0.898453 -0.166607
0.376737 -0.159133 0.890844 -0.197843
0 0 0 0
-0.203084 0.791848 -0.38807 0.4256
0.0140196 0.973495 -0.0103172 0.228046
-0.149129 -0.629365 -0.0190523 0.762429
-0.187656 -0.622391 -0.0589879 0.757585
0.285426 0.751072 0.553687 0.218755
0.197929 0.95813 0.159246 0.132108
0.191979 0.859897 -0.0542036 -0.469876
0.228324 0.853201 -0.0795175 -0.462161
-0.356073 0.619042 -0.572307 0.403067
0.243898 0.901448 -0.107868 -0.340983
0.260021 0.916284 -0.108645 -0.284622
0 0 0 0
0.249268 0.584777 0.771207 -0.0337691
-0.0156281 0.360908 0.363662 0.858633
0.0942682 0.333109 0.281461 0.894948
0 0 0 0
0.379159 -0.144704 0.897199 -0.174163
0 0 0 0
0 0 0 0
0 0 0 0
0 0 0 0
