881445
0 0.656689 0.00836065 2.69443 2 652.189 279.635 347.834 202.675
1 0.660179 0.292638 2.59296 2 659.91 223.818 351.952 162.22
2 0.661591 0.567241 2.47932 2 668.789 164.599 356.687 119.299
3 0.593018 0.673465 2.45476 2 651.349 141.325 347.386 102.431
4 0.58747 0.504819 2.66762 2 636.21 184.937 339.312 134.04
5 0.571428 0.32642 2.85781 1 621.914 223.221 331.688 161.788
6 0.546273 0.0811259 2.86848 2 615.189 266.87 328.101 193.424
7 0.530685 0.032605 2.87408 2 611.165 275.46 325.955 199.649
8 0.745977 0.436041 2.40942 2 698.45 188.953 372.507 136.95
9 0.797838 0.227661 2.37478 2 716.651 232.351 382.214 168.405
10 0.605003 0.161193 2.351 2 661.726 246.358 352.92 178.557
11 0.531825 0.185426 2.3132 2 642.653 240.495 342.748 174.308
12 0.616179 -0.00767155 2.70528 2 641.093 282.65 341.916 204.861
13 0.6341 -0.322909 2.65099 2 649.204 343.133 346.242 248.698
14 0.798539 -0.633825 2.95773 2 670.929 390.415 357.829 282.967
15 0.705737 -0.693539 2.90082 2 652.425 403.035 347.96 292.114
16 0.682186 0.0159489 2.61623 2 664.05 278.113 354.16 201.572
17 0.617208 -0.393023 2.69347 2 642.282 355.398 342.551 257.587
18 0.63188 -0.777251 2.79131 2 640.787 423.164 341.753 306.704
19 0.534721 -0.823661 2.77213 2 617.575 432.663 329.373 313.588
20 0.661807 0.499833 2.50958 2 666.51 179.756 355.472 130.285
21 0.526225 -0.0194364 2.87774 2 609.928 284.635 325.295 206.299
22 0.499713 0.0255881 2.86954 2 603.892 276.692 322.076 200.542
23 0.464323 0.188169 2.27062 2 625 239.151 333.333 173.333
24 0.496399 0.173788 2.3152 2 631.873 243.105 336.999 176.199
1
0
-0.384395 0.0719467 0.907255 -0.154767
-0.429754 0.0796763 0.886669 -0.150934
-0.471341 0.0996363 0.856728 -0.184194
0 0 0 0
0.444691 0.6238 -0.562599 -0.310814
-0.248198 -0.629985 0.31141 0.666738
0.0330599 -0.505425 0.044502 0.861088
0.103645 -0.507417 0.126795 0.845995
-0.16784 0.723107 0.502685 -0.443005
-0.0853244 0.988626 0.117105 0.040302
0.577138 6.12946e-005 -0.071208 0.813536
0.747936 -0.0667835 -0.285867 0.595325
0.173075 0.822768 -0.539908 0.039968
0.0238191 -0.552453 -0.0863562 0.828716
-0.291547 -0.272013 0.286164 0.871274
0 0 0 0
-0.384324 0.511645 0.631056 -0.438501
0.115243 0.915091 -0.035827 0.384764
0.12027 0.981578 0.0364695 0.14391
0 0 0 0
-0.472613 0.0947779 0.860509 -0.16486
0 0 0 0
0 0 0 0
0 0 0 0
0 0 0 0
