886075
0 0.762568 -0.0306766 2.66476 2 681.776 287.067 363.614 208.062
1 0.744043 0.23668 2.54151 2 686.469 233.808 366.117 169.461
2 0.722804 0.497401 2.40811 2 691.93 175.898 369.029 127.488
3 0.646795 0.605543 2.37443 2 672.74 151.155 358.795 109.555
4 0.662531 0.435489 2.60133 2 660.123 196.002 352.066 142.06
5 0.68148 0.232127 2.7682 2 653.982 238.594 348.791 172.93
6 0.689889 -0.00364783 2.87128 2 649.789 281.856 346.554 204.285
7 0.683707 0.00646319 2.89868 2 646.725 280.079 344.92 202.997
8 0.812745 0.368371 2.34607 2 724.082 201.124 386.177 145.772
9 0.858316 0.135531 2.38747 2 733.054 252.267 390.962 182.84
10 0.816576 -0.0526394 2.45351 2 714.371 292.141 380.998 211.739
11 0.792663 -0.116654 2.48639 2 704.59 305.104 375.781 221.135
12 0.717553 -0.0264099 2.6754 2 669.245 286.229 356.931 207.455
13 0.69645 -0.380295 2.66427 2 664.726 353.845 354.52 256.462
14 0.912347 -0.630701 2.99236 2 695.246 388.691 370.798 281.718
15 0.895858 -0.688617 3.02839 2 688.97 397.171 367.451 287.864
16 0.789804 -0.0333969 2.58693 2 695.139 287.782 370.741 208.58
17 0.705316 -0.324674 2.64605 2 668.261 343.64 356.406 249.066
18 0.648866 -0.772103 2.79362 2 644.879 422.115 343.936 305.944
19 0.543721 -0.822882 2.77783 2 619.548 432.213 330.426 313.262
20 0.728701 0.433262 2.4434 2 690.505 190.843 368.269 138.321
21 0.679225 -0.0316388 2.92382 2 644.25 286.705 343.6 207.8
22 0.691646 0.00630076 2.83267 2 652.5 280.081 348 202.999
23 0.775012 -0.185594 2.51133 2 697.502 318.841 372.001 231.091
24 0.757211 -0.10166 2.4825 2 694.956 302.056 370.643 218.926
0
1
-0.400605 0.0584698 0.890335 -0.208329
-0.437445 0.0671206 0.872824 -0.205705
-0.471899 0.0848058 0.844974 -0.236938
0 0 0 0
0.48113 0.638057 -0.524419 -0.293909
-0.247075 -0.610267 0.231144 0.71631
0.195732 0.954302 0.0616694 0.217239
0.816402 0.551493 0.0532795 0.162804
-0.136383 0.705134 0.506103 -0.477541
0.104129 0.971307 0.075976 -0.199869
-0.0215127 -0.612056 0.194292 0.766274
-0.0138072 -0.602511 0.278825 0.747694
-0.241863 -0.6704 0.69816 -0.06811
0.0336505 -0.465824 -1.43748e-005 0.884237
-0.313942 -0.113152 0.364195 0.869482
0 0 0 0
-0.329487 0.530471 0.612333 -0.484859
0.142513 0.911591 -0.0914083 0.374616
0.165375 0.972966 -0.0343645 0.157506
0 0 0 0
-0.474087 0.080328 0.849429 -0.217391
0 0 0 0
0 0 0 0
0 0 0 0
0 0 0 0
