881000
0 -0.448343 -0.314581 2.02827 2 331.238 360.061 176.66 260.967
1 -0.480858 -0.0465744 1.91713 2 310.774 293.554 165.746 212.764
2 -0.512748 0.214419 1.79491 2 286.332 220.399 152.71 159.742
3 -0.49771 0.350557 1.78368 2 290.734 181.066 155.058 131.234
4 -0.510219 0.0647896 1.73067 2 280.09 262.161 149.382 190.011
5 -0.444715 -0.169205 1.74389 2 307.754 330.543 164.135 239.573
6 -0.349288 -0.358101 1.84834 2 353.394 379.709 188.477 275.208
7 -0.31377 -0.419175 1.91418 2 370.693 392.553 197.703 284.517
8 -0.482617 0.196505 1.99141 1 316.568 231.059 168.837 167.469
9 -0.449623 0.0200675 1.8131 2 312.754 275.588 166.802 199.742
10 -0.400668 -0.215314 1.82946 1 332.757 341 177.47 247.152
11 -0.38018 -0.287966 1.81048 1 338.911 362.055 180.752 262.412
12 -0.446053 -0.334543 1.97406 2 327.78 367.404 174.816 266.289
13 -0.466 -0.73948 2.15362 2 333.902 456.429 178.081 330.813
14 -0.525686 -1.05558 2.32336 2 327.068 513.027 174.436 371.835
15 -0.409739 -1.11568 2.31775 2 361.391 526.788 192.742 381.809
16 -0.437705 -0.284518 2.01894 2 334.231 352.827 178.257 255.724
17 -0.372514 -0.615359 2.13502 1 363.152 428.056 193.681 310.249
18 -0.526391 -0.932306 2.23688 1 320.714 493.962 171.047 358.017
19 -0.467495 -0.961827 2.32326 2 344.356 492.558 183.657 356.999
20 -0.505496 0.150011 1.82736 2 292.719 239.45 156.117 173.55
21 -0.285565 -0.470962 1.94853 2 382.661 404.142 204.086 292.917
22 -0.2692 -0.422491 1.90637 2 386.42 393.852 206.091 285.459
23 -0.335274 -0.362011 1.84515 2 358.429 380.946 191.162 276.104
24 -0.373233 -0.24612 1.9 2 348.401 346.988 185.814 251.492
1
1
0.586951 -0.162014 0.783886 -0.1215
0.613839 -0.166138 0.763015 -0.115796
0.637208 -0.18991 0.733662 -0.140143
0 0 0 0
-0.302477 0.698665 -0.279488 0.585031
-0.0517639 0.827466 0.128612 0.544132
0.0878473 0.809483 0.303461 0.494906
0.205587 0.757722 0.37619 0.492008
0.497864 0.438892 0.622296 0.415033
0.203602 -0.616946 -0.331466 0.684145
-0.0986085 0.0911769 0.0433777 0.989991
-0.14579 0.100057 -0.109797 0.978099
-0.43757 0.604357 -0.368645 0.554424
0.2025 0.970349 -0.0487719 -0.122633
0.230371 0.960648 -0.111338 -0.108117
0 0 0 0
0.0771422 0.15214 0.972853 -0.156393
-0.0899476 0.018563 0.167505 0.981584
0.140485 -0.390741 0.21947 0.882847
0 0 0 0
0.638315 -0.182278 0.737868 -0.121981
0 0 0 0
0 0 0 0
0 0 0 0
0 0 0 0
