85851962
0 -0.335479 -0.228557 2.27162 2 382.232 332.208 203.857 240.78
1 -0.361991 0.0579758 2.17308 2 369.25 267.692 196.933 194.02
2 -0.385145 0.337038 2.0621 2 355.013 198.179 189.34 143.638
3 -0.323963 0.4569 2.06051 2 375.326 168.473 200.174 122.107
4 -0.424134 0.178498 1.98756 2 336.719 235.614 179.583 170.77
5 -0.405229 -0.0713022 1.99137 2 343.667 299.375 183.289 216.983
6 -0.331467 -0.28588 2.07275 2 373.693 351.19 199.303 254.537
7 -0.297919 -0.343477 2.11471 2 386.806 363.631 206.297 263.554
8 -0.27196 0.208528 2.16809 1 397.607 232.49 212.057 168.506
9 -0.378808 0.0439261 1.95182 2 350.205 269.798 186.776 195.546
10 -0.303566 -0.0333797 2.1982 2 388.94 288.899 207.435 209.39
11 -0.254987 -0.0893129 2.1579 2 402.682 302.159 214.764 219
12 -0.369658 -0.233585 2.20613 2 368.471 334.909 196.518 242.738
13 -0.331316 -0.575405 2.34906 2 386.471 405.795 206.118 294.114
14 -0.350309 -0.971685 2.5654 2 389.266 474.483 207.609 343.899
15 -0.243463 -1.00226 2.55749 2 417.943 481.184 222.903 348.755
16 -0.291412 -0.217507 2.27053 2 395.599 329.739 210.986 238.991
17 -0.316154 -0.577993 2.37444 2 391.942 404.996 209.036 293.535
18 -0.486306 -0.950105 2.72964 2 360.44 458.783 192.235 332.52
19 -0.36245 -0.963295 2.66641 2 389.725 465.499 207.853 337.388
20 -0.379884 0.268398 2.092 2 358.703 216.092 191.308 156.62
21 -0.271553 -0.403242 2.14075 2 396.446 376.833 211.438 273.124
22 -0.365429 -0.319753 2.1374 2 366.009 357.154 195.205 258.86
23 -0.23523 -0.123315 2.1815 2 409.796 309.819 218.558 224.552
24 -0.231662 -0.025608 2.15218 2 409.948 287.231 218.639 208.181
1
1
0.332979 -0.0971724 0.927441 -0.139768
0.34849 -0.0995033 0.921725 -0.138119
0.365629 -0.109323 0.907505 -0.175495
0 0 0 0
-0.276292 0.797623 -0.336296 0.41757
-0.0102814 0.891452 0.0371162 0.451474
-0.214553 -0.396802 0.0942908 0.887482
-0.326263 -0.382007 0.167048 0.848362
0.196009 0.815632 0.505092 0.202997
0.419226 -0.53878 -0.205985 0.701096
0.129259 0.39494 0.582736 0.698379
-0.401081 0.420726 -0.0867506 0.809073
-0.338616 0.614891 -0.592777 0.394794
0.199622 0.885437 -0.0361441 -0.418145
0.243988 0.96451 -0.0446853 -0.0905152
0 0 0 0
0.121557 0.605279 0.778971 -0.109845
0.0920216 0.441268 0.110163 0.885821
0.229734 0.157734 0.322242 0.904711
0 0 0 0
0.366072 -0.105333 0.911644 -0.154275
0 0 0 0
0 0 0 0
0 0 0 0
0 0 0 0
