85854423
0 -0.0796041 -0.142906 2.36567 2 460.836 311.753 245.779 225.954
1 -0.0867204 0.127637 2.27876 2 457.809 252.892 244.165 183.293
2 -0.0936195 0.390297 2.17982 2 454.369 190.443 242.33 138.03
3 -0.0205671 0.503552 2.15348 2 477.366 162.48 254.595 117.763
4 -0.189893 0.244587 2.10294 2 421.814 222.312 224.967 161.129
5 -0.248481 0.00191256 2.09851 2 402.527 280.75 214.681 203.483
6 -0.188806 -0.213733 2.1264 2 422.872 332.094 225.532 240.697
7 -0.169873 -0.281065 2.13645 2 429.228 347.843 228.922 252.112
8 0.0219472 0.307916 2.37694 2 490.308 215.638 261.498 156.292
9 0.12462 0.172665 2.481 2 518.478 246.015 276.521 178.308
10 0.330418 0.171613 2.45822 1 576.469 245.854 307.45 178.191
11 0.413252 0.167673 2.46591 1 599.398 246.744 319.679 178.837
12 -0.111393 -0.148832 2.2833 2 450.43 314.173 240.229 227.708
13 -0.177422 -0.516835 2.35556 2 431.986 392.612 230.393 284.56
14 -0.292491 -0.909535 2.53863 2 404.102 463.935 215.521 336.253
15 -0.221014 -1.00041 2.53311 2 423.452 482.738 225.841 349.882
16 -0.0473586 -0.135396 2.38062 2 470.29 309.963 250.821 224.657
17 0.000302602 -0.453978 2.56031 2 484.038 371.08 258.154 268.953
18 0.0236039 -0.826224 2.78906 2 489.809 431.948 261.231 313.07
19 0.137013 -0.867863 2.7685 2 518.202 440.829 276.374 319.507
20 -0.0919667 0.32577 2.20672 2 455.271 206.44 242.811 149.625
21 -0.14584 -0.339177 2.16474 2 437.563 360.607 233.367 261.363
22 -0.195442 -0.298439 2.11655 2 420.372 352.657 224.198 255.601
23 0.433075 0.152486 2.45226 1 605.633 249.685 323.004 180.968
24 0.413551 0.188402 2.44551 1 600.463 242.154 320.247 175.51
1
0
0.46434 -0.0839219 0.871941 -0.130631
0.445124 -0.0810395 0.881906 -0.132438
0.422558 -0.0954251 0.884766 -0.171839
0 0 0 0
-0.152361 0.755913 -0.479088 0.419352
0.0078255 0.983022 -0.118234 0.140094
0.116583 0.88057 0.0906554 -0.450318
0.125737 0.880306 0.0880682 -0.448883
0.379997 0.683547 0.558733 0.276013
-0.237146 0.132446 0.322811 0.906649
-0.498042 0.553989 0.499416 0.442307
-0.432694 0.519449 0.5377 0.503812
-0.366766 0.587752 -0.576194 0.433625
0.0682513 0.954075 -0.110192 -0.270076
0.180892 0.94985 -0.171138 -0.189143
0 0 0 0
0.267869 0.627665 0.729121 0.0516258
0.0118403 0.289549 0.260785 0.920876
0.0204492 0.168858 0.272382 0.947036
0 0 0 0
0.424432 -0.086156 0.888601 -0.151072
0 0 0 0
0 0 0 0
0 0 0 0
0 0 0 0
