85838518
0 -0.296644 -0.174768 2.33108 2 396.379 319.178 211.402 231.336
1 -0.328573 0.0881421 2.22738 2 382.423 261.168 203.959 189.291
2 -0.357334 0.344061 2.11099 2 367.148 198.45 195.812 143.834
3 -0.299309 0.474811 2.07751 2 384.419 165.019 205.023 119.603
4 -0.426992 0.197801 2.04507 2 339.902 232.106 181.281 168.227
5 -0.456958 -0.0517704 2.05343 2 330.452 294.008 176.241 213.093
6 -0.386582 -0.268353 2.11752 2 358.031 345.534 190.95 250.438
7 -0.377807 -0.315255 2.13169 2 361.672 356.296 192.892 258.238
8 -0.267452 0.283641 2.30655 2 404.11 218.9 215.525 158.655
9 -0.206739 0.0975123 2.49492 2 427.001 261.443 227.734 189.49
10 -0.0714437 -0.0386099 2.56624 2 464.835 288.815 247.912 209.329
11 -0.0251868 -0.0696209 2.5707 2 477.227 294.898 254.521 213.738
12 -0.323766 -0.176696 2.25683 2 385.185 320.877 205.432 232.567
13 -0.358434 -0.508587 2.39074 2 380.409 389.325 202.885 282.178
14 -0.426771 -0.940276 2.64103 2 371.925 462.842 198.36 335.462
15 -0.333065 -0.991462 2.60926 2 395.443 475.096 210.903 344.343
16 -0.261566 -0.16727 2.33834 2 407.004 317.422 217.069 230.063
17 -0.192148 -0.429412 2.56044 2 432.257 366.229 230.537 265.438
18 -0.15922 -0.848679 2.87534 2 445.66 431.418 237.686 312.686
19 -0.0677544 -0.8572 2.82392 2 467.361 435.71 249.259 315.796
20 -0.350638 0.28115 2.14232 2 371.108 214.628 197.924 155.559
21 -0.343925 -0.362953 2.15955 2 374.072 366.543 199.505 265.665
22 -0.4072 -0.33345 2.11833 2 351.248 361.178 187.332 261.777
23 0.00272893 -0.0992531 2.56361 2 484.688 300.779 258.5 218.001
24 -0.00877477 -0.0402637 2.5205 2 481.566 289.284 256.835 209.669
1
0
0.421113 -0.131466 0.885918 -0.143283
0.44384 -0.135121 0.874753 -0.139842
0.465888 -0.152137 0.853522 -0.176928
0 0 0 0
-0.173592 0.763309 -0.436323 0.443674
0.0318832 0.962367 -0.0531383 0.264593
0.202536 0.772909 0.0351386 -0.600297
0.168998 0.781644 -0.0169922 -0.600153
0.416381 0.623858 0.577401 0.322546
-0.0176432 0.242457 0.396417 0.8853
0.020381 0.827278 0.408859 0.384746
-0.128276 0.821589 0.453884 0.320196
-0.408266 0.59218 -0.56668 0.401889
0.165187 0.931913 -0.105803 -0.305052
0.234627 0.937579 -0.128036 -0.222493
0 0 0 0
0.208882 0.629048 0.747537 -0.0430707
0.0173818 0.322237 0.354632 0.877552
0.0435208 0.226821 0.3148 0.92063
0 0 0 0
0.466839 -0.144797 0.858554 -0.154857
0 0 0 0
0 0 0 0
0 0 0 0
0 0 0 0
