85833057
0 -0.269445 -0.153847 2.40208 2 406.797 313.63 216.958 227.315
1 -0.293695 0.11721 2.2917 2 395.782 255.317 211.084 185.05
2 -0.309824 0.381092 2.17117 2 385.515 192.11 205.608 139.239
3 -0.263036 0.49991 2.16416 2 400.011 163.812 213.339 118.729
4 -0.367853 0.221108 2.10208 2 363.323 227.854 193.772 165.146
5 -0.378429 -0.028779 2.1103 2 360.433 288.123 192.231 208.828
6 -0.319256 -0.247827 2.1947 1 383.742 338.455 204.662 245.307
7 -0.259987 -0.302551 2.2263 2 403.517 350.093 215.209 253.742
8 -0.217411 0.300762 2.41208 2 421.916 218.056 225.022 158.044
9 -0.111011 0.19185 2.55518 2 454.098 243.239 242.185 176.296
10 0.0799741 0.13467 2.60767 2 505.026 255.103 269.347 184.895
11 0.148961 0.115932 2.62689 2 522.921 258.897 278.891 187.645
12 -0.289247 -0.170323 2.32867 2 398.483 318.247 212.524 230.661
13 -0.330058 -0.48979 2.48306 2 392.222 381.382 209.185 276.42
14 -0.377925 -0.884685 2.72718 2 387.966 446.558 206.915 323.659
15 -0.270503 -0.932679 2.7074 2 414.738 456.829 221.194 331.104
16 -0.241864 -0.131383 2.40438 2 414.784 308.86 221.218 223.858
17 -0.15308 -0.405544 2.60892 2 443.556 359.97 236.563 260.901
18 -0.0832758 -0.795481 2.84845 2 463.751 423.24 247.334 306.758
19 0.0112833 -0.835358 2.85504 2 486.689 430.074 259.568 311.712
20 -0.306559 0.316189 2.20288 2 388.037 208.411 206.953 151.054
21 -0.243505 -0.333759 2.24947 2 409.382 356.425 218.337 258.332
22 -0.272051 -0.328356 2.2067 2 399 356.664 212.8 258.506
23 0.197183 0.0812789 2.64294 2 535.228 265.659 285.455 192.546
24 0.160179 0.14122 2.58378 2 526.561 253.571 280.832 183.785
1
2
0.487463 -0.131813 0.850808 -0.145364
0.492351 -0.132647 0.847989 -0.144603
0.497953 -0.134981 0.837165 -0.181596
0 0 0 0
-0.188736 0.758579 -0.388096 0.488178
0.0236628 0.911647 -0.0125353 0.410101
0.215697 0.873721 0.0325455 -0.434773
0.372833 0.763909 0.21255 -0.481934
0.423758 0.641769 0.535339 0.349249
-0.21285 0.164066 0.44055 0.856559
-0.190175 0.664022 0.570221 0.444699
-0.19213 0.657067 0.580104 0.441394
-0.380353 0.616616 -0.499436 0.475057
0.201503 0.944833 -0.110269 -0.233511
0.259448 0.947224 -0.0981502 -0.160686
0 0 0 0
0.215758 0.424628 0.876672 -0.0677231
-0.044766 0.25625 0.331806 0.906773
-0.0492067 0.102887 0.27642 0.954246
0 0 0 0
0.498445 -0.132032 0.841032 -0.163661
0 0 0 0
0 0 0 0
0 0 0 0
0 0 0 0
