85861716
0 -0.412777 -0.235522 2.21728 2 355.581 335.11 189.643 242.883
1 -0.462334 0.0299878 2.11697 2 333.333 274.022 177.778 198.607
2 -0.508736 0.290581 2.00408 2 308.442 207.441 164.503 150.351
3 -0.470124 0.424087 1.9734 2 319.091 171.774 170.182 124.5
4 -0.532495 0.137916 1.93122 2 293.363 244.886 156.46 177.49
5 -0.503678 -0.0887347 1.93417 2 304.077 304.53 162.174 220.719
6 -0.418485 -0.290325 2.0012 2 339.557 354.927 181.097 257.246
7 -0.373317 -0.357913 2.04776 2 358.08 370.015 190.976 268.182
8 -0.395803 0.169821 2.12268 2 355.423 240.63 189.559 174.405
9 -0.33577 -0.0209235 2.30427 1 383.679 285.809 204.629 207.15
10 -0.302935 -0.219637 2.40341 1 397.194 327.499 211.837 237.367
11 -0.292531 -0.285868 2.44009 1 401.406 340.572 214.083 246.842
12 -0.439021 -0.254032 2.14806 2 342.916 341.264 182.889 247.343
13 -0.432486 -0.607163 2.27627 2 352.443 417.071 187.97 302.287
14 -0.439086 -1.01264 2.45842 2 360.049 491.489 192.026 356.224
15 -0.327591 -1.05689 2.4527 2 391.296 501.191 208.691 363.256
16 -0.376102 -0.202818 2.22025 2 367.227 327.531 195.854 237.39
17 -0.321706 -0.487789 2.19877 1 382.886 393.979 204.206 285.55
18 -0.335325 -0.900124 2.37541 1 386.064 474.574 205.901 343.965
19 -0.324447 -0.937373 2.45978 2 392.49 475.666 209.328 344.756
20 -0.497764 0.226276 2.0346 2 314.939 224.673 167.967 162.84
21 -0.343724 -0.42663 2.07216 2 369.376 385.861 197.001 279.667
22 -0.327054 -0.377979 2.03078 2 372.781 375.757 198.817 272.344
23 -0.286536 -0.305349 2.44984 1 403.412 344.371 215.153 249.595
24 -0.288795 -0.271653 2.41776 1 401.717 338.135 214.249 245.076
0
0
0.418035 -0.155099 0.886572 -0.12321
0.407624 -0.153646 0.891407 -0.125018
0.396503 -0.160287 0.888367 -0.167026
0 0 0 0
-0.296628 0.797975 -0.311865 0.421887
-0.0195146 0.91357 0.0604447 0.40169
0.0536838 0.875286 0.238219 0.417426
0.126382 0.833322 0.35114 0.407803
0.21443 0.791646 0.510682 0.257917
0.224368 0.748396 0.310763 0.541285
-0.0462421 0.121625 0.235081 0.963227
-0.0395038 0.118312 0.255211 0.958806
-0.361051 0.658695 -0.498352 0.432906
0.16684 0.932312 -0.0474611 -0.317342
0.207686 0.972777 -0.028709 -0.0987266
0 0 0 0
0.197996 0.405787 0.890485 -0.0563099
-0.100703 0.439634 0.00822757 0.892476
-0.115485 -0.621355 0.165148 0.757171
0 0 0 0
0.396268 -0.156001 0.893178 -0.14446
0 0 0 0
0 0 0 0
0 0 0 0
0 0 0 0
