85618462
0 -0.303784 -0.118777 2.47353 2 399.47 305.518 213.051 221.436
1 -0.33677 0.166215 2.39055 2 386.982 245.991 206.39 178.291
2 -0.366236 0.444089 2.29714 2 373.881 182.993 199.403 132.631
3 -0.310145 0.558651 2.28239 2 390.043 156.733 208.023 113.598
4 -0.417841 0.298112 2.21858 2 354.009 212.988 188.805 154.371
5 -0.411032 0.0611679 2.20787 2 355.687 267.164 189.7 193.637
6 -0.322832 -0.180921 2.27512 2 386.263 321.498 206.007 233.017
7 -0.299801 -0.225988 2.31187 2 394.676 330.733 210.494 239.711
8 -0.263306 0.326487 2.40999 1 408.711 212.555 217.979 154.057
9 -0.203552 0.116139 2.6159 1 430.475 258.757 229.587 187.543
10 -0.177644 -0.0857252 2.7666 2 439.837 296.878 234.58 215.173
11 -0.184144 -0.103323 2.78765 1 438.565 299.952 233.901 217.401
12 -0.339052 -0.132511 2.40734 2 387.021 309.089 206.411 224.023
13 -0.311002 -0.599428 2.53659 2 399.26 401.334 212.939 290.881
14 -0.368685 -0.94234 2.65909 2 387.851 461.966 206.854 334.826
15 -0.276614 -0.976698 2.62626 2 410.941 470.922 219.168 341.318
16 -0.260468 -0.10188 2.47444 2 411.575 302.044 219.507 218.917
17 -0.258057 -0.491484 2.49089 2 412.495 381.362 219.997 276.406
18 -0.39433 -0.804038 2.68751 2 382.377 433.62 203.935 314.282
19 -0.314422 -0.821346 2.75899 2 405.094 432.801 216.05 313.688
20 -0.359378 0.375711 2.32245 2 377.216 199.096 201.182 144.302
21 -0.279082 -0.295367 2.33134 2 401.511 345.418 214.139 250.354
22 -0.273896 -0.18622 2.34508 2 403.591 321.417 215.249 232.959
23 -0.185145 -0.115447 2.78688 2 438.304 302.158 233.762 219
24 -0.186249 -0.105396 2.7624 2 437.625 300.503 233.4 217.801
3
0
0.352047 -0.102256 0.923684 -0.111424
0.370363 -0.104453 0.916493 -0.109366
0.39072 -0.113529 0.902322 -0.142355
0 0 0 0
-0.257825 0.777048 -0.400902 0.411097
-0.026308 0.927216 0.00487529 0.373571
-0.124305 0.28569 0.173159 0.934315
-0.108447 0.243351 0.357722 0.895017
0.234396 0.782676 0.517659 0.253979
0.292699 0.837739 0.253312 0.385167
0.31521 0.901549 -0.0456562 -0.292862
0.369346 0.87291 -0.226839 -0.223954
-0.321574 0.652828 -0.553653 0.404814
0.134736 0.905398 -0.0278517 -0.401653
0.150144 0.963174 -0.111349 -0.193273
0 0 0 0
0.125022 0.559369 0.816114 -0.0737142
0.00655427 0.442149 0.020283 0.896688
0.0957703 -0.282569 0.306242 0.903991
0 0 0 0
0.390829 -0.10928 0.905689 -0.122626
0 0 0 0
0 0 0 0
0 0 0 0
0 0 0 0
