85636899
0 -0.180796 -0.138537 2.39983 2 432.172 310.41 230.492 224.981
1 -0.164631 0.140628 2.29415 2 434.63 250.206 231.803 181.346
2 -0.147496 0.41165 2.1762 2 437.239 185.268 233.194 134.279
3 -0.077623 0.52473 2.17315 2 459.301 158.564 244.96 114.925
4 -0.194428 0.261232 2.11355 2 420.638 218.608 224.34 158.444
5 -0.208702 0.0198313 2.1079 2 415.894 276.452 221.81 200.368
6 -0.175407 -0.20908 2.18281 2 428.685 329.69 228.632 238.955
7 -0.155802 -0.282867 2.2288 2 435.852 345.477 232.455 250.397
8 -0.124704 0.208646 2.09557 1 443.034 230.829 236.285 167.301
9 -0.0219486 0.00176998 2.12961 1 476.879 280.791 254.335 203.513
10 0.00658741 0.016075 2.42272 2 485.824 277.858 259.106 201.387
11 0.0520391 -0.0209895 2.45031 2 498.543 285.54 265.889 206.955
12 -0.222701 -0.130365 2.33889 2 418.487 309.412 223.193 224.257
13 -0.170566 -0.565922 2.52276 2 437.302 395.117 233.228 286.375
14 -0.219502 -0.913419 2.70389 2 427.733 453.374 228.124 328.6
15 -0.118072 -0.936355 2.68363 2 453.481 459.051 241.857 332.714
16 -0.133762 -0.143023 2.39374 2 445.555 311.425 237.629 225.717
17 -0.270728 -0.52611 2.68491 1 414.41 380.662 221.019 275.899
18 -0.315157 -0.928935 2.8253 2 406.701 448.774 216.907 325.265
19 -0.191006 -0.929238 2.7493 2 435.843 453.452 232.45 328.656
20 -0.151911 0.345076 2.20781 2 436.574 202.009 232.839 146.413
21 -0.141523 -0.3501 2.27315 2 441.089 359.246 235.247 260.376
22 -0.2112 -0.242264 2.26861 2 419.898 335.281 223.945 243.007
23 0.0559849 -0.0234648 2.44873 1 499.659 286.054 266.485 207.328
24 0.0628613 -0.0188101 2.43991 1 501.651 285.107 267.547 206.642
0
0
0.233344 -0.0159491 0.955236 -0.181162
0.146729 0.000363531 0.972315 -0.181862
0.0106747 0.0282536 0.975072 -0.219824
0 0 0 0
-0.379843 0.900816 -0.202011 0.0586651
0.00458036 0.866483 -0.0314199 0.498196
-0.117661 -0.328633 0.124208 0.928832
-0.19746 -0.31464 0.217013 0.902727
-0.33322 0.938856 0.085692 -0.0130575
-0.217198 -0.660355 -0.0990401 0.712002
0.241229 0.291731 0.682691 0.625007
0.00756935 0.76526 0.462615 0.447557
0.247366 -0.539096 0.702654 -0.393019
0.197091 0.829375 -0.0574009 -0.519612
0.227064 0.962395 -0.0920583 -0.117317
0 0 0 0
0.0745029 0.718471 0.668855 -0.175734
0.280523 0.467749 0.196078 0.814906
0.0934651 0.252509 0.147171 0.951758
0 0 0 0
0.0108486 0.0270063 0.979664 -0.198525
0 0 0 0
0 0 0 0
0 0 0 0
0 0 0 0
