85641787
0 -0.121105 -0.141496 2.42918 2 449.698 310.664 239.839 225.165
1 -0.150232 0.129679 2.3301 2 439.646 253.066 234.478 183.418
2 -0.178827 0.393513 2.21952 2 428.432 191.302 228.497 138.653
3 -0.121809 0.51347 2.18701 2 445.514 161.968 237.608 117.392
4 -0.264109 0.255804 2.15322 2 399.489 221.01 213.061 160.185
5 -0.30417 0.0262352 2.15277 2 386.734 275.04 206.258 199.345
6 -0.250876 -0.195543 2.1975 2 405.395 326.27 216.211 236.476
7 -0.218938 -0.272427 2.21391 2 415.881 343.543 221.803 248.995
8 -0.084921 0.326719 2.40282 2 459.639 212.365 245.141 153.92
9 -0.0419329 0.140168 2.5868 2 472.82 253.819 252.171 183.964
10 0.0863055 -0.0202446 2.67461 2 506.12 285.036 269.931 206.59
11 0.109874 -0.081309 2.69501 2 511.963 296.461 273.047 214.871
12 -0.155791 -0.148096 2.35146 2 438.419 313.064 233.823 226.905
13 -0.195302 -0.555445 2.5028 2 430.108 393.903 229.391 285.495
14 -0.282919 -0.887245 2.69719 2 411.313 448.846 219.367 325.318
15 -0.201017 -0.945834 2.68383 2 432.065 460.878 230.435 334.038
16 -0.0840051 -0.129751 2.4395 2 460.298 308.1 245.492 223.307
17 0.0236225 -0.484546 2.74084 2 489.893 370.812 261.276 268.759
18 0.111841 -0.782382 2.95318 2 510.119 415.886 272.064 301.429
19 0.0109668 -0.83014 2.86063 1 486.607 428.843 259.524 310.82
20 -0.171809 0.328649 2.24926 2 431.364 207.182 230.061 150.162
21 -0.189464 -0.331603 2.24766 2 425.91 355.969 227.152 258.002
22 -0.196942 -0.246257 2.2395 2 423.447 336.886 225.839 244.17
23 0.127697 -0.126189 2.69116 2 516.559 304.918 275.498 221
24 0.122948 -0.0452489 2.628 2 516.094 289.914 275.25 210.126
1
2
0.418126 -0.119988 0.890189 -0.135417
0.427516 -0.121413 0.885717 -0.134141
0.435181 -0.139638 0.873477 -0.1678
0 0 0 0
-0.158322 0.759137 -0.484794 0.4045
0.0188182 0.96978 -0.0842021 0.228217
-0.0896955 0.233543 0.121989 0.960485
-0.162444 0.240363 0.143486 0.946176
0.403012 0.641533 0.576291 0.306441
0.0154537 0.245769 0.385305 0.889325
0.101507 0.877879 0.361388 0.297361
0.0847865 0.915893 0.217879 0.326314
-0.363472 0.611347 -0.573786 0.406095
0.152457 0.931839 -0.099922 -0.313765
0.231195 0.943163 -0.16098 -0.176289
0 0 0 0
0.229128 0.594993 0.770306 -0.0105924
0.00619847 0.329104 0.358696 0.873492
0.231784 0.880277 0.224722 0.347691
0 0 0 0
0.436399 -0.130709 0.877756 -0.148376
0 0 0 0
0 0 0 0
0 0 0 0
0 0 0 0
