85630105
0 1.18908 0.435614 3.7708 2 702.284 222.355 374.551 161.16
1 1.17118 0.707461 3.65084 2 706.288 182.385 376.687 132.19
2 1.15097 0.974286 3.52084 2 710.718 139.963 379.05 101.443
3 1.12236 1.10526 3.46974 2 708.368 118.594 377.796 85.9553
4 1.01187 0.91021 3.6359 2 676.833 153.542 360.978 111.285
5 1.02094 0.700961 3.75745 2 672.042 186.186 358.422 134.945
6 1.03394 0.420738 3.74047 2 675.115 223.971 360.061 162.331
7 1.05619 0.37053 3.75834 1 678.295 231.042 361.757 167.456
8 1.28925 0.871298 3.48657 2 740.488 153.638 394.927 111.354
9 1.34258 0.6004 3.56007 2 745.509 195.141 397.605 141.436
10 1.32531 0.392033 3.60208 1 739.003 225.695 394.135 163.581
11 1.30617 0.357883 3.62044 1 733.993 230.799 391.463 167.28
12 1.10953 0.435989 3.76328 2 687.967 222.221 366.916 161.063
13 1.1623 0.186445 3.8731 2 691.524 256.71 368.813 186.06
14 1.25085 -0.111868 4.08409 2 695.822 295.154 371.105 213.923
15 1.14003 -0.195026 4.06721 2 677.706 305.6 361.443 221.495
16 1.24749 0.427871 3.70931 2 716.932 222.411 382.364 161.201
17 1.32341 0.16971 3.76571 2 727.401 258.239 387.947 187.168
18 1.40081 -0.144412 3.96976 2 728.397 299.754 388.478 217.258
19 1.45921 -0.229065 3.86445 2 745.699 311.445 397.706 225.731
20 1.15656 0.908667 3.55534 2 709.572 150.776 378.439 109.28
21 1.05289 0.32715 3.77806 2 676.638 237.156 360.874 171.887
22 1.02368 0.34027 3.76567 2 671.877 235.247 358.334 170.504
23 1.31303 0.284736 3.65161 2 733.125 241.45 391 175
24 1.25877 0.337503 3.62066 2 724.822 233.689 386.572 169.374
0
1
-0.182618 0.00825603 0.960866 -0.208133
-0.214939 0.0152748 0.954156 -0.207735
-0.246138 0.0231372 0.938474 -0.241137
0 0 0 0
0.317208 0.703088 -0.635638 -0.0317771
0.19899 0.688505 -0.168399 -0.676762
-0.00657534 -0.461534 -0.0375148 0.886304
-0.25164 -0.4659 0.0441908 0.847149
-0.0187424 0.710535 0.615106 -0.341224
0.119274 0.981103 0.108171 0.107281
-0.0337652 -0.648655 0.101652 0.753508
-0.0197831 0.641327 -0.323564 -0.695424
-0.110739 -0.683307 0.700058 -0.175349
-0.193053 -0.535821 0.115878 0.813756
-0.180085 -0.185819 0.266149 0.92855
0 0 0 0
-0.158914 0.620531 0.655196 -0.400507
0.0104657 0.824173 0.174361 0.538727
0.0770658 0.557012 0.288848 0.774832
0 0 0 0
-0.247021 0.0231065 0.943244 -0.220765
0 0 0 0
0 0 0 0
0 0 0 0
0 0 0 0
