85620929
0 1.26623 0.289516 3.48503 2 735.758 238.846 392.404 173.112
1 1.27424 0.555084 3.33933 2 748.616 196.374 399.262 142.329
2 1.27795 0.813974 3.18184 2 762.575 150.625 406.707 109.171
3 1.25344 0.94285 3.11924 2 762.619 126.968 406.73 92.0246
4 1.14071 0.800907 3.31848 2 722.381 158.029 385.27 114.537
5 1.11319 0.569066 3.47431 2 705.938 197.709 376.5 143.296
6 1.07833 0.356982 3.48022 1 698.419 228.967 372.49 165.952
7 1.09818 0.317113 3.46568 1 703.306 234.602 375.096 170.036
8 1.38415 0.692792 3.15163 2 788.573 169.018 420.573 122.502
9 1.44708 0.462566 3.25835 2 792.059 208.74 422.431 151.292
10 1.36646 0.27149 3.30927 2 770.365 239.338 410.861 173.469
11 1.33774 0.231509 3.32827 1 762.697 245.714 406.771 178.09
12 1.1941 0.302022 3.48165 2 721.532 236.994 384.817 171.77
13 1.19799 0.0389512 3.64483 2 711.473 275.767 379.452 199.872
14 1.25937 -0.176769 3.87022 2 709.2 304.475 378.24 220.68
15 1.17495 -0.214724 3.93865 2 690.286 308.958 368.153 223.928
16 1.31327 0.271395 3.41904 2 750.261 240.714 400.139 174.467
17 1.33353 0.0247012 3.52754 2 745.976 277.639 397.854 201.229
18 1.37488 -0.265185 3.75477 2 737.723 317.228 393.452 229.922
19 1.48771 -0.30492 3.72429 2 760.981 322.991 405.857 234.1
20 1.27784 0.750331 3.22335 2 758.984 162.376 404.792 117.688
21 1.07993 0.246676 3.49214 2 697.944 245.243 372.237 177.749
22 1.0603 0.309246 3.48896 2 694.241 236.08 370.262 171.108
23 1.32041 0.175311 3.34376 2 757.768 254.46 404.143 184.429
24 1.29671 0.247017 3.30077 2 756.364 243.026 403.394 176.142
1
1
-0.250024 0.077253 0.935788 -0.236263
-0.285886 0.0862968 0.925462 -0.233112
-0.322051 0.0964368 0.902824 -0.268128
0 0 0 0
-0.39476 -0.593259 0.699408 0.0551169
-0.154369 -0.633959 0.251392 0.714891
0.0752098 -0.252344 0.0339377 0.964113
-0.151667 -0.329536 -0.226946 0.903825
-0.0455203 0.732774 0.541524 -0.409539
0.19612 0.964209 0.14575 0.102933
-0.0141798 0.789233 -0.228929 -0.56965
-0.0187472 0.752764 -0.347575 -0.558736
-0.174076 -0.619534 0.744999 -0.175647
-0.141555 -0.476883 0.234731 0.835133
-0.0494387 0.129902 0.39792 0.90683
0 0 0 0
-0.214451 0.643535 0.587279 -0.441562
0.160056 0.852178 0.134095 0.479784
0.0150822 0.211257 0.329717 0.920016
0 0 0 0
-0.322196 0.0962107 0.908851 -0.246825
0 0 0 0
0 0 0 0
0 0 0 0
0 0 0 0
