85609168
0 -0.336314 -0.134863 2.4349 2 388.898 309.26 207.412 224.148
1 -0.377581 0.143571 2.34208 2 372.931 250.146 198.897 181.302
2 -0.41693 0.414634 2.23881 2 355.326 187.079 189.507 135.593
3 -0.380867 0.538075 2.21084 2 364.823 157.362 194.572 114.054
4 -0.454856 0.274314 2.16999 2 339.263 216.999 180.94 157.278
5 -0.430212 0.0430403 2.16368 2 346.909 271.122 185.018 196.505
6 -0.327614 -0.18319 2.24116 2 383.3 322.627 204.427 233.836
7 -0.289784 -0.239914 2.29368 2 396.97 334.204 211.717 242.226
8 -0.296344 0.274076 2.36095 1 397.518 222.385 212.01 161.181
9 -0.228851 0.0886273 2.58526 1 423.109 263.871 225.658 191.25
10 -0.208185 -0.0593169 2.74706 2 431.878 292.13 230.335 211.732
11 -0.192259 -0.0726449 2.74877 2 435.895 294.574 232.477 213.503
12 -0.373193 -0.143167 2.3701 2 375.531 311.818 200.283 226.002
13 -0.329415 -0.524238 2.54835 2 394.731 385.698 210.523 279.549
14 -0.312205 -0.866528 2.74274 2 405.146 442.17 216.078 320.479
15 -0.201887 -0.928107 2.7178 2 432.506 455.257 230.67 329.964
16 -0.290466 -0.123075 2.43498 2 401.9 306.795 214.347 222.361
17 -0.33259 -0.548915 2.5634 2 394.377 390.002 210.334 282.668
18 -0.217817 -0.885055 2.73692 2 428.86 445.947 228.726 323.216
19 -0.179909 -0.890272 2.82911 2 439.948 441.46 234.639 319.964
20 -0.407508 0.347953 2.26657 2 359.884 203.255 191.938 147.316
21 -0.259572 -0.299714 2.32623 2 407.115 346.499 217.128 251.137
22 -0.276503 -0.197933 2.33486 2 402.462 324.138 214.646 234.931
23 -0.180505 -0.0986908 2.74369 2 438.75 299.399 234 217
24 -0.167235 -0.0787383 2.719 2 441.697 295.852 235.572 214.429
0
0
0.322833 -0.118914 0.930323 -0.127036
0.34781 -0.122297 0.921276 -0.123782
0.37621 -0.135853 0.903435 -0.154321
0 0 0 0
-0.279544 0.787745 -0.37335 0.402397
-0.0336012 0.915782 0.0432281 0.397927
-0.170145 0.187642 0.190653 0.948416
-0.182318 0.15129 0.370407 0.898148
0.203697 0.812898 0.48223 0.255262
0.398224 0.893248 0.176233 0.11166
0.359532 0.85829 0.186633 0.31503
-0.0871677 0.86132 0.415425 0.279198
-0.330077 0.640882 -0.579401 0.380281
0.217896 0.879628 -0.0453031 -0.420385
0.253632 0.94123 -0.0361115 -0.220119
0 0 0 0
0.126227 0.605076 0.780114 -0.0968102
0.103651 0.409257 0.112618 0.89949
-0.254489 -0.551522 0.100405 0.788022
0 0 0 0
0.376287 -0.130958 0.907223 -0.134924
0 0 0 0
0 0 0 0
0 0 0 0
0 0 0 0
