85619106
0 -0.282583 -0.113235 2.4803 2 405.598 304.316 216.319 220.564
1 -0.319908 0.171741 2.40074 2 392.243 244.98 209.196 177.558
2 -0.353954 0.449619 2.31001 2 378.175 182.334 201.694 132.153
3 -0.296059 0.562952 2.29346 2 394.749 156.391 210.533 113.35
4 -0.408312 0.303827 2.23185 2 357.741 212.102 190.795 153.728
5 -0.403282 0.0644221 2.22248 2 358.95 266.516 191.44 193.167
6 -0.317516 -0.183362 2.28476 2 388.283 321.866 207.084 233.284
7 -0.289096 -0.23545 2.31215 2 397.877 332.798 212.201 241.208
8 -0.251075 0.332019 2.42285 1 412.592 211.767 220.049 153.486
9 -0.191427 0.121654 2.62875 1 433.909 257.806 231.418 186.855
10 -0.178148 -0.0906726 2.7703 1 439.77 297.76 234.544 215.812
11 -0.166672 -0.106569 2.77825 2 442.736 300.605 236.126 217.874
12 -0.318473 -0.130601 2.4128 2 393.131 308.618 209.67 223.682
13 -0.251451 -0.591287 2.55592 2 416.031 398.747 221.883 289.006
14 -0.310868 -0.930374 2.69102 2 403.913 457.488 215.42 331.581
15 -0.216559 -0.957669 2.66073 2 427.555 464.745 228.03 336.841
16 -0.238802 -0.0915688 2.48275 2 417.831 299.869 222.843 217.341
17 -0.211225 -0.482736 2.47637 1 425.141 380.122 226.742 275.507
18 -0.340826 -0.744647 2.73674 2 397.831 419.675 212.177 304.175
19 -0.263039 -0.79454 2.79499 2 418.872 425.875 223.399 308.668
20 -0.345939 0.381215 2.33469 2 381.758 198.339 203.604 143.754
21 -0.268055 -0.287616 2.33775 2 405 343.55 216 249.001
22 -0.260522 -0.21735 2.30986 2 406.339 328.861 216.714 238.354
23 -0.15957 -0.114762 2.77003 2 444.375 302.158 237 219
24 -0.171127 -0.106545 2.75333 2 441.25 300.777 235.333 217.999
3
0
0.359811 -0.108032 0.921051 -0.102615
0.372904 -0.109484 0.915829 -0.101065
0.387623 -0.118762 0.904014 -0.135656
0 0 0 0
-0.250999 0.780996 -0.40799 0.400737
-0.0220199 0.934071 0.00283503 0.356397
-0.0645792 0.565358 0.190061 0.800048
-0.0625957 0.539955 0.312368 0.779074
0.234659 0.780648 0.517078 0.261063
0.296942 0.844051 0.248234 0.371193
0.274858 0.871388 -0.0948222 -0.395152
0.323755 0.794119 0.139695 -0.495017
-0.317828 0.667252 -0.536865 0.406861
0.164426 0.903429 0.00409948 -0.395934
0.169421 0.964026 -0.113315 -0.170615
0 0 0 0
0.136682 0.524789 0.838337 -0.0557262
-0.0344558 0.506061 0.010801 0.861742
0.143525 -0.0922814 0.38054 0.908886
0 0 0 0
0.387592 -0.114292 0.907366 -0.11574
0 0 0 0
0 0 0 0
0 0 0 0
0 0 0 0
