85604982
0 -0.160234 -0.107112 2.50078 2 439.927 302.869 234.628 219.515
1 -0.19861 0.162007 2.3939 2 426.915 246.972 227.688 179.002
2 -0.235569 0.422996 2.27336 2 412.504 186.8 220.002 135.39
3 -0.178741 0.539721 2.23852 2 428.821 158.702 228.705 115.025
4 -0.300213 0.28374 2.20218 2 390.03 215.887 208.016 156.472
5 -0.294684 0.0490912 2.20275 2 391.918 269.928 209.023 195.64
6 -0.184336 -0.18386 2.28632 2 428.515 321.902 228.542 233.31
7 -0.159183 -0.232287 2.32489 2 436.867 331.775 232.996 240.466
8 -0.159401 0.355363 2.41068 2 438.434 206.531 233.831 149.691
9 -0.0923287 0.169581 2.63494 1 459.879 248.669 245.269 180.232
10 -0.0439449 -0.0216678 2.74078 2 472.945 285.206 252.237 206.713
11 -0.0350552 -0.055836 2.76993 2 475.265 291.398 253.475 211.201
12 -0.190696 -0.119734 2.42692 2 429.948 306.164 229.306 221.904
13 -0.219035 -0.553286 2.5792 2 425.363 390.123 226.86 282.756
14 -0.29295 -0.896783 2.7569 2 410.373 446.965 218.865 323.954
15 -0.197179 -0.927272 2.72345 2 433.812 454.733 231.367 329.585
16 -0.126255 -0.0913165 2.50786 2 449.369 299.619 239.663 217.16
17 -0.0615787 -0.470847 2.82326 2 468.938 365.715 250.1 265.065
18 -0.0546396 -0.712871 2.98028 2 471.303 402.69 251.362 291.864
19 0.0632048 -0.743696 3.00124 2 498.496 407.096 265.864 295.058
20 -0.226654 0.358896 2.30573 2 416.236 202.304 221.993 146.627
21 -0.124601 -0.298048 2.36815 2 447.757 344.927 238.804 249.999
22 -0.133505 -0.182933 2.3619 2 445.102 320.387 237.388 232.212
23 -0.0132466 -0.106876 2.77869 2 480.682 300.651 256.364 217.908
24 -0.045813 -0.113817 2.7466 2 472.499 302.156 252 218.999
1
0
0.428725 -0.141916 0.881397 -0.13854
0.438697 -0.143479 0.876477 -0.136921
0.447415 -0.162432 0.861826 -0.175193
0 0 0 0
-0.205734 0.751769 -0.450617 0.435272
-0.00272432 0.944399 0.0115226 0.32859
-0.158247 0.268657 0.212401 0.926103
-0.121722 0.223969 0.350484 0.901212
0.377283 0.652092 0.586083 0.29823
0.223217 0.664216 0.373276 0.607994
0.266578 0.801861 -0.0424536 -0.53306
0.342659 0.785517 -0.0971677 -0.50607
-0.361743 0.63217 -0.539555 0.422355
0.150259 0.938161 -0.081043 -0.301179
0.210687 0.950146 -0.139327 -0.182815
0 0 0 0
0.22616 0.539979 0.809916 -0.0362063
0.0455067 0.308392 0.34153 0.886668
-0.0125007 0.000129196 0.283746 0.958818
0 0 0 0
0.448356 -0.154049 0.866892 -0.154092
0 0 0 0
0 0 0 0
0 0 0 0
0 0 0 0
