85637668
0 0.868521 0.156945 3.23843 2 669.263 256.57 356.94 185.959
1 0.840303 0.422077 3.09131 2 671.974 211.718 358.386 153.45
2 0.809989 0.679799 2.93209 2 675.35 163.011 360.187 118.148
3 0.751441 0.801632 2.88376 2 664.577 139.424 354.441 101.052
4 0.700062 0.656606 3.10526 2 639.915 173.572 341.288 125.803
5 0.718538 0.445733 3.28834 2 634.856 212.329 338.59 153.893
6 0.714585 0.240053 3.21453 1 637.354 243.292 339.922 176.334
7 0.735194 0.184956 3.19088 1 642.964 251.775 342.914 182.483
8 0.88902 0.578263 2.85364 2 699.856 177.874 373.257 128.921
9 0.812292 0.385907 2.76674 2 687.161 210.173 366.486 152.33
10 0.578809 0.231076 2.70225 2 631.743 237.796 336.929 172.351
11 0.489579 0.197197 2.68698 2 609.529 243.992 325.082 176.842
12 0.817353 0.165488 3.25044 2 657.607 255.339 350.724 185.066
13 0.812262 -0.0896321 3.41155 2 648.28 294.554 345.749 213.489
14 0.868426 -0.3592 3.57918 2 651.546 332.219 347.491 240.788
15 0.781588 -0.433569 3.51414 1 637.536 343.901 340.019 249.255
16 0.900049 0.144677 3.15519 2 681.165 257.884 363.288 186.911
17 0.978606 -0.135554 3.22852 2 693.625 302.582 369.933 219.307
18 1.05351 -0.431153 3.39656 2 698.7 345.88 372.64 250.689
19 0.964542 -0.504688 3.3322 2 684.312 358.353 364.966 259.729
20 0.818153 0.616493 2.97409 2 674.466 175.578 359.715 127.257
21 0.74349 0.120021 3.19754 2 644.412 262.151 343.687 190.003
22 0.754534 0.199805 3.113 2 651.305 248.602 347.362 180.183
23 0.426375 0.142902 2.66474 2 594.137 254.038 316.873 184.123
24 0.450843 0.236351 2.67195 2 600.222 236.36 320.118 171.31
1
0
-0.399196 0.0594626 0.880887 -0.247274
-0.421196 0.0656549 0.870582 -0.245702
-0.438313 0.0821172 0.849781 -0.281089
0 0 0 0
-0.455403 -0.609383 0.635151 0.13358
-0.262559 -0.634277 0.233082 0.688787
-0.167084 0.9696 -0.0393764 0.174382
-0.225474 0.942432 0.120951 0.215301
-0.203504 0.609585 0.571535 -0.510235
-0.209957 0.962088 -0.166363 -0.0512681
0.416334 -0.624036 0.239538 0.616333
0.468597 -0.57491 0.324299 0.587133
-0.277451 -0.641358 0.709396 -0.0918604
-0.0934082 -0.351128 0.261872 0.894096
-0.184719 -0.353954 0.218565 0.890407
0 0 0 0
-0.289427 0.550236 0.589888 -0.515271
0.0735837 0.92863 0.166544 0.323256
0.195497 0.899912 0.193087 0.338611
0 0 0 0
-0.441106 0.0775354 0.855334 -0.260419
0 0 0 0
0 0 0 0
0 0 0 0
0 0 0 0
