85601069
0 -0.0399389 -0.0539424 2.59643 2 473.392 291.711 252.476 211.428
1 -0.0283348 0.239616 2.52063 2 476.23 233.127 253.989 168.967
2 -0.0161897 0.526145 2.43474 2 479.371 171.549 255.665 124.336
3 0.080237 0.623402 2.44647 2 506.605 151.723 270.19 109.967
4 -0.0966611 0.383785 2.33946 2 455.505 198.085 242.936 143.569
5 -0.124968 0.131876 2.32025 2 446.945 252.47 238.371 182.987
6 -0.0466553 -0.0768549 2.36665 2 470.416 297.624 250.889 215.714
7 -0.0294101 -0.134777 2.40823 2 475.567 309.502 253.636 224.323
8 0.0559508 0.398657 2.65261 1 498.474 205.095 265.853 148.65
9 0.158397 0.265569 2.79395 1 522.938 233.118 278.9 168.961
10 0.371772 0.328519 2.73278 1 577.671 220.274 308.091 159.652
11 0.443102 0.349842 2.71595 1 596.437 215.863 318.1 156.454
12 -0.0664423 -0.0519872 2.5102 2 465.777 291.678 248.414 211.404
13 -0.113488 -0.506925 2.67569 2 454.728 377.283 242.521 273.45
14 -0.151592 -0.848613 2.82909 2 446.894 433.884 238.343 314.473
15 -0.0703625 -0.89579 2.77674 2 466.419 445.508 248.757 322.898
16 -0.0114436 -0.0518753 2.61905 2 480.956 291.221 256.51 211.073
17 0.0209943 -0.449165 2.90985 2 488.923 359.395 260.759 260.484
18 -0.0148406 -0.722614 2.99763 2 480.54 403.643 256.288 292.555
19 0.0937279 -0.758852 3.02011 2 505.386 408.878 269.539 296.35
20 -0.0192589 0.455625 2.45816 2 478.559 187.244 255.231 135.712
21 0.012572 -0.191748 2.43602 2 487.503 321.014 260.002 232.666
22 -0.071079 -0.152616 2.4547 2 464.061 312.645 247.499 226.601
23 0.441742 0.359974 2.70789 1 596.435 213.764 318.099 154.933
24 0.440249 0.346804 2.69622 1 596.531 215.956 318.15 156.522
1
0
0.507577 -0.0478826 0.852135 -0.118062
0.502124 -0.0471275 0.85536 -0.118365
0.493325 -0.0616281 0.854837 -0.148616
0 0 0 0
-0.215374 0.717915 -0.477001 0.459002
-0.0213179 0.96037 -0.0639739 0.270449
-0.2029 -0.402127 0.0227329 0.892529
-0.243409 -0.41618 0.214392 0.84946
0.397355 0.702151 0.458608 0.37252
-0.223948 0.0877708 0.383013 0.891877
0.454289 0.381832 0.655774 -0.466676
0.466631 0.394074 0.649567 -0.452795
0.385081 -0.533309 0.602119 -0.452489
0.155703 0.953925 -0.0899059 -0.240208
0.180676 0.924247 -0.116438 -0.315542
0 0 0 0
0.314002 0.669552 0.655563 0.152774
0.0487653 0.251561 0.308264 0.91614
0.0541768 -0.0545515 0.157025 0.984598
0 0 0 0
0.495336 -0.0525204 0.85707 -0.131585
0 0 0 0
0 0 0 0
0 0 0 0
0 0 0 0
