85605785
0 1.08215 0.329462 3.58028 2 693.096 234.357 369.651 169.859
1 1.07878 0.606042 3.45279 2 700.408 191.732 373.551 138.965
2 1.07146 0.875731 3.31435 2 708.18 146.357 377.696 106.077
3 1.05999 1.01506 3.25545 2 709.847 122.035 378.585 88.449
4 0.915326 0.83344 3.42732 2 668.991 157.234 356.795 113.961
5 0.891623 0.600668 3.5685 2 656.762 195.546 350.273 141.729
6 0.967579 0.59913 3.28143 1 688.172 188.162 367.025 136.377
7 0.940868 0.522571 3.23636 1 685.217 198.955 365.449 144.2
8 1.20257 0.756624 3.29192 2 737.369 163.887 393.263 118.783
9 1.30416 0.549222 3.44835 2 746.247 199.93 397.998 144.907
10 1.34986 0.380453 3.55852 2 746.963 226.664 398.38 164.283
11 1.34593 0.352284 3.5848 2 744.244 231.079 396.93 167.483
12 1.00378 0.335702 3.57072 2 678.348 233.372 361.786 169.145
13 0.989181 0.0764904 3.69462 2 668.922 270.686 356.759 196.189
14 1.0509 -0.216488 3.88796 2 670.739 309.524 357.728 224.339
15 1.12012 -0.279785 3.91797 2 681.64 317.545 363.541 230.153
16 1.1396 0.316709 3.51994 2 708.112 235.371 377.66 170.593
17 1.23021 0.0518412 3.5976 2 720.753 273.868 384.401 198.496
18 1.38166 -0.220377 3.8062 2 735.497 310.734 392.265 225.216
19 1.4795 -0.293595 3.77197 2 755.936 320.926 403.166 232.603
20 1.07402 0.809395 3.35104 2 706.202 157.966 376.641 114.491
21 0.940795 0.518112 3.22547 1 685.884 199.381 365.805 144.508
22 0.931264 0.488838 3.22756 1 683.666 204.071 364.622 147.908
23 1.34196 0.316816 3.62406 2 740.625 236.622 395 171.5
24 1.31747 0.354391 3.5685 2 739.873 230.555 394.599 167.103
0
1
-0.185034 0.0350299 0.959068 -0.211481
-0.213313 0.0412683 0.953177 -0.210353
-0.241859 0.0455418 0.937428 -0.246288
0 0 0 0
-0.316732 -0.657464 0.683619 0.00931459
0.18678 0.76703 -0.198023 -0.581003
-0.173245 -0.00742953 -0.683664 0.708897
0.156001 -0.0200309 -0.251044 0.955112
-0.00204154 0.747487 0.570331 -0.340562
0.268627 0.923685 0.236789 0.136299
-0.24989 -0.520312 0.170987 0.798495
-0.1782 -0.564166 0.3233 0.738538
-0.112772 -0.653066 0.725729 -0.184675
-0.103521 -0.551697 0.19684 0.803846
0.29666 0.934723 0.0313385 -0.193143
0 0 0 0
-0.165112 0.645354 0.63015 -0.398957
0.0305792 0.827045 0.207834 0.521408
-0.0637687 0.40809 0.364539 0.83457
0 0 0 0
-0.241968 0.0467376 0.942608 -0.225296
0 0 0 0
0 0 0 0
0 0 0 0
0 0 0 0
