85649798
0 -0.316814 -0.124715 2.46346 2 395.472 306.842 210.919 222.395
1 -0.335 0.147378 2.35717 2 386.13 249.542 205.936 180.865
2 -0.352979 0.411132 2.23524 2 374.958 187.79 199.977 136.108
3 -0.297251 0.532221 2.21451 2 391.203 159.006 208.641 115.245
4 -0.460169 0.277978 2.18302 2 338.44 216.527 180.501 156.936
5 -0.518071 0.048121 2.20527 2 321.84 270.13 171.648 195.787
6 -0.477764 -0.180594 2.24372 2 337.056 322.071 179.763 233.433
7 -0.442891 -0.255115 2.25394 2 348.4 338.668 185.813 245.462
8 -0.226697 0.344359 2.41998 2 419.447 209.104 223.705 151.556
9 -0.128792 0.191861 2.58894 2 449.765 243.73 239.875 176.652
10 0.0698566 0.0877533 2.63747 2 502.15 264.394 267.813 191.629
11 0.120225 0.068893 2.65062 2 515.115 268.072 274.728 194.295
12 -0.352785 -0.131866 2.39116 2 382.395 309.145 203.944 224.064
13 -0.372815 -0.5619 2.57418 2 383.924 392.153 204.759 284.227
14 -0.383457 -0.900729 2.76946 2 388.046 446.991 206.958 323.973
15 -0.333274 -0.965886 2.70042 2 398.415 463.638 212.488 336.039
16 -0.272224 -0.114403 2.47006 2 408.163 304.649 217.687 220.806
17 -0.256755 -0.544809 2.72651 2 419.005 382.627 223.469 277.323
18 -0.279367 -0.850882 2.86396 2 416.468 432.467 222.116 313.446
19 -0.217665 -0.90793 2.79562 2 430.053 446.661 229.362 323.734
20 -0.348532 0.346258 2.26806 2 377.98 203.737 201.59 147.666
21 -0.419902 -0.324982 2.27645 2 356.679 353.696 190.229 256.354
22 -0.396846 -0.247631 2.2525 2 362.492 336.983 193.329 244.241
23 0.169054 0.0309009 2.65492 2 527.705 275.326 281.443 199.553
24 0.126238 0.107559 2.60139 2 517.297 260.308 275.892 188.667
1
2
0.368986 -0.0987507 0.910319 -0.15943
0.369839 -0.0989002 0.909972 -0.159337
0.367788 -0.11672 0.900025 -0.202639
0 0 0 0
-0.0980773 0.757787 -0.521181 0.380145
0.0580067 0.987293 -0.117917 0.0893538
-7.53013e-006 0.718386 0.119168 0.685361
-0.10386 0.702873 0.199494 0.674822
0.384168 0.675075 0.589525 0.221696
-0.121106 0.218288 0.421415 0.871833
-0.216801 0.669639 0.475552 0.527665
-0.2345 0.638701 0.524106 0.512234
-0.331095 0.6102 -0.588449 0.414439
0.176516 0.906554 -0.0958976 -0.371221
0.215745 0.833193 -0.142868 -0.488706
0 0 0 0
0.195431 0.619824 0.757169 -0.0657257
0.0881242 0.373742 0.250813 0.888619
0.123759 0.434365 0.17203 0.875452
0 0 0 0
0.369397 -0.108248 0.904963 -0.181302
0 0 0 0
0 0 0 0
0 0 0 0
0 0 0 0
