85646069
0 1.16474 0.306127 3.48736 2 715.258 236.476 381.471 171.395
1 1.14286 0.574308 3.36412 2 719.433 194.137 383.698 140.708
2 1.11685 0.835902 3.23043 2 723.785 149.127 386.019 108.085
3 1.12247 0.954377 3.16026 2 730.364 127.045 389.527 92.0806
4 0.961518 0.755337 3.27313 2 687.546 163.524 366.691 118.52
5 0.922521 0.538918 3.39622 2 671.901 200.42 358.347 145.261
6 0.985291 0.319442 3.41032 2 683.789 233.537 364.688 169.264
7 0.996615 0.305175 3.40775 1 686.253 235.628 366.001 170.78
8 1.28908 0.758985 3.2678 2 757.632 162.64 404.07 117.88
9 1.35641 0.540691 3.39891 2 760.784 200.011 405.752 144.965
10 1.32638 0.311732 3.38413 2 755.744 234.207 403.064 169.75
11 1.30329 0.267118 3.38481 1 750.914 240.949 400.488 174.636
12 1.08587 0.301849 3.4572 2 701.354 236.742 374.056 171.587
13 1.02557 0.048515 3.62024 2 679.766 274.395 362.542 198.878
14 1.01111 -0.243445 3.8668 2 664.606 313.217 354.457 227.015
15 1.09868 -0.279172 3.92102 2 677.671 317.431 361.425 230.07
16 1.2212 0.304555 3.45064 2 729.177 236.21 388.894 171.201
17 1.30298 -0.00425564 3.54514 2 738.642 281.823 393.942 204.261
18 1.36114 -0.278172 3.73069 2 736.806 319.235 392.963 231.377
19 1.47658 -0.320877 3.71032 2 759.942 325.343 405.303 235.804
20 1.12409 0.771543 3.26587 2 722.685 160.637 385.432 116.427
21 1.00232 0.233048 3.39556 2 688.123 246.28 366.999 178.5
22 0.976466 0.282263 3.4108 2 681.935 239.099 363.698 173.296
23 1.30226 0.204636 3.39874 2 749.585 250.496 399.779 181.556
24 1.28263 0.220804 3.37488 2 747.419 247.837 398.623 179.629
1
1
-0.0253166 -0.032313 0.975929 -0.214191
-0.0194907 -0.0335909 0.976063 -0.213995
-0.0150859 -0.0467697 0.967299 -0.248833
0 0 0 0
0.168361 0.725194 -0.649696 0.153763
0.205194 0.894653 -0.168853 -0.359138
-0.14044 -0.361094 -0.0215733 0.921641
-0.274773 -0.354474 -0.191616 0.873001
0.159401 0.714956 0.660793 -0.163651
0.168626 0.847191 0.239122 0.443456
-0.0611571 0.852491 -0.0389907 -0.517686
-0.124159 0.811507 -0.201395 -0.534304
-0.0039795 -0.675461 0.688972 -0.262781
0.128115 0.68621 -0.267045 -0.664371
0.343486 0.933562 0.0168941 0.100962
0 0 0 0
-0.0597841 0.630808 0.696247 -0.337265
0.0216696 0.722356 0.189854 0.664595
-0.0299212 0.194022 0.302315 0.932773
0 0 0 0
-0.0143234 -0.0402799 0.972485 -0.229011
0 0 0 0
0 0 0 0
0 0 0 0
0 0 0 0
