85607827
0 -0.316414 -0.144955 2.39801 2 393.156 311.82 209.683 226.003
1 -0.355816 0.129316 2.30301 2 377.581 252.762 201.377 183.199
2 -0.392621 0.396215 2.19667 2 360.539 189.563 192.287 137.392
3 -0.353177 0.519371 2.16823 2 371.345 159.352 198.051 115.496
4 -0.433179 0.257623 2.13228 2 343.762 219.858 183.34 159.35
5 -0.404175 0.0267683 2.12444 2 352.864 274.822 188.194 199.187
6 -0.309149 -0.176855 2.20005 2 387.214 321.935 206.514 233.334
7 -0.271505 -0.248752 2.25822 2 401.18 337.017 213.962 244.266
8 -0.259009 0.247837 2.33249 1 407.524 227.394 217.346 164.812
9 -0.19176 0.0625285 2.55671 1 432.416 268.844 230.622 194.854
10 -0.189639 -0.137813 2.65636 1 434.89 307.449 231.941 222.835
11 -0.143605 -0.169077 2.69005 1 447.27 312.995 238.544 226.855
12 -0.355716 -0.157331 2.33308 2 378.974 315.378 202.12 228.582
13 -0.32702 -0.537276 2.53281 2 394.82 388.973 210.571 281.923
14 -0.315299 -0.874632 2.73527 2 404.138 444.138 215.54 321.905
15 -0.19947 -0.930768 2.71763 2 433.118 455.771 230.996 330.337
16 -0.269029 -0.128589 2.39774 2 406.785 308.353 216.952 223.49
17 -0.332506 -0.573253 2.55773 2 394.174 395.111 210.226 286.371
18 -0.217561 -0.901649 2.7442 2 429.063 448.615 228.834 325.15
19 -0.178202 -0.892614 2.82383 2 440.282 442.189 234.817 320.492
20 -0.383884 0.330584 2.22528 2 364.943 205.794 194.636 149.157
21 -0.235604 -0.310351 2.28411 2 412.924 350.063 220.226 253.721
22 -0.273307 -0.194041 2.30036 2 402.196 323.925 214.504 234.777
23 -0.145572 -0.173342 2.68183 1 446.652 313.898 238.214 227.509
24 -0.145 -0.167463 2.66833 1 446.611 312.948 238.193 226.821
3
0
0.318649 -0.118041 0.93093 -0.133784
0.342817 -0.121489 0.922304 -0.13066
0.370415 -0.134295 0.904297 -0.164332
0 0 0 0
-0.26639 0.789211 -0.379714 0.402492
-0.0417168 0.904039 0.049408 0.422531
-0.182009 0.138255 0.193487 0.954108
-0.167573 0.101743 0.334516 0.921773
0.210859 0.814217 0.480568 0.248281
0.30407 0.78716 0.311772 0.436715
0.208808 0.87988 -0.0934564 -0.416504
-0.493582 -0.664909 -0.12678 0.546077
-0.305948 0.655585 -0.570908 0.38816
0.230615 0.875189 -0.0723226 -0.419082
0.265094 0.946727 -0.0345504 -0.179555
0 0 0 0
0.133123 0.571966 0.803436 -0.098097
0.13475 0.424316 0.124717 0.886704
-0.260195 -0.509748 0.127845 0.810007
0 0 0 0
0.370515 -0.129642 0.908428 -0.14377
0 0 0 0
0 0 0 0
0 0 0 0
0 0 0 0
