85606321
0 -0.269011 -0.143817 2.40706 2 407.085 311.452 217.112 225.736
1 -0.30678 0.122607 2.29567 2 391.999 254.167 209.066 184.217
2 -0.343993 0.381053 2.17129 2 374.626 192.093 199.801 139.226
3 -0.308607 0.502879 2.135 2 384.07 161.439 204.837 117.008
4 -0.393086 0.247738 2.11601 2 355.832 221.792 189.777 160.751
5 -0.376165 0.0160104 2.11156 2 361.25 277.368 192.667 201.032
6 -0.300415 -0.209166 2.18869 2 389.445 329.633 207.704 238.913
7 -0.269343 -0.282043 2.24201 2 401.219 344.964 213.983 250.025
8 -0.244227 0.269049 2.28945 2 410.521 221.681 218.945 160.671
9 -0.177044 0.0834891 2.51371 1 435.558 264.416 232.297 191.645
10 -0.141104 -0.115998 2.62634 1 447.041 303.542 238.422 220.003
11 -0.126976 -0.172718 2.65542 1 451.096 314.102 240.584 227.657
12 -0.305254 -0.183848 2.34947 2 394.533 320.842 210.418 232.542
13 -0.299867 -0.553145 2.54198 2 402.518 391.753 214.676 283.937
14 -0.311145 -0.888119 2.74776 2 405.542 445.911 216.289 323.19
15 -0.205808 -0.928691 2.72046 2 431.558 455.198 230.164 329.921
16 -0.226031 -0.100269 2.39896 2 419.182 302.355 223.564 219.143
17 -0.195723 -0.48928 2.70531 2 434.098 372.926 231.519 270.292
18 -0.226774 -0.843302 2.87726 2 429.443 430.383 229.036 311.935
19 -0.156321 -0.902213 2.82288 2 445.63 443.985 237.669 321.794
20 -0.334818 0.317599 2.20459 2 379.245 208.121 202.264 150.843
21 -0.24838 -0.34916 2.27565 2 408.754 359.002 218.002 260.2
22 -0.257339 -0.237239 2.28995 2 406.608 333.682 216.858 241.848
23 -0.123119 -0.225341 2.6658 1 452.21 323.968 241.178 234.807
24 -0.144156 -0.152459 2.62767 1 446.256 310.55 238.003 225.083
0
0
0.326778 -0.127738 0.922293 -0.162095
0.345268 -0.130973 0.915532 -0.159492
0.363471 -0.149929 0.898359 -0.195862
0 0 0 0
-0.228922 0.778796 -0.415318 0.410588
-0.0250871 0.890371 0.028108 0.453674
-0.128306 0.155279 0.181102 0.962615
-0.129655 0.132275 0.318763 0.929561
0.25536 0.793115 0.502661 0.230416
0.25541 0.715334 0.352395 0.546699
-0.215118 -0.577402 0.153588 0.772491
-0.226491 -0.571613 0.119589 0.779525
-0.22021 0.740252 -0.444946 0.453384
0.219131 0.883162 -0.092964 -0.404183
0.263852 0.943999 -0.0672704 -0.186339
0 0 0 0
0.138441 0.362121 0.913025 -0.126838
0.109131 0.399949 0.30985 0.855642
0.122532 0.371001 0.191377 0.900399
0 0 0 0
0.364403 -0.142043 0.903563 -0.174951
0 0 0 0
0 0 0 0
0 0 0 0
0 0 0 0
