85654025
0 -0.010231 -0.0933869 2.4969 2 481.142 300.114 256.609 217.519
1 0.0230427 0.17985 2.40193 2 490.549 243.35 261.626 176.377
2 0.0538603 0.446199 2.29616 2 500.122 182.664 266.732 132.393
3 0.128375 0.555876 2.26081 2 523.164 156.286 279.021 113.274
4 -0.088833 0.3321 2.24317 2 456.699 206.226 243.573 149.47
5 -0.229532 0.132497 2.26335 2 414.217 251.588 220.916 182.347
6 -0.237403 -0.102558 2.27885 2 412.322 303.982 219.905 220.322
7 -0.235955 -0.166601 2.27898 2 412.741 318.212 220.129 230.635
8 0.191062 0.336973 2.47643 2 537.065 212.286 286.435 153.862
9 0.325861 0.230439 2.61058 2 569.872 236.503 303.932 171.414
10 0.550209 0.207913 2.62334 2 628.635 240.981 335.272 174.66
11 0.614215 0.195572 2.62638 2 645.394 243.386 344.21 176.403
12 -0.0545 -0.0923078 2.42291 2 468.506 300.467 249.87 217.775
13 -0.195341 -0.530906 2.61394 2 432.42 384.28 230.624 278.521
14 -0.256197 -0.875573 2.7978 2 420.575 440.603 224.307 319.343
15 -0.244631 -0.94494 2.71385 2 421.506 458.72 224.803 332.474
16 0.0341459 -0.0918379 2.50482 2 493.32 299.742 263.104 217.249
17 0.081532 -0.433605 2.70548 2 504.705 362.407 269.176 262.668
18 0.104653 -0.767771 2.91479 2 508.759 415.104 271.338 300.862
19 0.190952 -0.832523 2.87036 2 529.961 428.801 282.646 310.789
20 0.0464032 0.38069 2.32462 2 497.701 198.239 265.44 143.681
21 -0.226721 -0.228838 2.29548 2 415.997 331.685 221.865 240.401
22 -0.196163 -0.161517 2.28737 2 424.989 316.938 226.661 229.713
23 0.615528 0.181353 2.62753 1 645.662 246.153 344.353 178.408
24 0.610205 0.198298 2.60111 1 645.905 242.484 344.483 175.749
1
0
0.347308 -0.00413192 0.921179 -0.175472
0.332265 -0.00127474 0.926711 -0.175516
0.311859 -0.0143057 0.926746 -0.209001
0 0 0 0
-0.0539343 0.723935 -0.591612 0.350721
0.0384102 0.952394 -0.302057 -0.0152032
0.0327043 0.579931 0.0171034 0.813829
-0.00864293 0.581294 0.00734149 0.813615
0.353649 0.75815 0.522387 0.165086
-0.282196 0.167739 0.419524 0.846303
-0.281511 0.654342 0.609 0.348866
-0.271198 0.68127 0.576099 0.361156
0.258628 -0.555271 0.662849 -0.430601
0.123429 0.889597 -0.212177 -0.38518
0.133171 0.741608 -0.215333 -0.62122
0 0 0 0
0.186695 0.692297 0.69449 -0.0596139
0.0581387 0.419479 0.261711 0.867274
0.0691459 0.340132 0.268711 0.898512
0 0 0 0
0.314735 -0.00625218 0.929966 -0.189911
0 0 0 0
0 0 0 0
0 0 0 0
0 0 0 0
