7365266
0 -0.181655 0.642464 3.88143 2 451.726 197.331 240.921 143.023
1 -0.218537 0.869782 3.78673 2 444.13 164.57 236.869 119.278
2 -0.257892 1.08989 3.68408 2 435.538 130.639 232.287 94.6851
3 -0.253914 1.2029 3.67252 2 436.089 114.344 232.581 82.8749
4 -0.285682 0.94111 3.60643 2 429.223 148.533 228.919 107.654
5 -0.0793666 0.803797 3.56436 2 468.596 166.734 249.918 120.846
6 -0.00359821 1.01934 3.56083 2 483.258 135.596 257.738 98.2783
7 0.0133812 1.06741 3.54484 2 486.567 127.966 259.503 92.7478
8 -0.114753 1.00234 3.86669 2 463.459 149.466 247.178 108.331
9 0.0959186 1.05137 3.84521 2 501.193 142.183 267.303 103.053
10 0.00306385 1.00921 3.56632 2 484.55 137.282 258.427 99.4999
11 0.010828 1.06629 3.54536 2 486.069 128.152 259.237 92.8829
12 -0.204694 0.606456 3.80096 2 446.874 200.365 238.333 145.222
13 -0.184506 0.204611 3.99066 2 452.189 255.288 241.168 185.029
14 -0.262286 -0.106336 4.09349 2 439.932 294.345 234.63 213.337
15 -0.163748 -0.164791 4.02851 2 456.032 301.89 243.217 218.806
16 -0.157043 0.669538 3.899 2 456.215 194.179 243.315 140.738
17 -0.0970968 0.280644 4.10411 2 467.7 246.636 249.44 178.758
18 -0.105435 0.0263174 4.31813 1 467.187 278.131 249.166 201.585
19 -0.00812606 -0.0331335 4.25309 2 482.644 285.148 257.41 206.671
20 -0.248066 1.03599 3.71152 2 437.753 139.223 233.468 100.907
21 0.0323563 1.11676 3.52062 2 490.316 119.695 261.502 86.7532
22 0.032343 1.04284 3.51825 2 490.314 130.385 261.501 94.5013
23 0.0132166 1.11394 3.51162 2 486.561 119.69 259.499 86.7497
24 0.0048227 1.01374 3.53462 2 484.9 135.32 258.613 98.0782
1
1
0.52171 -0.16778 0.827209 -0.124071
0.486155 -0.162367 0.848593 -0.131076
0.44562 -0.179603 0.860958 -0.167087
0 0 0 0
-0.268098 0.781186 -0.322948 0.462144
-0.0602912 0.876852 0.472486 -0.065204
0.527451 0.1379 0.832734 -0.0966135
0.49632 0.0621023 0.838752 -0.215186
0.301547 0.708994 0.572629 0.280166
-0.556049 0.480579 0.551004 0.395282
0.0681417 -0.312002 0.651434 -0.688219
-0.0344176 0.0705078 0.982022 -0.171689
-0.339276 0.67631 -0.432789 0.490092
0.218599 0.953972 -0.0229632 -0.204023
0.112511 0.934247 -0.159601 -0.298413
0 0 0 0
0.368252 0.399481 0.835425 0.0828863
-0.0162004 0.210555 0.248059 0.945448
0.134132 0.333562 0.31554 0.878168
0 0 0 0
0.446992 -0.168625 0.865953 -0.147947
0 0 0 0
0 0 0 0
0 0 0 0
0 0 0 0
