7366978
0 1.40916 0.473408 3.54235 2 759.878 213.001 405.268 154.38
1 1.43098 0.754377 3.4296 2 773.41 168.925 412.485 122.435
2 1.44793 1.02655 3.30812 2 787.201 123.009 419.84 89.1554
3 1.42606 1.15209 3.3014 2 783 103.435 417.6 74.9683
4 1.33417 0.871969 3.24411 1 769.203 144.028 410.242 104.39
5 1.22742 0.890019 3.41046 1 733.635 147.989 391.272 107.26
6 1.13636 0.900259 3.60895 2 702.298 153.925 374.559 111.563
7 1.09548 0.91896 3.63767 2 692.75 152.327 369.467 110.404
8 1.45219 0.873914 3.24783 2 793.883 143.967 423.404 104.345
9 1.31511 0.670865 3.26578 2 763.329 176.342 407.109 127.81
10 1.12865 0.712466 3.32594 2 719.269 171.906 383.61 124.595
11 1.06597 0.739796 3.35307 1 704.345 168.661 375.65 122.243
12 1.33538 0.475257 3.52511 2 746.644 212.417 398.21 153.957
13 1.43866 0.171351 3.56055 2 764.165 256.652 407.555 186.018
14 1.50578 -0.162398 3.65032 2 770.058 303.916 410.698 220.274
15 1.50136 -0.237758 3.55112 2 777.229 315.386 414.522 228.587
16 1.45774 0.461191 3.49687 2 773.147 213.886 412.345 155.022
17 1.45341 0.110192 3.5843 2 765.161 265.523 408.086 192.447
18 1.52207 -0.173697 3.64761 2 773.386 305.515 412.473 221.433
19 1.51753 -0.248965 3.54846 2 780.623 317.025 416.332 229.776
20 1.44457 0.959507 3.34031 2 783.744 134.686 417.997 97.6187
21 1.04226 0.915126 3.66448 2 681.095 153.841 363.25 111.502
22 1.07553 0.937869 3.60086 2 691.056 148.322 368.563 107.502
23 1.01258 0.755988 3.36703 2 692.385 166.703 369.272 120.824
24 1.02335 0.772397 3.34478 2 696.041 163.419 371.222 118.444
0
0
-0.116388 0.058812 0.974314 -0.183595
-0.0997223 0.0556661 0.976161 -0.184573
-0.0768811 0.040576 0.971791 -0.219239
0 0 0 0
-0.295112 0.867322 -0.39541 0.0656711
0.669631 0.668046 -0.311556 0.0907871
-0.0510096 -0.331392 0.721676 0.605608
0.0800242 -0.432144 0.817856 0.371428
-0.393701 0.910244 0.077392 -0.102304
-0.00904431 0.943317 -0.294316 -0.153133
0.319265 -0.466688 0.708463 0.422317
0.319212 -0.388903 0.764107 0.403732
-0.056642 -0.665416 0.713433 -0.212195
-0.16285 -0.597234 -0.0541114 0.783494
-0.157642 -0.647239 0.0341793 0.745025
0 0 0 0
-0.168034 0.679057 0.617632 -0.359412
0.0994625 0.780495 0.0704739 0.613163
0.00695822 0.754667 0.158087 0.63674
0 0 0 0
-0.0760308 0.0467094 0.975613 -0.200539
0 0 0 0
0 0 0 0
0 0 0 0
0 0 0 0
