7363163
0 1.42203 0.473522 3.53857 2 762.706 212.909 406.776 154.313
1 1.4436 0.753209 3.42891 2 776.016 169.079 413.875 122.546
2 1.46077 1.02439 3.31059 2 789.635 123.472 421.139 89.4911
3 1.45356 1.15213 3.29933 2 788.858 103.376 420.724 74.9254
4 1.34907 0.904076 3.25368 1 771.505 139.413 411.469 101.044
5 1.22515 0.996265 3.38167 1 735.294 130.816 392.157 94.8138
6 1.11506 1.07038 3.49389 2 705.36 124.82 376.192 90.4679
7 1.109 1.1012 3.50395 2 703.528 120.775 375.215 87.5361
8 1.46223 0.874776 3.25185 2 795.62 144.01 424.331 104.376
9 1.31634 0.727695 3.2665 2 763.528 167.484 407.215 121.39
10 1.1481 0.784301 3.31139 2 724.44 160.325 386.368 116.201
11 1.12282 0.824771 3.30795 1 719.392 153.953 383.676 111.583
12 1.34928 0.481125 3.53019 2 749.011 211.664 399.473 153.411
13 1.44698 0.125566 3.58604 2 763.774 263.343 407.346 190.867
14 1.51285 -0.169506 3.65521 2 771.022 304.879 411.212 220.972
15 1.43685 -0.259688 3.66669 2 755.672 317.347 403.025 230.009
16 1.47284 0.455278 3.48261 2 777.348 214.475 414.585 155.449
17 1.46256 0.119544 3.5832 2 767.029 264.185 409.082 191.478
18 1.52613 -0.165417 3.64742 2 774.176 304.358 412.894 220.595
19 1.50981 -0.24098 3.54817 2 779.133 315.879 415.538 228.945
20 1.45729 0.957666 3.34192 2 786.216 135.048 419.315 97.8811
21 1.08101 1.12459 3.51188 2 697.501 117.738 372 85.3352
22 1.11454 1.11116 3.477 2 706.339 118.067 376.714 85.5732
23 1.06466 0.861678 3.32635 2 705.936 149.009 376.499 108
24 1.12462 0.836588 3.27893 2 721.874 150.979 384.999 109.427
0
0
-0.193238 0.0722337 0.962788 -0.174589
-0.149111 0.0641931 0.970601 -0.177703
-0.0880131 0.0436944 0.971786 -0.214421
0 0 0 0
-0.302324 0.818082 -0.479009 0.099458
-0.270104 -0.461109 0.810456 0.239967
0.361743 -0.175114 0.763119 0.506089
0.462732 -0.00952402 0.867846 0.180645
-0.395759 0.908675 0.0711149 -0.112369
-0.0134785 0.915724 -0.381727 -0.124713
0.15847 -0.52717 0.793393 0.259822
0.33632 -0.27077 0.899904 0.0611936
-0.09805 -0.649266 0.736218 -0.163777
-0.152496 -0.529957 -0.00712769 0.83417
-0.111683 -0.0372419 0.108761 0.987072
0 0 0 0
-0.195255 0.684744 0.586996 -0.385275
0.12901 0.824352 0.0678191 0.546993
0.0203904 0.782715 0.151567 0.603298
0 0 0 0
-0.0872087 0.0490411 0.975505 -0.195909
0 0 0 0
0 0 0 0
0 0 0 0
0 0 0 0
