7366982
0 -0.152766 0.625463 3.89485 2 456.951 199.848 243.707 144.847
1 -0.225833 0.858414 3.79351 2 442.878 166.312 236.201 120.54
2 -0.294487 1.08572 3.68412 2 428.666 131.21 228.622 95.099
3 -0.27859 1.19648 3.67166 2 431.426 115.197 230.094 83.4931
4 -0.312401 0.934764 3.61519 2 424.249 149.747 226.266 108.535
5 -0.130257 0.806052 3.5425 2 458.587 165.689 244.58 120.089
6 0.0136224 0.961554 3.4962 1 486.649 141.366 259.546 102.46
7 0.0259794 1.0797 3.56192 1 489.001 126.935 260.801 92.0006
8 -0.139403 1.01743 3.88361 2 459.162 148.048 244.886 107.303
9 0.00451128 1.10836 3.63227 2 484.816 125.898 258.568 91.2492
10 -0.154019 1.22071 3.53107 1 453.747 105.022 241.998 76.1184
11 -0.26199 1.24025 3.57748 1 433.227 104.496 231.054 75.7372
12 -0.178946 0.588774 3.84081 2 451.882 203.554 241.004 147.534
13 -0.185685 0.172248 4.00403 2 452.096 259.462 241.118 188.055
14 -0.267929 -0.138075 4.10504 2 439.109 298.218 234.191 216.144
15 -0.245267 -0.226871 4.11438 2 442.99 309.095 236.261 224.028
16 -0.123619 0.656698 3.8905 2 462.075 195.674 246.44 141.822
17 -0.0904909 0.272971 4.10888 2 468.824 247.621 250.04 179.473
18 -0.0922587 0.0167577 4.32088 1 469.292 279.251 250.289 202.397
19 0.00679496 -0.0403328 4.25679 2 485.053 285.999 258.695 207.288
20 -0.276927 1.02998 3.7136 2 432.407 140.126 230.617 101.561
21 0.0375517 1.07947 3.56116 2 491.25 126.934 262 92
22 0.0309695 1.071 3.54367 2 490.001 127.394 261.334 92.3332
23 -0.271086 1.25192 3.56331 2 431.25 102.099 230 73.9999
24 -0.259371 1.21451 3.55633 2 433.443 107.159 231.169 77.6672
0
1
0.363955 -0.206256 0.898982 -0.129715
0.405383 -0.212067 0.881078 -0.119979
0.450306 -0.232707 0.850313 -0.141563
0 0 0 0
-0.266318 0.800156 -0.304175 0.44306
-0.100949 0.867933 0.46418 -0.145046
0.776117 0.099091 0.506148 -0.362819
0.816417 0.236525 0.518273 0.0944043
0.306384 0.661468 0.614405 0.30182
0.806061 -0.515402 -0.00501679 -0.290864
-0.432886 -0.228631 0.754338 -0.437393
0.61385 0.558117 -0.45298 0.326348
-0.276742 0.757616 -0.40338 0.432106
0.170941 0.91914 -0.0727955 -0.347363
0.116107 0.947712 -0.159647 -0.250747
0 0 0 0
0.152893 0.351248 0.916681 -0.113774
0.0558361 0.34803 0.252081 0.901228
0.120669 0.327775 0.316568 0.881922
0 0 0 0
0.451856 -0.217259 0.856391 -0.123363
0 0 0 0
0 0 0 0
0 0 0 0
0 0 0 0
