7372409
0 -0.169384 0.597147 3.90177 2 454.071 203.683 242.171 147.627
1 -0.22999 0.854686 3.79746 2 442.166 166.933 235.822 120.991
2 -0.283838 1.0923 3.69044 2 430.756 130.558 229.736 94.6266
3 -0.264205 1.20785 3.68132 2 434.267 114.052 231.609 82.6634
4 -0.310718 0.943619 3.61505 2 424.564 148.487 226.434 107.621
5 -0.14906 0.81537 3.52624 2 454.786 163.797 242.553 118.718
6 -0.00418928 0.969159 3.55183 2 483.142 142.477 257.676 103.266
7 -0.00238561 1.07564 3.58475 1 483.496 128.51 257.865 93.1422
8 -0.13485 1.0147 3.88105 1 459.956 148.32 245.31 107.501
9 0.0106123 1.0764 3.62196 2 485.983 129.986 259.191 94.212
10 -0.0674639 0.846153 3.49069 2 470.616 158.089 250.995 114.581
11 -0.110955 0.822166 3.4932 1 462.036 161.688 246.419 117.189
12 -0.199736 0.573117 3.83265 2 448.081 205.463 238.977 148.916
13 -0.184926 0.166728 4.00977 2 452.272 260.19 241.211 188.582
14 -0.264004 -0.144 4.10717 2 439.789 298.938 234.554 216.666
15 -0.237041 -0.235269 4.10775 2 444.3 310.174 236.96 224.81
16 -0.135069 0.610996 3.90744 2 460.16 201.998 245.418 146.405
17 -0.0911249 0.245015 4.14394 2 468.849 251.319 250.053 182.153
18 -0.102225 -0.0149081 4.34886 1 467.813 282.943 249.5 205.073
19 -0.00411687 -0.0730738 4.28366 2 483.297 289.832 257.758 210.066
20 -0.271396 1.03451 3.7192 2 433.512 139.716 231.206 101.265
21 0.0587703 1.12369 3.58027 2 495.314 121.416 264.168 88.0009
22 -0.0347776 1.08901 3.55337 2 477.186 125.213 254.499 90.7526
23 -0.0622613 0.78939 3.46535 2 471.561 165.566 251.499 120
24 -0.157313 0.829556 3.49221 2 452.864 160.562 241.528 116.373
1
1
0.410893 -0.178106 0.885411 -0.124471
0.429951 -0.180757 0.876315 -0.120589
0.451949 -0.191602 0.857484 -0.154118
0 0 0 0
-0.272269 0.783291 -0.331139 0.450191
-0.211956 0.885925 0.411868 -0.0240091
-0.395807 0.304089 0.839431 0.214993
-0.481573 -0.0655999 0.863546 0.134433
0.303848 0.680408 0.600926 0.289153
-0.545925 0.606835 0.551018 -0.173483
0.258437 -0.518552 -0.128651 0.804838
0.417397 -0.450693 0.290882 0.733515
-0.335717 0.687371 -0.485423 0.423296
0.198583 0.926596 -0.0495943 -0.315476
0.113541 0.950851 -0.153221 -0.243955
0 0 0 0
0.203705 0.559262 0.802163 -0.047595
0.0429028 0.314019 0.283426 0.905108
0.131129 0.330308 0.30062 0.885059
0 0 0 0
0.451047 -0.186824 0.863209 -0.128547
0 0 0 0
0 0 0 0
0 0 0 0
0 0 0 0
