194907
0 0.10862 0.0045004 2.91293 2 509.569 280.43 271.77 203.252
1 0.0810123 0.286584 2.8038 2 503.822 229.5 268.705 166.338
2 0.0536957 0.560496 2.68228 2 497.759 175.192 265.472 126.977
3 0.118514 0.671421 2.66956 2 514.613 153.41 274.46 111.189
4 -0.0279058 0.410603 2.61377 2 476.607 201.637 254.19 146.143
5 -0.0420269 0.183578 2.63412 2 472.994 245.973 252.263 178.278
6 0.0257575 -0.019908 2.69614 2 490.518 284.942 261.609 206.522
7 0.0482909 -0.0933377 2.74112 2 496.057 298.421 264.564 216.292
8 0.157923 0.483318 2.87329 2 521.813 195.957 278.3 142.027
9 0.27359 0.301029 3.00958 2 546.498 230.574 291.466 167.117
10 0.460037 0.213058 3.0404 2 588.142 245.705 313.676 178.084
11 0.527716 0.188002 3.06068 2 602.734 250.073 321.458 181.25
12 0.0616721 -0.0123082 2.82238 2 498.964 283.415 266.114 205.415
13 0.0368422 -0.326672 2.95036 2 492.543 337.233 262.69 244.422
14 -0.0682064 -0.653684 3.16084 2 469.08 386.129 250.176 279.861
15 -0.0302872 -0.730433 3.1364 2 477.293 399.46 254.556 289.523
16 0.151681 0.0218567 2.93101 2 519.507 277.441 277.07 201.086
17 0.193411 -0.28857 3.15816 2 526.065 327.441 280.568 237.325
18 0.192496 -0.575473 3.32372 2 523.854 368.979 279.389 267.431
19 0.204946 -0.656327 3.29444 2 526.847 382.284 280.985 277.074
20 0.0604792 0.493191 2.71489 2 499.303 189.122 266.295 137.073
21 0.0765939 -0.167147 2.77512 2 502.92 311.662 268.224 225.888
22 0.073649 -0.0487966 2.73995 2 502.419 290.212 267.957 210.341
23 0.582047 0.166228 3.08315 2 614.063 253.869 327.5 184.001
24 0.535039 0.205342 2.993 2 607.138 246.423 323.807 178.604
1
2
0.421322 -0.120293 0.887062 -0.145394
0.428585 -0.121482 0.883575 -0.144402
0.433543 -0.140815 0.871876 -0.179008
0 0 0 0
-0.16431 0.762205 -0.459445 0.425389
0.0508843 0.9676 -0.0189849 0.246576
-0.0727436 0.448723 0.197497 0.868534
-0.00433287 0.415342 0.29579 0.860222
0.389443 0.663224 0.567298 0.29435
-0.18623 0.17377 0.329117 0.909288
-0.0774018 0.803458 0.531973 0.25587
-0.0314916 0.76843 0.576096 0.276834
-0.315937 0.636753 -0.564696 0.419343
0.16998 0.929972 -0.0961568 -0.311468
0.197715 0.873843 -0.234559 -0.377212
0 0 0 0
0.280711 0.570136 0.771606 0.0277775
0.0514524 0.32202 0.310152 0.893007
0.165856 0.615134 0.19856 0.744766
0 0 0 0
0.435134 -0.131067 0.876377 -0.159512
0 0 0 0
0 0 0 0
0 0 0 0
0 0 0 0
