194230
0 0.171165 0.0139561 2.93247 2 524.056 278.805 279.497 202.074
1 0.166216 0.304965 2.83458 2 524.286 226.761 279.619 164.354
2 0.159574 0.588294 2.72423 2 524.362 171.598 279.66 124.372
3 0.233304 0.687622 2.72272 2 543.15 152.832 289.68 110.77
4 0.0631995 0.445765 2.64816 2 500.391 195.914 266.875 141.996
5 0.0377407 0.201295 2.66823 2 493.676 243.064 263.294 176.169
6 0.0959409 -0.0235346 2.72981 2 508.097 285.568 270.985 206.976
7 0.107386 -0.0776617 2.76012 2 510.682 295.433 272.364 214.126
8 0.280536 0.475781 2.93811 2 549.744 199.11 293.197 144.312
9 0.390419 0.324287 3.02187 2 572.921 226.836 305.558 164.407
10 0.611388 0.248217 3.00455 2 624.303 239.283 332.961 173.429
11 0.658065 0.248118 2.98137 2 636.275 238.95 339.347 173.188
12 0.120035 0.00717614 2.84084 2 512.98 279.934 273.589 202.892
13 0.0885698 -0.30361 2.93472 2 504.707 333.552 269.177 241.754
14 -0.0408778 -0.646224 3.15558 2 475.026 385.095 253.347 279.112
15 -0.0170265 -0.726786 3.13026 2 480.204 399.097 256.109 289.26
16 0.217299 0.0214225 2.95158 2 534.545 277.541 285.091 201.158
17 0.240179 -0.277981 3.18138 2 535.872 325.425 285.798 235.864
18 0.194179 -0.581944 3.32336 2 524.21 369.981 279.579 268.157
19 0.267643 -0.630442 3.25598 2 540.633 379.449 288.338 275.02
20 0.161429 0.518634 2.75407 2 524.354 185.707 279.655 134.598
21 0.1339 -0.151375 2.79478 2 516.877 308.597 275.668 223.667
22 0.138055 -0.033206 2.75839 2 518.338 287.296 276.447 208.228
23 0.740143 0.246293 2.95814 2 656.783 238.892 350.284 173.145
24 0.640607 0.28271 2.95144 2 633.745 232.568 337.998 168.562
1
0
0.401512 -0.0731814 0.90146 -0.144232
0.409987 -0.074537 0.897637 -0.143536
0.414986 -0.0964406 0.887276 -0.176714
0 0 0 0
-0.163066 0.744593 -0.498208 0.413255
0.0520937 0.968118 -0.0403128 0.24168
-0.0403128 0.497643 0.174632 0.848664
0.0390565 0.469041 0.263529 0.842038
0.367779 0.717062 0.518472 0.285917
-0.228126 0.218219 0.280232 0.906537
-0.302702 0.725695 0.496046 0.368343
-0.497644 0.671671 0.501403 0.223167
0.298588 -0.597958 0.615309 -0.417954
0.119515 0.926272 -0.096475 -0.344136
0.170645 0.846536 -0.265217 -0.428857
0 0 0 0
0.25447 0.651914 0.713575 0.0326316
0.0900624 0.352969 0.309807 0.878249
0.147848 0.378345 0.171233 0.897594
0 0 0 0
0.417208 -0.0856279 0.890913 -0.157734
0 0 0 0
0 0 0 0
0 0 0 0
0 0 0 0
