190132
0 0.0315773 -0.0345685 2.86948 2 491.514 287.299 262.141 208.23
1 0.0203797 0.249904 2.74636 2 489.057 235.188 260.83 170.461
2 0.00882939 0.527425 2.6112 2 486.287 178.758 259.353 129.562
3 0.0647273 0.638391 2.61344 2 501.054 157.13 267.229 113.885
4 -0.0512562 0.371773 2.54252 2 470.083 207.162 250.711 150.149
5 -0.0499533 0.111414 2.56239 2 470.565 259.233 250.968 187.888
6 -0.0223299 -0.0881709 2.61911 2 478.101 298.225 254.987 216.15
7 -0.0222267 -0.178152 2.65817 2 478.212 315.095 255.046 228.377
8 0.101759 0.428355 2.81112 1 508.875 204.026 271.4 147.875
9 0.211654 0.275972 3.0118 2 532.282 234.845 283.884 170.212
10 0.350928 0.1402 3.08458 2 562.203 258.208 299.842 187.145
11 0.379415 0.140805 3.08965 2 568.433 258.142 303.164 187.098
12 -0.0146018 -0.0345537 2.79247 2 480.365 287.464 256.195 208.35
13 -0.00706858 -0.359877 2.95442 2 482.311 342.857 257.233 248.498
14 -0.0851245 -0.657142 3.15632 2 465.362 386.842 248.193 280.378
15 -0.028182 -0.733422 3.13134 2 477.746 400.141 254.798 290.017
16 0.0775679 -0.0343489 2.87559 2 502.483 287.248 267.991 208.193
17 0.145617 -0.303732 3.12917 2 515.952 330.319 275.174 239.411
18 0.165339 -0.556405 3.31692 2 518.288 366.225 276.42 265.435
19 0.200893 -0.656999 3.29259 2 526.023 382.444 280.546 277.19
20 0.0117202 0.459147 2.64717 2 487.006 193.311 259.736 140.109
21 -0.0220638 -0.246695 2.69816 2 478.336 327.454 255.113 237.334
22 0.00407792 -0.172764 2.66008 2 485.01 314.046 258.672 227.616
23 0.440463 0.104567 3.1153 2 581.253 264.214 310.001 191.499
24 0.407581 0.156922 3.0285 2 576.567 254.974 307.502 184.801
1
0
0.324261 -0.0845314 0.92381 -0.18516
0.394253 -0.0985024 0.896178 -0.178121
0.465561 -0.132014 0.851649 -0.201292
0 0 0 0
-0.201495 0.74741 -0.410474 0.481963
0.0322419 0.877214 0.0204342 0.478579
0.00719525 0.474223 0.152299 0.867102
0.0950023 0.459707 0.179795 0.864476
0.388491 0.694659 0.517549 0.314113
-0.0155319 0.397743 0.471807 0.786738
0.0534856 0.853389 0.412612 0.314034
-0.149236 0.648038 0.698706 0.263791
0.279602 -0.573759 0.649542 -0.413181
0.211058 0.878164 -0.0891252 -0.419927
0.232947 0.893275 -0.203818 -0.325965
0 0 0 0
0.186451 0.699102 0.683815 -0.0942811
0.0799294 0.424434 0.368165 0.82336
0.152131 0.542113 0.276246 0.778882
0 0 0 0
0.467914 -0.122061 0.855888 -0.183337
0 0 0 0
0 0 0 0
0 0 0 0
0 0 0 0
