86097042
0 -0.190421 -0.272956 2.29809 2 426.936 341.355 227.699 247.41
1 -0.127072 0.0309588 2.2118 2 444.487 274.135 237.06 198.689
2 -0.061448 0.327498 2.11187 2 463.927 202.658 247.428 146.884
3 0.0448525 0.415942 2.12873 2 498.478 182.119 265.855 131.998
4 -0.188026 0.201055 2.01534 2 419.768 230.705 223.876 167.212
5 -0.322917 -0.00976642 1.99031 2 372.255 283.697 198.536 205.619
6 -0.320524 -0.216276 2.01731 2 374.471 335.572 199.718 243.218
7 -0.301126 -0.28637 2.05054 2 382.728 352.049 204.122 255.161
8 0.0278407 0.178782 2.31704 2 492.214 242.194 262.514 175.539
9 0.152567 0.0613234 2.41443 2 527.373 268.369 281.266 194.511
10 0.334201 -0.00652709 2.44947 2 577.826 282.56 308.174 204.795
11 0.385433 -0.0118936 2.44685 2 592.392 283.673 315.942 205.602
12 -0.223067 -0.272989 2.20399 2 414.28 343.957 220.95 249.295
13 -0.334453 -0.637526 2.29969 2 383.335 422.349 204.445 306.113
14 -0.414708 -1.00377 2.49812 2 368.796 486.321 196.691 352.479
15 -0.33716 -1.05477 2.46053 2 388.893 500.05 207.409 362.43
16 -0.15212 -0.264834 2.32417 2 438.932 338.891 234.097 245.624
17 -0.105776 -0.604612 2.50034 2 454.754 404.042 242.535 292.844
18 -0.0888712 -0.902276 2.66522 2 460.867 453.707 245.796 328.841
19 0.020915 -0.93501 2.65221 2 489.419 460.903 261.023 334.056
20 -0.0779454 0.254518 2.13919 2 458.895 220.994 244.744 160.173
21 -0.29463 -0.354613 2.07562 2 386.046 367.926 205.891 266.668
22 -0.273825 -0.245955 2.09216 2 393.813 340.792 210.033 247.001
23 0.428623 -0.00477683 2.44656 2 604.618 282.2 322.463 204.535
24 0.418777 0.00544525 2.4458 2 601.87 280.083 320.997 203
1
0
0.486866 0.0196221 0.857068 -0.167366
0.453182 0.0261132 0.875346 -0.166477
0.412828 0.0220427 0.887518 -0.203465
0 0 0 0
-0.15404 0.676471 -0.568102 0.442627
0.00469705 0.939576 -0.284432 0.190453
0.00743796 0.20084 0.0647996 0.97745
-0.0739767 0.21708 0.237087 0.94403
0.37475 0.777773 0.433259 0.258687
-0.287223 0.190181 0.345691 0.87283
-0.509705 0.228473 0.260806 0.787389
-0.634662 0.271619 0.212561 0.691553
0.321861 -0.510566 0.629475 -0.489376
0.0826582 0.948602 -0.171423 -0.252857
0.205283 0.926798 -0.161798 -0.269678
0 0 0 0
0.344686 0.637677 0.683749 0.0839471
0.00727887 0.274666 0.243479 0.930174
0.00682654 0.124837 0.251213 0.959823
0 0 0 0
0.416385 0.0290855 0.890004 -0.183493
0 0 0 0
0 0 0 0
0 0 0 0
0 0 0 0
