86091207
0 -0.351422 -0.301502 2.19723 2 373.678 350.832 199.295 254.278
1 -0.384459 -0.0119901 2.08208 2 356.745 284.13 190.264 205.934
2 -0.415644 0.268203 1.94863 2 336.672 211.277 179.558 153.13
3 -0.365034 0.403426 1.91233 2 352.012 173.908 187.74 126.046
4 -0.482815 0.119019 1.88184 2 306.733 249.064 163.591 180.518
5 -0.512505 -0.113859 1.89546 2 297.106 311.757 158.457 225.957
6 -0.444213 -0.352342 1.96593 2 327.75 372.383 174.8 269.898
7 -0.434066 -0.403106 1.979 2 332.271 384.868 177.211 278.947
8 -0.319549 0.194589 2.13056 2 380.657 234.923 203.017 170.269
9 -0.280325 -0.00576188 2.30386 2 400.273 282.476 213.479 204.735
10 -0.223883 -0.204367 2.42454 2 420.444 323.873 224.237 234.738
11 -0.225183 -0.244366 2.43443 2 420.317 332.029 224.169 240.65
12 -0.383887 -0.304906 2.11696 2 358.836 354.338 191.379 256.819
13 -0.394544 -0.681605 2.28744 2 364.508 433.058 194.404 313.875
14 -0.435085 -1.01099 2.48883 2 362.681 488.576 193.43 354.113
15 -0.342067 -1.05828 2.45998 2 387.488 500.827 206.66 362.993
16 -0.309004 -0.288238 2.20912 2 387.572 347.369 206.705 251.768
17 -0.260646 -0.583451 2.46219 2 410.846 401.638 219.118 291.101
18 -0.273267 -0.904302 2.66053 2 412.806 454.47 220.163 329.394
19 -0.190674 -0.949219 2.64453 2 433.996 464.227 231.465 336.465
20 -0.408229 0.199452 1.98466 2 342.046 230.191 182.424 166.839
21 -0.405834 -0.459104 2.01715 2 344.799 397.051 183.893 287.777
22 -0.412784 -0.374172 1.99331 2 340.838 376.673 181.78 273.008
23 -0.21103 -0.285403 2.43388 2 424.289 340.591 226.288 246.855
24 -0.239633 -0.248097 2.431 2 416.129 332.885 221.935 241.27
1
0
0.41347 -0.12772 0.889412 -0.147228
0.433405 -0.131005 0.87987 -0.144313
0.451399 -0.154227 0.858551 -0.187996
0 0 0 0
-0.190951 0.753181 -0.442771 0.447448
0.0444489 0.963434 -0.0535849 0.258743
-0.0679768 0.392457 0.18165 0.899088
-0.0389462 0.393251 0.151929 0.905955
0.391466 0.652344 0.576644 0.297796
0.114625 0.489871 0.335828 0.796308
-0.216834 -0.374896 0.194304 0.88016
-0.0351013 -0.407174 0.116776 0.905174
-0.387941 0.598029 -0.574337 0.402493
0.194794 0.923136 -0.0817416 -0.321238
0.250991 0.937316 -0.112944 -0.213744
0 0 0 0
0.239052 0.596279 0.766162 -0.0173448
0.058761 0.327167 0.346178 0.877308
0.0725845 0.19562 0.263944 0.941699
0 0 0 0
0.452843 -0.145147 0.864118 -0.164823
0 0 0 0
0 0 0 0
0 0 0 0
0 0 0 0
