86106454
0 0.966488 -0.0116039 2.76547 2 726.017 283.349 387.209 205.368
1 0.94713 0.226927 2.65815 2 730.854 237.681 389.789 172.268
2 0.921847 0.460178 2.53781 2 735.859 188.68 392.458 136.752
3 0.873003 0.573066 2.48851 2 727.283 163.676 387.884 118.63
4 0.839238 0.411435 2.69628 2 699.524 203.445 373.08 147.454
5 0.834508 0.218738 2.83693 2 687.419 241.967 366.623 175.375
6 0.856651 0.0179227 2.91227 2 687.348 278.079 366.586 201.548
7 0.857507 -0.0378004 2.94768 2 685.086 287.735 365.379 208.546
8 1.01866 0.349729 2.48608 2 768.196 209.402 409.705 151.772
9 1.08585 0.121417 2.54088 2 780.401 256.819 416.214 186.139
10 1.08909 -0.0599669 2.60619 2 773.802 292.954 412.694 212.329
11 1.06769 -0.0925131 2.62802 2 765.704 299.175 408.376 216.838
12 0.917708 -0.00370774 2.78183 2 712.32 281.89 379.904 204.31
13 0.944704 -0.242066 2.94064 2 706.354 323.144 376.722 234.21
14 1.03427 -0.598301 3.13492 2 712.642 378.556 380.076 274.372
15 0.994361 -0.674277 3.0615 2 709.143 393.574 378.21 285.257
16 0.995341 -0.0192119 2.69202 2 740.178 284.85 394.762 206.455
17 0.992246 -0.337017 2.76542 2 732.653 343.368 390.748 248.868
18 1.0596 -0.670754 2.94718 2 733.347 397.379 391.118 288.015
19 0.99941 -0.746142 2.8988 2 723.115 412.598 385.661 299.045
20 0.929185 0.402749 2.56994 2 734.64 201.256 391.808 145.867
21 0.867278 -0.101646 2.97223 2 685.715 298.611 365.715 216.429
22 0.874763 -0.0557505 2.9256 2 690.739 290.908 368.394 210.846
23 1.07517 -0.167246 2.64002 2 766.406 313.541 408.75 227.25
24 1.0363 -0.102114 2.61735 2 758.493 301.117 404.529 218.245
1
1
-0.40349 0.0520694 0.889901 -0.206302
-0.408873 0.0533179 0.887441 -0.205982
-0.411663 0.0550696 0.874198 -0.251554
0 0 0 0
0.444937 0.657756 -0.574448 -0.198488
0.255685 0.801251 -0.175637 -0.511638
0.11752 0.812163 0.143272 0.553222
0.225152 0.787468 0.165326 0.549426
-0.0989028 0.702735 0.540172 -0.452322
0.141655 0.960229 0.111827 -0.213047
-0.101494 -0.540579 0.139044 0.823492
0.0343265 -0.586296 0.366566 0.721601
-0.277132 -0.650442 0.706433 -0.032784
-0.148558 -0.340178 0.252321 0.893613
-0.221326 -0.499226 0.14956 0.824269
0 0 0 0
-0.307185 0.555543 0.598046 -0.489234
0.107336 0.926549 0.0364334 0.358689
0.187507 0.885312 0.18021 0.385471
0 0 0 0
-0.413157 0.0553254 0.879976 -0.227779
0 0 0 0
0 0 0 0
0 0 0 0
0 0 0 0
