86095579
0 -0.346724 -0.285662 2.24881 2 377.686 345.638 201.433 250.514
1 -0.387709 0.00200699 2.10745 2 357.217 280.728 190.516 203.468
2 -0.420228 0.283165 1.96151 2 336.002 207.848 179.201 150.646
3 -0.361799 0.409853 1.95359 2 355.963 174.518 189.847 126.488
4 -0.475985 0.125906 1.88918 2 309.941 247.34 165.302 179.268
5 -0.494949 -0.108313 1.89297 2 303.327 310.298 161.774 224.899
6 -0.409126 -0.345916 1.98227 2 341.361 369.928 182.059 268.119
7 -0.379841 -0.393089 2.01086 2 353.443 380.599 188.503 275.853
8 -0.336941 0.218935 2.17772 2 377.365 230.245 201.261 166.879
9 -0.199506 0.065893 2.33409 2 425.208 266.933 226.778 193.469
10 -0.0227186 -0.0151945 2.38356 2 477.411 284.432 254.619 206.153
11 0.0448539 -0.044542 2.40843 2 496.748 290.558 264.932 210.592
12 -0.36731 -0.301901 2.1647 2 366.926 351.992 195.694 255.119
13 -0.414906 -0.698554 2.30982 2 359.535 435.357 191.752 315.541
14 -0.442207 -1.00371 2.4828 2 360.396 487.581 192.211 353.392
15 -0.339505 -1.05209 2.46263 2 388.314 499.308 207.101 361.891
16 -0.315085 -0.259814 2.26614 2 388.18 339.325 207.03 245.938
17 -0.258655 -0.59707 2.49521 2 412.361 402.823 219.926 291.961
18 -0.294226 -0.918771 2.66407 2 407.436 457.04 217.299 331.256
19 -0.26104 -0.990876 2.59264 1 414.146 476.204 220.878 345.146
20 -0.412988 0.213984 1.99993 2 341.47 226.885 182.117 164.443
21 -0.363957 -0.455938 2.04535 2 360.954 394.596 192.509 285.998
22 -0.369096 -0.352792 2.05905 2 360.205 368.251 192.109 266.903
23 0.100601 -0.0780271 2.42637 2 512.439 297.466 273.301 215.6
24 0.059247 -0.0171525 2.35896 2 501.206 284.886 267.31 206.481
1
2
0.509152 -0.173403 0.828184 -0.1575
0.505285 -0.172667 0.83055 -0.158307
0.502899 -0.170231 0.826061 -0.189042
0 0 0 0
-0.213712 0.742986 -0.412327 0.48196
0.0211595 0.941205 -0.0353288 0.335316
-0.129582 0.183126 0.199572 0.953858
-0.196738 0.186091 0.289178 0.918172
0.432877 0.606607 0.570452 0.345297
-0.211137 0.20726 0.399081 0.86787
-0.159671 0.70555 0.521998 0.45191
-0.133127 0.687922 0.541812 0.4642
-0.407226 0.617544 -0.491942 0.459129
0.158756 0.96332 -0.0905078 -0.196518
0.2433 0.951041 -0.0845013 -0.17084
0 0 0 0
0.357117 0.45516 0.81467 0.0401125
-0.00259433 0.220133 0.300478 0.928034
0.175296 0.543766 0.169294 0.803075
0 0 0 0
0.503189 -0.166529 0.830792 -0.169863
0 0 0 0
0 0 0 0
0 0 0 0
0 0 0 0
