86094405
0 -0.400194 -0.287642 2.21202 2 359.164 347.213 191.554 251.656
1 -0.447138 0.00516777 2.10864 2 337.742 279.967 180.129 202.916
2 -0.48945 0.290411 1.99311 2 314.206 207.096 167.576 150.1
3 -0.443475 0.42355 1.96557 2 327.86 171.508 174.859 124.307
4 -0.529622 0.138211 1.91713 2 292.994 244.54 156.263 177.24
5 -0.527659 -0.100819 1.92405 2 294.426 307.858 157.027 223.132
6 -0.429399 -0.336159 2.00974 2 336.336 366.25 179.379 265.453
7 -0.407166 -0.37767 2.02542 2 345.049 376.021 184.026 272.535
8 -0.395137 0.200703 2.1436 2 356.875 233.712 190.333 169.392
9 -0.346208 0.0057816 2.31296 1 380.94 279.945 203.168 202.9
10 -0.29544 -0.190969 2.44622 2 400.849 320.741 213.786 232.468
11 -0.286383 -0.219733 2.4528 2 403.606 326.577 215.256 236.698
12 -0.429851 -0.28815 2.12601 2 344.395 350.053 183.677 253.714
13 -0.430527 -0.658368 2.30276 2 354.491 426.894 189.062 309.407
14 -0.439143 -1.00547 2.48813 2 361.516 487.5 192.809 353.333
15 -0.333491 -1.05599 2.45912 2 389.874 500.429 207.933 362.704
16 -0.358241 -0.278346 2.23079 2 373.256 344.502 199.07 249.691
17 -0.456826 -0.785931 2.36872 2 350.268 450.456 186.81 326.484
18 -0.386407 -0.942894 2.62512 2 381.911 464.442 203.686 336.621
19 -0.303059 -0.965979 2.66536 2 405.145 466.061 216.077 337.795
20 -0.479619 0.220257 2.02412 2 320.302 225.908 170.828 163.735
21 -0.380504 -0.430626 2.05912 2 356.248 387.564 189.999 280.901
22 -0.391901 -0.346624 2.03646 2 351.061 367.704 187.232 266.507
23 -0.271368 -0.25619 2.46311 2 408.128 333.888 217.668 241.998
24 -0.275384 -0.251981 2.4354 2 406.127 333.615 216.601 241.799
1
0
0.44625 -0.143765 0.87581 -0.114669
0.45553 -0.144975 0.87102 -0.113135
0.465566 -0.155109 0.858402 -0.149451
0 0 0 0
-0.259016 0.759846 -0.384238 0.455967
0.0122492 0.941661 0.00873136 0.336226
-0.119582 0.33694 0.219841 0.907657
-0.159717 0.341281 0.237267 0.895389
0.330221 0.683935 0.569851 0.313778
0.151774 0.613399 0.325767 0.703266
0.233603 0.894329 0.201456 0.324069
0.0574699 0.935321 0.1754 0.301839
-0.432673 0.593838 -0.556779 0.387489
0.210944 0.932532 -0.0654996 -0.285651
0.234784 0.947746 -0.0627488 -0.206681
0 0 0 0
0.251607 0.630609 0.731994 0.0566728
0.160129 0.839525 -0.0107077 0.519077
-0.104694 0.0479822 0.484621 0.86711
0 0 0 0
0.465556 -0.150219 0.862606 -0.128854
0 0 0 0
0 0 0 0
0 0 0 0
0 0 0 0
