1243223
0 0.595932 -0.187506 3.11982 2 615.617 311.694 328.329 225.912
1 0.536077 0.101005 2.95264 2 609.038 263.869 324.82 191.248
2 0.474884 0.384387 2.77235 2 602.101 210.841 321.121 152.815
3 0.435959 0.4923 2.7587 2 593.02 190.585 316.277 138.133
4 0.442018 0.363592 2.90384 1 588.865 217.711 314.061 157.794
5 0.434292 0.160299 3.13644 2 579.249 255.329 308.933 185.059
6 0.179413 0.223856 2.93996 1 525.906 242.695 280.483 175.902
7 0.122319 0.264926 2.86878 1 513.269 234.495 273.743 169.958
8 0.57305 0.240226 2.73694 2 628.4 236.654 335.147 171.524
9 0.310709 0.254101 2.56262 2 567.418 230.985 302.623 167.415
10 0.0594215 0.349435 2.4912 2 500.37 210.188 266.864 152.341
11 -0.0136625 0.375687 2.47585 2 480.159 204.359 256.085 148.117
12 0.556839 -0.161701 3.11938 2 606.942 307.491 323.702 222.865
13 0.34017 -0.271651 2.94966 2 563.323 327.849 300.439 237.62
14 0.475341 -0.580233 3.25759 2 584.633 371.641 311.804 269.36
15 0.432055 -0.649794 3.2456 2 575.835 382.891 307.112 277.514
16 0.621678 -0.207302 3.05023 2 624.505 315.698 333.069 228.813
17 0.604175 -0.322964 2.76938 2 634.566 340.453 338.435 246.756
18 0.708849 -0.685849 3.02158 2 646.335 396.82 344.712 287.609
19 0.631868 -0.744979 2.9712 2 631.165 408.925 336.621 296.383
20 0.490471 0.314397 2.81975 2 603.873 224.647 322.066 162.821
21 0.0416748 0.272187 2.84665 1 494.02 232.846 263.477 168.763
22 0.134732 0.285494 2.83465 1 516.639 230.252 275.541 166.883
23 -0.0907804 0.41162 2.47033 2 458.65 196.776 244.613 142.62
24 -0.0373083 0.332941 2.4522 2 473.489 212.474 252.528 153.998
0
0
-0.444965 0.0371836 0.853123 -0.269822
-0.468656 0.0447171 0.840342 -0.268677
-0.485806 0.0657823 0.81922 -0.297564
0 0 0 0
-0.565598 -0.496459 0.637301 0.165754
-0.0513627 -0.142999 0.41039 0.899163
0.421743 -0.632927 0.647309 -0.0502802
0.530115 -0.530829 0.651306 -0.114013
-0.0602471 0.691475 0.478088 -0.538205
-0.449558 0.68887 -0.565598 -0.0587638
-0.444266 -0.378338 0.688502 -0.430642
-0.457988 -0.401521 0.675326 -0.415888
-0.252962 -0.452356 0.843473 -0.141201
0.555208 -0.413546 -0.079077 0.717266
-0.278026 -0.313085 0.290953 0.860247
0 0 0 0
-0.259983 0.566292 0.550914 -0.555172
-0.420151 0.659633 -0.365227 0.504942
0.235056 0.893502 0.212658 0.318087
0 0 0 0
-0.489776 0.0587395 0.823243 -0.280964
0 0 0 0
0 0 0 0
0 0 0 0
0 0 0 0
