1264296
0 0.727213 -0.585104 3.47546 2 628.512 366.795 335.207 265.848
1 0.668881 -0.411468 3.30474 2 623.638 344.439 332.607 249.645
2 0.608538 -0.238767 3.12224 2 618.338 320.009 329.78 231.938
3 0.531854 -0.164096 3.04788 2 604.167 308.503 322.222 223.599
4 0.44967 -0.234916 3.17327 2 581.51 318.713 310.139 230.998
5 0.379267 -0.371129 3.40304 2 560.673 336.451 299.026 243.855
6 0.353048 -0.540889 3.55439 2 552.38 358.349 294.603 259.726
7 0.331084 -0.512259 3.53761 2 548.41 354.592 292.485 257.003
8 0.792022 -0.225001 3.10541 2 660.135 318.04 352.072 230.511
9 0.745366 -0.488684 3.04465 2 653.224 362.873 348.386 263.005
10 0.68853 -0.705048 3.1122 2 637.041 396.56 339.755 287.421
11 0.68946 -0.733063 3.07285 2 639.263 402.72 340.94 291.886
12 0.648574 -0.58644 3.45097 2 613.728 367.555 327.322 266.399
13 0.495265 -0.40532 3.12929 2 593.06 346.914 316.299 251.439
14 0.468208 -0.632504 3.23135 2 583.972 380.633 311.452 275.877
15 0.427836 -0.685523 3.15149 2 577.706 391.746 308.11 283.932
16 0.791626 -0.572327 3.43198 2 643.397 366.033 343.145 265.296
17 0.749281 -0.401209 3.07215 2 652.498 347.619 347.999 251.949
18 0.710418 -0.648097 3.13944 2 640.486 386.288 341.592 279.976
19 0.709791 -0.709974 3.05958 2 644.539 399.406 343.754 289.484
20 0.624021 -0.281846 3.17012 2 619.705 326.327 330.509 236.518
21 0.292869 -0.540692 3.59868 2 540 357.347 288 259
22 0.377239 -0.524345 3.53367 2 557.5 356.43 297.333 258.336
23 0.669368 -0.740387 3.16127 2 630.467 400.458 336.249 290.247
24 0.66722 -0.733967 3.161 2 630 399.427 336 289.499
0
0
-0.0559178 -0.103839 0.918478 -0.377476
-0.0766588 -0.095282 0.91698 -0.379726
-0.0943974 -0.086614 0.903472 -0.409055
0 0 0 0
-0.316485 -0.562171 0.727857 -0.232433
0.349214 0.755381 -0.362623 -0.419468
-0.116023 -0.447494 0.340267 0.818845
0.818741 -0.0611522 -0.435155 0.369544
0.182321 0.489342 0.78569 -0.331654
-0.140782 0.759161 0.00593538 -0.635469
0.11874 -0.0340658 0.151515 0.980706
0.0527187 -0.123055 -0.455332 0.880199
-0.129923 -0.629532 0.689211 -0.334362
0.795368 -0.35958 -0.306501 0.379671
-0.0729541 -0.554514 0.203121 0.8037
0 0 0 0
0.0827142 0.494012 0.757813 -0.418127
0.484471 -0.356114 0.691966 -0.399568
0.145112 0.671931 0.044815 0.724875
0 0 0 0
-0.0964314 -0.0864969 0.9099 -0.394083
0 0 0 0
0 0 0 0
0 0 0 0
0 0 0 0
