1237097
0 -0.00795298 -0.0427734 2.67916 2 481.918 289.279 257.023 209.665
1 0.0125264 0.25403 2.59604 2 487.274 231.713 259.879 167.943
2 0.0313156 0.543543 2.49802 2 492.602 170.786 262.721 123.783
3 0.148479 0.631479 2.52579 2 524.552 154.165 279.761 111.736
4 -0.0652961 0.399731 2.40865 2 465.29 197.121 248.154 142.871
5 -0.17881 0.162057 2.38278 2 432.368 246.806 230.596 178.881
6 -0.156657 -0.0726756 2.40149 2 439.134 296.512 234.205 214.908
7 -0.162405 -0.12848 2.4119 2 437.68 308.15 233.429 223.343
8 0.10491 0.407839 2.71313 2 510.573 205.072 272.306 148.633
9 0.230489 0.260299 2.89621 2 538.688 235.728 287.3 170.852
10 0.388555 0.14108 3.01243 2 572.699 257.501 305.44 186.633
11 0.417987 0.103522 3.01857 2 579.24 263.846 308.928 191.232
12 -0.037229 -0.0491074 2.56604 2 473.992 290.883 252.796 210.828
13 -0.142294 -0.442406 2.76221 2 448.484 362.366 239.192 262.638
14 -0.186655 -0.793457 2.89425 2 439.383 420.64 234.337 304.874
15 -0.141879 -0.873252 2.83148 2 449.289 438.223 239.621 317.618
16 0.0199571 -0.0313315 2.71877 2 488.998 287.035 260.799 208.039
17 0.0369425 -0.334502 2.97261 2 492.502 338.149 262.668 245.086
18 0.0196746 -0.661662 3.15727 2 488.253 387.535 260.402 280.88
19 0.124807 -0.711588 3.14572 2 511.33 396.054 272.709 287.055
20 0.0267547 0.472667 2.52497 2 491.257 186.303 262.004 135.03
21 -0.148936 -0.172748 2.44207 2 442.036 316.99 235.753 229.75
22 -0.127773 -0.124734 2.39405 2 447.283 307.555 238.551 222.912
23 0.439507 0.0684663 3.02149 2 584.061 269.736 311.499 195.501
24 0.386643 0.079447 2.9997 2 572.625 267.804 305.4 194.101
1
2
0.561543 -0.0494826 0.815529 -0.130895
0.514351 -0.0419736 0.846086 -0.133493
0.460718 -0.0575844 0.868475 -0.17371
0 0 0 0
-0.182687 0.724402 -0.495987 0.442565
-0.0134407 0.961019 -0.225384 0.159572
-0.00669772 0.687778 0.061047 0.723319
0.100215 0.691253 0.0307917 0.714967
0.394842 0.72883 0.438749 0.346997
-0.151192 0.239764 0.447652 0.848093
-0.485483 -0.609031 -0.0682474 0.623482
-0.286783 -0.628822 -0.165589 0.703504
0.379895 -0.53988 0.573249 -0.48538
0.199341 0.951464 -0.158401 -0.172883
0.126042 0.856881 -0.139158 -0.480107
0 0 0 0
0.432112 0.577814 0.654364 0.226314
0.0467231 0.190227 0.33883 0.920231
0.0615879 0.145145 0.24747 0.955981
0 0 0 0
0.463788 -0.0458 0.871493 -0.152656
0 0 0 0
0 0 0 0
0 0 0 0
0 0 0 0
