6413609
0 0.938648 -0.36922 3.75225 2 656.779 331.234 350.282 240.074
1 0.895331 -0.0831828 3.70213 2 650.887 292.623 347.14 212.089
2 0.847429 0.201395 3.63995 2 644.636 253.112 343.806 183.452
3 0.758011 0.295801 3.65313 2 627.083 240.112 334.444 174.03
4 0.738531 0.00695429 3.74245 2 619.963 280.268 330.647 203.135
5 0.61271 0.109251 3.54702 1 602.929 265.601 321.562 192.504
6 0.465228 0.2153 3.32757 2 580.19 248.44 309.435 180.066
7 0.346755 0.317512 3.15942 2 559.49 230.317 298.395 166.93
8 0.962304 0.0732085 3.61488 2 667.856 270.916 356.19 196.356
9 0.792 0.114765 3.38287 2 645.523 263.983 344.279 191.331
10 0.557823 0.10941 3.22218 2 603.194 264.001 321.704 191.345
11 0.478908 0.139934 3.21518 2 586.486 259.166 312.793 187.84
12 0.861844 -0.382 3.74713 2 642.761 333.006 342.806 241.358
13 0.576646 -0.248555 3.43512 2 599.599 317.89 319.786 230.402
14 0.470931 -0.569555 3.39859 2 579.52 366.257 309.077 265.458
15 0.379355 -0.616698 3.30241 2 563.184 375.984 300.365 272.508
16 0.997884 -0.349679 3.68933 2 670.931 329.423 357.83 238.762
17 1.13081 -0.307733 3.32219 2 719.733 328.425 383.858 238.038
18 1.43489 -0.531177 3.23389 2 791.763 365.058 422.274 264.589
19 1.31055 -0.516602 3.21289 2 766.929 363.29 409.029 263.308
20 0.860128 0.13054 3.65758 2 646.249 263.086 344.666 190.681
21 0.325132 0.38597 3.11631 2 555.786 218.465 296.419 158.34
22 0.306706 0.314553 3.13587 2 551.253 230.424 294.002 167.008
23 0.42228 0.193287 3.18895 2 575.083 250.518 306.711 181.572
24 0.506956 0.155475 3.17137 2 594.027 256.371 316.815 185.814
1
1
-0.178337 -0.0576208 0.977396 -0.0978434
-0.193974 -0.0560457 0.974413 -0.0987541
-0.208868 -0.0592727 0.966645 -0.135859
0 0 0 0
0.18955 0.895962 -0.379416 -0.131783
0.204689 -0.399117 0.812107 -0.373215
0.522447 -0.0507771 -0.64279 0.557935
0.567246 -0.0614117 -0.633036 0.523187
-0.0525093 0.817514 0.517073 -0.248092
0.752261 -0.563351 0.0745433 0.33344
-0.449748 0.710463 -0.536937 -0.0683202
0.376199 -0.524398 0.733644 0.212715
0.0305754 0.757873 -0.645891 0.0867035
0.761374 -0.280292 -0.266141 0.520494
0.165717 -0.428558 0.0194711 0.887974
0 0 0 0
-0.221021 0.53904 0.749288 -0.314886
0.728306 -0.56882 0.151577 -0.350767
-0.236536 0.858626 0.394671 0.225933
0 0 0 0
-0.210217 -0.0569093 0.969043 -0.116296
0 0 0 0
0 0 0 0
0 0 0 0
0 0 0 0
