6397934
0 0.94481 0.224724 3.23157 2 686.157 245.821 365.951 178.168
1 0.855248 0.434252 3.07068 2 676.654 209.214 360.882 151.635
2 0.769424 0.639967 2.90818 2 667.178 169.072 355.828 122.541
3 0.682146 0.749505 2.84309 2 650.169 146.826 346.757 106.417
4 0.656953 0.578066 3.05188 2 632.763 184.861 337.473 133.984
5 0.636925 0.427583 3.26848 2 618.427 214.784 329.828 155.672
6 0.629747 0.279834 3.41997 2 610.882 239.709 325.804 173.737
7 0.626847 0.195831 3.48924 2 607.738 252.755 324.127 183.194
8 0.882204 0.577845 2.8635 2 697.447 178.312 371.972 129.238
9 0.992198 0.425291 2.76609 2 732.639 202.774 390.741 146.967
10 0.886768 0.204819 2.76686 2 705.808 243.505 376.431 176.489
11 0.833225 0.134034 2.76266 2 692.577 256.516 369.374 185.92
12 0.88322 0.21758 3.22917 2 672.998 246.942 358.932 178.98
13 0.717757 -0.0973928 3.31502 2 633.284 296.121 337.751 214.624
14 0.658369 -0.45 3.47359 2 614.724 346.981 327.853 251.487
15 0.584946 -0.537987 3.43571 2 601.428 360.713 320.762 261.44
16 0.986973 0.227335 3.16786 2 699.561 244.668 373.099 177.332
17 1.14192 -0.0870127 3.24414 2 727.778 294.882 388.148 213.726
18 1.30139 -0.413587 3.45537 2 745.094 342.279 397.383 248.079
19 1.39132 -0.439397 3.4824 2 761.072 345.61 405.905 250.493
20 0.791243 0.590763 2.95092 2 669.594 179.221 357.117 129.897
21 0.62595 0.137909 3.53862 2 605.809 261.456 323.098 189.5
22 0.632955 0.181414 3.45167 2 610.314 254.561 325.501 184.503
23 0.814389 0.0796029 2.78367 2 686.245 266.661 365.997 193.272
24 0.797935 0.133409 2.74113 2 685.242 256.447 365.462 185.869
0
0
-0.219303 -0.0945524 0.909658 -0.339834
-0.261196 -0.0787125 0.898526 -0.343849
-0.296575 -0.0548538 0.877483 -0.372904
0 0 0 0
0.422969 0.733005 -0.532369 0.0196037
0.34398 0.708214 -0.311792 -0.53188
0.37596 0.879046 0.0987623 0.276004
0.326712 0.898238 0.0872854 0.280731
-0.0227384 0.552293 0.66974 -0.495887
-0.186377 0.908376 0.324235 -0.187053
-0.116798 0.824405 -0.187838 -0.520991
-0.191575 0.799858 -0.254901 -0.50848
0.187675 0.707623 -0.638132 0.238403
0.13755 -0.499376 0.225361 0.825176
-0.0177987 -0.414085 0.221269 0.882755
0 0 0 0
-0.110078 0.467724 0.710603 -0.513965
-0.0151826 0.841256 0.248094 0.480112
-0.202342 -0.00387038 0.265721 0.942568
0 0 0 0
-0.302473 -0.0564405 0.88667 -0.345168
0 0 0 0
0 0 0 0
0 0 0 0
0 0 0 0
