6403971
0 0.139781 0.0714344 2.96373 2 516.356 269.027 275.39 194.987
1 0.158116 0.367428 2.84028 2 522.261 215.712 278.539 156.345
2 0.176706 0.655864 2.70458 2 529.067 158.006 282.169 114.52
3 0.277585 0.720211 2.73063 2 554.22 147.064 295.584 106.59
4 0.0778391 0.513192 2.62497 2 504.394 182.06 269.01 131.954
5 0.0913559 0.218342 2.66299 2 507.535 239.744 270.685 173.763
6 0.198549 0.0329161 2.75944 2 533.397 275.179 284.479 199.446
7 0.202614 0.00250385 2.80032 2 533.673 280.759 284.625 203.49
8 0.268926 0.576153 2.83175 1 549.467 177.933 293.049 128.963
9 0.355246 0.348717 3.01872 1 564.983 222.683 301.324 161.398
10 0.36541 0.174228 3.23083 1 561.749 253.917 299.599 184.036
11 0.425342 0.169063 3.26053 1 573.716 254.958 305.982 184.79
12 0.091915 0.0674331 2.88479 2 505.842 269.396 269.782 195.255
13 0.0767951 -0.322256 3.02186 2 501.43 335.166 267.429 242.924
14 0.000149132 -0.655565 3.13484 2 483.989 387.307 258.128 280.715
15 0.0681482 -0.734548 3.08178 2 499.218 402.259 266.25 291.552
16 0.184185 0.0738362 2.96472 2 526.641 268.619 280.875 194.692
17 0.15228 -0.289865 3.00939 1 518.748 329.943 276.666 239.138
18 0.143547 -0.478079 3.18137 1 515.017 357.33 274.676 258.988
19 0.116491 -0.596501 3.146 2 509.473 377.357 271.719 273.503
20 0.172063 0.584969 2.74079 2 527.26 172.88 281.205 125.301
21 0.233518 -0.0398332 2.81685 2 540.93 288.362 288.496 209.001
22 0.158847 0.00545944 2.81636 2 522.704 280.231 278.775 203.107
23 0.446304 0.126847 3.27036 1 577.86 261.572 308.192 189.584
24 0.390503 0.171089 3.23928 1 566.887 254.475 302.34 184.44
0
0
0.331763 -0.0389598 0.922308 -0.19433
0.360556 -0.0450416 0.911437 -0.193011
0.385706 -0.0652023 0.892061 -0.226288
0 0 0 0
-0.163856 0.710443 -0.506469 0.460338
0.0538376 0.948676 0.0414665 0.308863
-0.313637 -0.431099 0.0832514 0.841935
-0.283276 -0.490746 0.349634 0.746109
0.353228 0.713993 0.584916 0.152699
0.359342 0.863145 0.0154204 -0.354425
-0.181411 -0.344244 0.386856 0.836019
0.676838 0.381052 0.0582727 -0.627131
0.253987 -0.575095 0.643305 -0.436938
0.144156 0.891008 -0.0886809 -0.421259
0.110633 0.916592 -0.158333 -0.350072
0 0 0 0
0.150979 0.675731 0.710073 -0.128018
0.0735427 0.690406 0.0138263 0.719541
0.293402 0.726664 0.212177 0.583828
0 0 0 0
0.388438 -0.0571967 0.896128 -0.206878
0 0 0 0
0 0 0 0
0 0 0 0
0 0 0 0
