6411288
0 0.941984 -0.367964 3.76133 2 656.975 330.944 350.387 239.863
1 0.90608 -0.0889862 3.71083 2 652.51 293.392 348.005 212.646
2 0.867015 0.184569 3.64716 2 648.045 255.507 345.624 185.188
3 0.801164 0.295149 3.65015 2 635.411 240.153 338.886 174.06
4 0.734876 0.0278563 3.75005 2 619.011 277.444 330.139 201.087
5 0.714235 -0.0590334 3.9172 1 609.565 288.85 325.101 209.355
6 0.83322 -0.206449 3.97656 1 628.454 307.556 335.176 222.912
7 0.873564 -0.255636 4.00013 2 634.617 313.653 338.462 227.332
8 0.97889 0.0674861 3.62018 2 670.778 271.733 357.748 196.949
9 0.785997 0.1107 3.40824 2 643.085 264.719 342.979 191.865
10 0.542941 0.130893 3.26452 2 598.49 260.893 319.195 189.091
11 0.487886 0.132443 3.25944 2 586.989 260.629 313.061 188.901
12 0.863307 -0.376935 3.75095 2 642.866 332.266 342.862 240.822
13 0.574139 -0.260112 3.44465 2 598.779 319.489 319.349 231.562
14 0.393792 -0.606044 3.3491 2 565.043 373.038 301.356 270.373
15 0.277063 -0.570812 3.35365 2 540.881 367.508 288.47 266.365
16 1.00361 -0.352555 3.70179 2 671.377 329.658 358.068 238.931
17 1.14671 -0.318159 3.33165 2 722.397 329.892 385.279 239.101
18 1.43389 -0.530988 3.23339 2 791.597 365.041 422.185 264.577
19 1.33599 -0.545638 3.22948 2 770.951 367.462 411.174 266.331
20 0.877118 0.11674 3.66457 2 649.16 265.031 346.218 192.091
21 0.895595 -0.256121 3.99916 1 638.482 313.729 340.524 227.386
22 0.883841 -0.246179 3.96419 1 637.792 312.741 340.156 226.67
23 0.422065 0.133463 3.25613 2 573.135 260.46 305.672 188.778
24 0.507522 0.194378 3.242 2 591.751 250.832 315.6 181.799
1
0
-0.152812 -0.04878 0.982219 -0.0975432
-0.184796 -0.0455696 0.976707 -0.0990837
-0.21645 -0.0432086 0.965654 -0.137097
0 0 0 0
0.20471 0.850572 -0.471187 -0.112267
0.474462 0.815766 -0.213634 -0.252532
-0.0119785 0.820864 0.358582 0.444363
0.00890983 0.812928 0.370688 0.449064
-0.0522795 0.796973 0.5427 -0.259956
0.734538 -0.57583 0.187103 0.306376
-0.621202 0.604533 -0.387006 -0.314443
-0.511712 0.531859 -0.502157 -0.450683
0.00944082 0.737908 -0.666142 0.107965
0.754899 -0.285616 -0.252486 0.533668
0.231304 0.0109833 -0.12594 0.964633
0 0 0 0
-0.205111 0.563734 0.739201 -0.306129
0.72166 -0.567819 0.149607 -0.366614
-0.186448 0.883864 0.422108 0.0764576
0 0 0 0
-0.217505 -0.0429059 0.967459 -0.12196
0 0 0 0
0 0 0 0
0 0 0 0
0 0 0 0
