6392660
0 -0.029985 0.0123499 2.83473 2 476.692 279.009 254.236 202.222
1 0.0075195 0.30126 2.71149 2 485.863 224.995 259.127 163.073
2 0.0465857 0.582937 2.57444 2 496.44 166.263 264.768 120.505
3 0.136958 0.669398 2.58214 2 520.595 149.439 277.651 108.312
4 -0.042615 0.437675 2.50273 2 472.229 192.58 251.856 139.579
5 -0.0483616 0.172769 2.51948 2 470.767 246.539 251.076 178.688
6 0.0281491 -0.0502895 2.60253 2 491.385 290.976 262.072 210.896
7 0.0432269 -0.109992 2.62764 2 495.257 302.369 264.137 219.153
8 0.113401 0.51057 2.7407 1 512.468 186.752 273.316 135.356
9 0.171884 0.320948 2.97281 2 523.723 226.572 279.319 164.216
10 0.270501 0.169685 3.11073 2 543.738 253.616 289.994 183.817
11 0.299275 0.165569 3.12525 2 549.799 254.407 293.226 184.391
12 -0.066947 0.00582835 2.75131 2 467.245 280.14 249.197 203.042
13 0.00340071 -0.350929 2.94851 2 484.75 341.441 258.533 247.472
14 -0.0256508 -0.667727 3.0964 2 478.244 390.641 255.063 283.132
15 0.0438484 -0.743568 3.05873 2 493.852 404.686 263.388 293.311
16 0.00947608 0.020026 2.84017 2 486.248 277.647 259.332 201.235
17 0.16507 -0.280478 3.16656 2 519.794 326.019 277.224 236.294
18 0.150505 -0.548634 3.38997 2 514.528 363.214 274.415 263.253
19 0.244834 -0.562594 3.40607 2 533.471 364.934 284.518 264.499
20 0.0365743 0.513712 2.61112 2 493.61 181.434 263.259 131.501
21 0.0737782 -0.16684 2.66597 2 502.971 312.851 268.251 226.75
22 -0.0129382 -0.0654148 2.67896 2 480.64 293.551 256.341 212.762
23 0.351578 0.131694 3.15365 2 560.625 260.078 299 188.501
24 0.268074 0.14412 3.11555 2 543.104 257.812 289.656 186.858
0
2
0.407867 -0.027963 0.888992 -0.206292
0.438495 -0.0351105 0.874291 -0.205197
0.46414 -0.0574445 0.850187 -0.241777
0 0 0 0
-0.152481 0.696978 -0.479917 0.51054
0.0333704 0.938465 0.000691677 0.343758
-0.197247 -0.260122 0.122461 0.937248
-0.165816 -0.271622 0.153709 0.935468
0.445689 0.672333 0.539383 0.241652
0.0160331 0.251965 0.435045 0.864287
-0.369124 -0.442081 0.175749 0.798388
0.660001 0.370899 0.0325915 -0.652511
0.284561 -0.548823 0.619175 -0.484191
0.262086 0.89688 -0.00926114 -0.356134
0.187621 0.91396 -0.115276 -0.340861
0 0 0 0
0.21131 0.630404 0.741593 -0.0893278
-0.0163511 0.35782 0.424443 0.831592
0.0134752 -0.0240277 0.340597 0.939806
0 0 0 0
0.467796 -0.0492691 0.854304 -0.221144
0 0 0 0
0 0 0 0
0 0 0 0
0 0 0 0
