6379171
0 0.0546715 0.00789966 2.85705 2 497.099 279.813 265.119 202.805
1 0.0328245 0.293751 2.71145 2 492.28 226.398 262.549 164.09
2 0.0124711 0.568921 2.551 2 487.329 168.011 259.909 121.772
3 0.0986472 0.658546 2.54635 2 510.714 149.768 272.381 108.55
4 -0.0771594 0.42731 2.49324 2 462.643 194.354 246.743 140.865
5 -0.0838744 0.184058 2.51591 2 461.047 244.216 245.892 177.005
6 -0.00939676 -0.0451218 2.6002 2 481.475 289.981 256.786 210.174
7 0.0109174 -0.118654 2.63052 2 486.807 304.01 259.631 220.343
8 0.0794234 0.496558 2.71725 1 504.094 188.569 268.85 136.672
9 0.174963 0.266992 2.89295 1 525.541 234.515 280.289 169.974
10 0.214865 0.12191 3.05527 2 532.285 261.033 283.886 189.193
11 0.237235 0.120497 3.04457 2 537.51 261.195 286.672 189.31
12 0.0160221 -0.000939155 2.77493 2 487.922 281.382 260.225 203.942
13 -0.00085288 -0.351651 2.9496 2 483.758 341.543 258.004 247.546
14 -0.014763 -0.671104 3.09543 2 480.668 391.233 256.356 283.56
15 0.0580939 -0.746362 3.05421 2 497.087 405.341 265.113 293.785
16 0.0915592 0.0146952 2.85938 2 505.95 278.613 269.84 201.935
17 0.151488 -0.274022 3.18678 2 516.634 324.706 275.538 235.343
18 0.11108 -0.544681 3.39507 2 506.483 362.491 270.124 262.729
19 0.167521 -0.558678 3.43881 2 517.503 363.534 276.001 263.484
20 0.017105 0.501441 2.59358 2 488.501 183.171 260.534 132.76
21 0.0245952 -0.181956 2.66099 2 490.307 315.783 261.497 228.875
22 -0.00227723 -0.146231 2.60017 2 483.355 309.64 257.789 224.423
23 0.280493 0.0829995 3.06444 2 546.874 267.511 291.666 193.888
24 0.215455 0.0836259 3.03321 2 532.767 267.27 284.142 193.714
1
0
0.382634 -0.123858 0.893361 -0.200394
0.408518 -0.129648 0.881825 -0.196697
0.432004 -0.151751 0.857622 -0.234156
0 0 0 0
-0.143093 0.739075 -0.49242 0.436825
0.0483976 0.944925 0.00204006 0.323683
0.19979 0.94709 0.105969 -0.22776
0.213552 0.948186 0.0807293 -0.220955
0.439156 0.657071 0.538074 0.293047
0.350548 0.808638 -0.0107337 -0.47234
0.397367 0.908582 0.119823 0.0471342
-0.553196 -0.135739 -0.406844 0.714162
-0.333455 0.606316 -0.583391 0.425258
0.205759 0.908753 -0.102539 -0.348306
0.190927 0.911844 -0.0951484 -0.350762
0 0 0 0
0.200336 0.627119 0.741808 -0.127703
0.0904848 0.354892 0.405196 0.837664
-0.0105395 -0.209892 0.326169 0.921655
0 0 0 0
0.43369 -0.144727 0.863611 -0.212471
0 0 0 0
0 0 0 0
0 0 0 0
0 0 0 0
