6400420
0 0.88734 -0.27793 3.57453 2 655.404 320.726 349.549 232.458
1 0.807445 -0.0533086 3.58756 2 639.218 288.754 340.916 209.285
2 0.723605 0.165607 3.594 2 622.76 257.835 332.139 186.875
3 0.644379 0.289638 3.6126 2 606.883 240.553 323.671 174.349
4 0.662866 0.0408123 3.73124 2 606.322 275.667 323.372 199.8
5 0.781248 -0.0753623 3.82977 1 624.584 291.193 333.111 211.053
6 0.898137 -0.177338 3.94745 1 640.945 304.02 341.837 220.35
7 0.93786 -0.211395 3.99044 1 646.172 308.116 344.625 223.318
8 0.839903 0.190313 3.50607 2 649.325 253.638 346.307 183.833
9 0.825372 0.132628 3.29498 2 656.923 260.759 350.359 188.994
10 0.688946 0.0115792 3.13542 2 635.506 279.336 338.937 202.459
11 0.601401 -0.0619686 3.06349 2 619.256 291.469 330.27 211.253
12 0.841376 -0.30307 3.60577 2 645.048 323.909 344.026 234.765
13 0.582518 -0.264283 3.37847 2 602.759 320.873 321.472 232.564
14 0.630706 -0.534747 3.58675 1 605.281 356.904 322.817 258.679
15 0.561536 -0.552546 3.45232 2 596.173 362.463 317.959 262.708
16 0.917939 -0.241194 3.47863 2 666.285 316.464 355.352 229.369
17 1.07708 -0.391972 3.19215 2 717.719 343.81 382.783 249.189
18 1.33935 -0.400808 3.40917 2 756.418 341.209 403.423 247.303
19 1.35549 -0.481737 3.36893 2 763.053 354.199 406.961 256.719
20 0.744968 0.111354 3.59348 2 626.893 265.489 334.343 192.423
21 0.959739 -0.211987 3.98951 1 650.026 308.203 346.681 223.381
22 0.947411 -0.199817 3.95405 1 649.354 306.88 346.322 222.422
23 0.556326 -0.0669345 3.04584 2 609.788 292.351 325.22 211.892
24 0.597242 -0.110365 3.07789 2 617.691 299.396 329.435 216.998
0
2
-0.449887 -0.163747 0.876349 -0.0529288
-0.414483 -0.165732 0.893638 -0.0463383
-0.374342 -0.174125 0.90834 -0.0668308
0 0 0 0
0.346414 0.787584 -0.422706 -0.284655
-0.00481195 0.681705 0.445969 0.579972
0.104105 0.733078 0.476747 0.473783
0.1197 0.723934 0.483966 0.476833
-0.234051 0.435349 0.840347 -0.222503
-0.59132 0.759936 0.137232 -0.232389
0.232696 0.191984 -0.442823 0.844335
0.277596 0.227815 -0.38821 0.848725
0.196686 0.818986 -0.505209 -0.187992
0.739478 -0.371946 -0.0954703 0.552914
-0.225165 -0.476386 0.238823 0.815672
0 0 0 0
-0.371637 0.402978 0.730272 -0.407674
-0.528407 0.803329 0.10864 0.252281
0.0769653 0.598787 0.693616 0.392973
0 0 0 0
-0.376893 -0.173034 0.908388 -0.0533052
0 0 0 0
0 0 0 0
0 0 0 0
0 0 0 0
