6412834
0 0.0690467 0.103566 3.04531 2 499.53 264.022 266.416 191.359
1 0.171615 0.394418 2.9417 2 524.104 213.315 279.522 154.608
2 0.27556 0.674917 2.83074 2 551.183 160.05 293.964 116.002
3 0.380755 0.733512 2.85812 2 576.056 150.652 307.23 109.191
4 0.140544 0.550498 2.73252 2 519.417 179.005 277.022 129.74
5 0.147425 0.234818 2.75637 2 520.725 238.116 277.72 172.583
6 0.232747 0.0294573 2.82225 2 540.632 275.932 288.337 199.992
7 0.221035 0.00867629 2.85611 2 537.137 279.675 286.473 202.704
8 0.367431 0.595345 2.95788 1 569.681 179.002 303.83 129.738
9 0.357081 0.282317 2.86175 1 569.855 231.237 303.922 167.597
10 0.399146 0.227503 3.15726 1 570.955 244.722 304.509 177.372
11 0.437151 0.186579 3.19296 1 578.181 251.618 308.363 182.369
12 0.0264347 0.111242 2.96297 2 490.085 262.235 261.378 190.064
13 0.131258 -0.326923 3.05512 2 513.501 335.358 273.867 243.063
14 0.0207173 -0.669564 3.14281 2 488.502 389.312 260.534 282.168
15 0.0814644 -0.734151 3.07832 2 502.221 402.332 267.851 291.605
16 0.109882 0.0962736 3.04902 2 508.712 265.25 271.313 192.25
17 0.26865 -0.172989 3.26793 1 540.467 307.987 288.249 223.225
18 0.0552734 -0.521464 3.22929 1 495.741 363.019 264.395 263.111
19 0.0837644 -0.636605 3.17253 2 502.157 382.993 267.817 277.588
20 0.24995 0.606381 2.86056 2 544.241 173.592 290.262 125.817
21 0.19264 -0.0412013 2.91413 2 529.376 288.359 282.334 208.999
22 0.179254 0.0259698 2.8695 2 526.875 276.635 281 200.501
23 0.434805 0.181844 3.18142 1 578.014 252.265 308.274 182.838
24 0.432358 0.178609 3.17086 1 577.794 252.686 308.157 183.143
2
0
0.351815 0.0918711 0.907312 -0.211117
0.370114 0.0875774 0.900003 -0.212934
0.382031 0.0768304 0.887564 -0.245721
0 0 0 0
-0.126516 0.647539 -0.571428 0.488014
0.0332644 0.960931 0.0207918 0.273992
-0.22991 -0.356457 0.0664939 0.903138
-0.114556 -0.463628 0.485815 0.732059
0.378712 0.728354 0.566126 0.0746947
0.109323 -0.648174 -0.101575 0.746727
0.6334 0.737131 -0.0921652 -0.216675
0.403067 0.821915 0.16984 -0.364894
0.229428 -0.483363 0.699013 -0.47445
0.128244 0.953095 0.0844886 -0.260816
0.0527393 0.905277 -0.186776 -0.377897
0 0 0 0
0.141831 0.759837 0.626368 -0.100969
-0.300642 -0.248919 0.238378 0.889286
0.250037 0.236149 -0.113856 0.932068
0 0 0 0
0.387073 0.084701 0.889709 -0.226757
0 0 0 0
0 0 0 0
0 0 0 0
0 0 0 0
