6415331
0 0.116794 0.0658518 3.02248 2 510.5 270.198 272.267 195.836
1 0.143128 0.353947 2.87763 2 518.173 218.946 276.359 158.689
2 0.166273 0.6338 2.71918 2 526.161 162.831 280.619 118.018
3 0.273175 0.697811 2.71366 2 553.52 150.453 295.211 109.046
4 0.048135 0.512248 2.66343 2 496.411 183.686 264.752 133.133
5 0.00329284 0.250672 2.69159 2 484.798 234.106 258.559 169.677
6 0.0726984 0.0361244 2.76339 2 502.025 274.604 267.747 199.029
7 0.0722385 -0.0127336 2.79418 2 501.713 283.514 267.58 205.487
8 0.249571 0.514422 2.95248 2 542.208 192.858 289.177 139.781
9 0.369132 0.352397 3.05821 1 567.068 222.826 302.436 161.501
10 0.590411 0.282333 3.01711 1 618.911 233.723 330.086 169.399
11 0.669349 0.243373 3.03615 1 636.085 240.508 339.246 174.317
12 0.0757842 0.0579429 2.93791 2 501.674 271.243 267.559 196.593
13 0.0618908 -0.294044 3.03847 2 497.959 330.163 265.578 239.298
14 0.00467889 -0.655826 3.14784 2 484.981 386.909 258.657 280.426
15 0.0609276 -0.72825 3.09094 2 497.56 400.854 265.365 290.533
16 0.154881 0.0722756 3.02885 2 519.086 269.148 276.846 195.075
17 0.20116 -0.227736 3.24922 2 526.511 316.662 280.806 229.512
18 0.182283 -0.511278 3.39868 2 520.879 357.417 277.802 259.051
19 0.242041 -0.558886 3.41735 2 532.742 364.103 284.129 263.897
20 0.160848 0.565107 2.76124 2 524.124 177.367 279.533 128.553
21 0.101511 -0.0748078 2.81391 2 508.736 294.648 271.326 213.557
22 0.0654262 0.0271937 2.82359 2 499.871 276.343 266.598 200.29
23 0.730431 0.195766 3.04669 1 649.47 248.569 346.384 180.159
24 0.617681 0.245082 3.0214 1 624.958 240.043 333.311 173.98
0
0
0.39487 -0.0552672 0.888429 -0.227411
0.394273 -0.0551143 0.888695 -0.227448
0.386384 -0.0767648 0.881003 -0.262008
0 0 0 0
-0.103005 0.702437 -0.567847 0.416559
0.0701352 0.971119 -0.0708548 0.216768
-0.135751 0.0869863 0.168137 0.972489
0.0132545 0.0315564 0.277137 0.960221
0.440779 0.739433 0.434547 0.264803
-0.201272 0.262121 0.321381 0.88741
-0.436243 -0.427886 -0.401339 0.6823
-0.480746 -0.533312 -0.229328 0.657168
0.268228 -0.557423 0.621392 -0.480839
0.122108 0.922127 -0.0683278 -0.360698
0.100931 0.899039 -0.128832 -0.406132
0 0 0 0
0.240108 0.638806 0.724151 -0.0993943
0.058507 0.363282 0.310933 0.876312
0.0393743 0.0368155 0.238549 0.969633
0 0 0 0
0.390374 -0.0656639 0.88562 -0.242844
0 0 0 0
0 0 0 0
0 0 0 0
0 0 0 0
