6385253
0 0.793532 0.318915 3.28259 2 650.917 231.835 347.156 168.031
1 0.768924 0.569918 3.15729 2 652.401 189.34 347.947 137.231
2 0.741093 0.815462 3.02177 2 653.89 143.617 348.741 104.091
3 0.68847 0.931589 2.96096 2 645.16 120.701 344.086 87.4821
4 0.627421 0.778598 3.17238 2 620.802 156.25 331.094 113.248
5 0.596217 0.66082 3.35539 2 606.7 181.103 323.573 131.261
6 0.623286 0.432904 3.49857 2 606.819 218.417 323.637 158.306
7 0.621645 0.36456 3.53589 1 605.151 228.911 322.747 165.912
8 0.827529 0.716843 2.93035 2 679.671 156.457 362.491 113.398
9 0.766047 0.527219 2.85259 2 669.83 187.078 357.243 135.591
10 0.562379 0.513246 2.81004 2 622.23 188.352 331.856 136.515
11 0.457701 0.507511 2.79526 2 596.985 188.988 318.392 136.976
12 0.739648 0.326064 3.27795 2 639.726 230.681 341.187 167.194
13 0.640506 -0.0606258 3.41251 2 613.28 290.218 327.083 210.346
14 0.63179 -0.388966 3.62374 2 604.146 335.66 322.211 243.282
15 0.586947 -0.472531 3.59157 2 596.634 347.962 318.205 252.198
16 0.830765 0.305655 3.21945 2 662.267 232.936 353.209 168.829
17 0.962966 -0.0375004 3.42777 2 678.122 286.775 361.665 207.85
18 1.02511 -0.345557 3.66891 2 677.156 329.134 361.15 238.552
19 0.946049 -0.414288 3.60267 2 665.484 339.706 354.925 246.214
20 0.748625 0.755076 3.05756 2 653.533 155.353 348.551 112.598
21 0.625095 0.306524 3.54089 2 605.623 237.309 322.999 171.999
22 0.609253 0.362639 3.52637 2 603.045 229.051 321.624 166.013
23 0.396118 0.49443 2.76383 2 582.839 190.39 310.847 137.992
24 0.410286 0.535614 2.77989 2 585.83 183.349 312.443 132.889
0
0
-0.293079 0.0261066 0.927228 -0.231669
-0.354598 0.0415831 0.905488 -0.229397
-0.41499 0.0634262 0.869158 -0.261389
0 0 0 0
0.416786 0.646098 -0.62932 -0.113154
0.378049 0.769074 -0.298714 -0.41997
-0.132654 -0.288729 0.247276 0.915365
-0.0680061 -0.306881 0.237976 0.919003
-0.204943 0.616605 0.578155 -0.493492
-0.177691 0.96931 -0.159128 0.059517
0.588591 -0.491446 0.346492 0.540356
0.580414 -0.471204 0.368832 0.552314
-0.139802 -0.634753 0.738903 -0.17767
0.0272239 -0.46966 0.200737 0.859292
-0.129222 -0.474181 0.250813 0.833994
0 0 0 0
-0.231652 0.60238 0.597772 -0.475547
0.162745 0.858767 0.259906 0.410465
0.263647 0.86596 0.204076 0.372768
0 0 0 0
-0.417198 0.0601941 0.874137 -0.241259
0 0 0 0
0 0 0 0
0 0 0 0
0 0 0 0
