6413774
0 0.0594255 0.0792881 3.03489 2 497.405 268.007 265.283 194.248
1 0.167718 0.374426 2.94191 2 523.182 216.772 279.031 157.114
2 0.27235 0.660504 2.83602 2 550.263 162.881 293.474 118.054
3 0.375273 0.720416 2.8587 2 574.696 153.031 306.504 110.915
4 0.127585 0.546304 2.73281 2 516.141 179.803 275.275 130.318
5 0.125975 0.226447 2.76177 2 515.31 239.739 274.832 173.759
6 0.201264 0.018471 2.83082 2 532.809 277.912 284.165 201.427
7 0.185233 -0.00403162 2.86045 2 528.448 281.923 281.839 204.334
8 0.311798 0.50773 3.03082 2 554.857 196.254 295.924 142.242
9 0.278314 0.285756 3.09457 1 545.821 234.47 291.105 169.941
10 0.335109 0.373268 3.37924 1 552.204 225.272 294.509 163.274
11 0.373164 0.332293 3.41502 1 559.154 231.937 298.216 168.105
12 0.0197179 0.0860885 2.94489 2 488.555 266.436 260.563 193.109
13 0.103072 -0.324384 3.05431 2 507.161 334.948 270.486 242.765
14 0.015642 -0.668265 3.14248 2 487.389 389.112 259.941 282.023
15 0.0783092 -0.733885 3.07755 2 501.518 402.318 267.476 291.595
16 0.0931003 0.0623223 3.03932 2 504.996 270.847 269.331 196.306
17 0.234673 -0.23506 3.28479 2 533.07 317.41 284.304 230.055
18 0.114853 -0.614483 3.36388 2 507.479 373.819 270.656 270.939
19 0.212047 -0.58656 3.4027 2 526.887 368.595 281.006 267.153
20 0.246742 0.590266 2.86488 2 543.366 176.631 289.795 128.02
21 0.162453 -0.0452626 2.91888 2 522.192 289.05 278.502 209.499
22 0.15214 -0.00980709 2.85738 2 520.534 282.946 277.618 205.075
23 0.373188 0.328387 3.40449 1 559.391 232.366 298.342 168.416
24 0.369056 0.323361 3.39292 1 558.807 232.951 298.031 168.84
3
0
0.384166 0.0983844 0.895845 -0.200494
0.404334 0.0938236 0.886925 -0.202669
0.416382 0.0690476 0.874572 -0.238709
0 0 0 0
-0.13002 0.63888 -0.602605 0.460212
0.0439659 0.957244 0.0105043 0.285727
0.21821 0.825231 0.0600369 -0.517469
0.201261 0.710615 -0.42634 -0.522259
0.413033 0.799132 0.345412 0.267363
-0.0340762 -0.638989 0.152442 0.753189
0.796321 0.565537 -0.10097 -0.18933
0.39539 0.837093 0.187255 -0.328447
0.254265 -0.475306 0.685442 -0.489493
0.155141 0.916191 0.0429359 -0.36699
0.0654001 0.907075 -0.159506 -0.384052
0 0 0 0
0.120774 0.846214 0.511841 -0.0857621
-0.264261 -0.246046 0.261124 0.895233
0.121205 -0.241499 0.132924 0.953582
0 0 0 0
0.421739 0.0801624 0.875969 -0.219976
0 0 0 0
0 0 0 0
0 0 0 0
0 0 0 0
