6402639
0 0.0771132 0.0253897 2.90165 2 502.209 276.788 267.845 200.613
1 0.0630485 0.312536 2.75606 2 499.688 223.829 266.5 162.228
2 0.0570041 0.592597 2.60158 2 499.074 165.571 266.173 120.003
3 0.140986 0.673226 2.60779 2 521.3 149.993 278.027 108.713
4 -0.0345237 0.453726 2.52993 2 474.557 190.306 253.097 137.931
5 -0.030682 0.185541 2.53922 2 475.654 244.264 253.682 177.039
6 0.0418318 -0.042204 2.60872 2 494.97 289.387 263.984 209.744
7 0.0718113 -0.111282 2.63118 2 502.705 302.59 268.109 219.313
8 0.149664 0.512912 2.72875 1 521.756 185.888 278.27 134.729
9 0.236847 0.285632 2.91559 1 539.834 231.625 287.911 167.878
10 0.253716 0.152173 3.09516 2 540.303 256.343 288.161 185.794
11 0.252062 0.130013 3.13983 2 539.134 260.268 287.538 188.639
12 0.033366 0.0193943 2.81798 2 492.088 277.733 262.447 201.297
13 0.00740921 -0.338843 2.98153 2 485.665 338.716 259.022 245.497
14 -0.0132256 -0.652227 3.13174 2 481.045 386.869 256.557 280.397
15 0.0485875 -0.728888 3.09231 2 494.8 400.905 263.893 290.57
16 0.118655 0.0301051 2.90647 2 511.998 275.975 273.066 200.023
17 0.180549 -0.302817 3.22806 2 522.413 328.672 278.62 238.217
18 0.159282 -0.541114 3.39444 2 516.266 361.98 275.342 262.358
19 0.202327 -0.600476 3.40706 2 524.87 370.561 279.931 268.578
20 0.0581857 0.523736 2.64242 2 499.134 180.685 266.205 130.958
21 0.0882462 -0.164949 2.65949 2 506.756 312.57 270.27 226.546
22 0.0438622 -0.126597 2.61174 2 495.493 305.713 264.263 221.577
23 0.293513 0.0936899 3.17518 2 547.5 266.285 292 193
24 0.213073 0.123782 3.11406 2 530.976 261.111 283.187 189.249
3
0
0.359792 -0.106807 0.90337 -0.207519
0.365325 -0.108078 0.901147 -0.20686
0.371114 -0.108829 0.890102 -0.24114
0 0 0 0
-0.167834 0.716778 -0.505338 0.450216
0.013647 0.93455 0.0128475 0.355339
0.205432 0.73475 0.0175633 -0.646244
0.241077 0.722637 0.0484569 -0.646011
0.347434 0.719555 0.580018 0.158458
0.359645 0.82445 -0.0181473 -0.436588
-0.339593 -0.615953 0.295425 0.646531
0.362757 0.607134 -0.382521 -0.594536
0.288523 -0.578794 0.620539 -0.44349
0.183136 0.902381 -0.112261 -0.373587
0.191961 0.897564 -0.114307 -0.380085
0 0 0 0
0.211535 0.656468 0.715034 -0.11414
0.0882494 0.381762 0.368464 0.843033
0.103114 0.209403 0.283718 0.930066
0 0 0 0
0.372627 -0.103528 0.895189 -0.221512
0 0 0 0
0 0 0 0
0 0 0 0
0 0 0 0
