6391078
0 0.958095 -0.323557 3.75774 2 660.104 324.984 352.055 235.544
1 0.91014 -0.0924405 3.71559 2 653.053 293.849 348.295 212.978
2 0.863074 0.134206 3.66171 2 646.625 262.598 344.867 190.327
3 0.816073 0.260198 3.64393 2 638.499 244.952 340.533 177.538
4 0.742903 0.0817702 3.74904 2 620.537 270.149 330.953 195.8
5 0.758298 -0.052708 3.88397 1 618.508 288.093 329.871 208.806
6 0.859204 -0.138475 4.02477 1 631.177 298.67 336.628 216.472
7 0.89357 -0.167107 4.07549 1 635.195 302.023 338.771 218.902
8 0.986163 0.111079 3.5904 2 673.762 265.479 359.34 192.415
9 0.878289 0.02113 3.37635 2 663.617 278.03 353.929 201.512
10 0.723217 -0.014473 3.23309 2 638.259 283.483 340.405 205.465
11 0.626753 -0.0673931 3.17979 2 619.806 291.96 330.563 211.608
12 0.893698 -0.3261 3.75107 2 648.469 325.383 345.85 235.833
13 0.625641 -0.272622 3.41692 2 610.16 321.677 325.419 233.147
14 0.535091 -0.596634 3.28544 2 596.379 373.451 318.069 270.673
15 0.482766 -0.665285 3.19602 2 588.271 386.991 313.745 280.486
16 1.00504 -0.314377 3.69734 2 671.852 324.46 358.321 235.164
17 1.11568 -0.23246 3.35615 2 714.14 316.502 380.875 229.397
18 1.33303 -0.481366 3.40098 1 755.809 353.448 403.098 256.174
19 1.27373 -0.551586 3.31322 1 750.603 366.18 400.322 265.402
20 0.875035 0.0781119 3.67748 2 648.174 270.424 345.693 195.999
21 0.887483 -0.167117 4.07388 1 634.217 302.031 338.249 218.908
22 0.84725 -0.192667 4.10341 1 626.326 305.034 334.041 221.084
23 0.566816 -0.0890316 3.15104 2 607.873 295.533 324.199 214.198
24 0.614535 -0.112377 3.15143 2 618.357 299.296 329.79 216.925
1
0
-0.215934 -0.079162 0.96712 -0.108559
-0.244097 -0.0759566 0.960398 -0.110825
-0.266644 -0.0618204 0.948897 -0.157076
0 0 0 0
0.275016 0.694825 -0.660708 -0.0710591
0.367236 0.906176 0.115411 0.175107
-0.467768 -0.383925 0.243602 0.757926
-0.471461 -0.386757 0.256959 0.749744
-0.13782 0.549033 0.771167 -0.291324
-0.51017 0.821976 -0.253092 -0.00518283
-0.150821 -0.424352 0.627779 -0.63488
0.209977 0.519398 -0.48937 0.668321
0.0180464 0.714834 -0.692859 0.0929149
0.670231 -0.276097 -0.335751 0.601525
0.205914 -0.495839 -0.0953179 0.838247
0 0 0 0
-0.233843 0.550635 0.710558 -0.370439
0.754533 -0.521889 0.204952 -0.341039
-0.0738801 0.856111 0.348336 0.374537
0 0 0 0
-0.270124 -0.0662507 0.951547 -0.131158
0 0 0 0
0 0 0 0
0 0 0 0
0 0 0 0
