422130
0 -0.160942 -0.132982 2.54136 2 440.435 307.672 234.899 222.997
1 -0.176704 0.10636 2.45734 2 434.538 259.322 231.754 187.953
2 -0.190517 0.340274 2.36336 2 428.453 208.264 228.508 150.947
3 -0.146286 0.453828 2.34606 2 440.974 183.088 235.186 132.699
4 -0.268796 0.204453 2.30674 2 403.766 236.328 215.342 171.287
5 -0.281869 -0.0116122 2.32841 2 400.7 283.735 213.707 205.647
6 -0.239131 -0.180888 2.38023 2 414.854 319.675 221.255 231.696
7 -0.21807 -0.223304 2.41609 2 421.871 327.993 224.998 237.725
8 -0.0831896 0.219926 2.5566 2 461.591 237.702 246.182 172.283
9 0.0227618 0.067992 2.6171 2 489.93 268.081 261.296 194.301
10 0.206217 0.0514313 2.59042 2 538.665 271.171 287.288 196.541
11 0.247012 0.0521166 2.57748 2 549.835 270.983 293.245 196.405
12 -0.200073 -0.1441 2.45826 2 428.007 310.864 228.27 225.31
13 -0.170054 -0.502201 2.6083 2 439.014 378.875 234.141 274.604
14 -0.199975 -0.863817 2.75335 2 433.692 440.982 231.302 319.618
15 -0.1049 -0.894485 2.7616 2 457.665 446.18 244.088 323.385
16 -0.117016 -0.118627 2.56358 2 452.596 304.605 241.384 220.774
17 -0.10984 -0.394441 2.73989 1 456.366 354.118 243.395 256.66
18 -0.13104 -0.794173 2.8663 2 452.359 422.123 241.258 305.949
19 -0.0489001 -0.844878 2.87958 2 472.215 430.494 251.848 312.016
20 -0.18736 0.282611 2.38871 2 429.985 221.306 229.326 160.399
21 -0.199757 -0.298712 2.4349 2 427.497 343.337 227.999 248.846
22 -0.196736 -0.196832 2.40807 2 427.775 322.572 228.147 233.796
23 0.283072 0.0440982 2.56231 2 559.92 272.503 298.624 197.506
24 0.258498 0.00872505 2.57446 2 552.982 279.496 294.924 202.575
1
0
0.430942 -0.101668 0.886091 -0.137094
0.41729 -0.0995518 0.892602 -0.138638
0.401305 -0.107578 0.892254 -0.176814
0 0 0 0
-0.145021 0.785808 -0.445891 0.403306
0.0564092 0.956394 -0.0145375 0.286211
-0.027946 0.505201 0.185665 0.84233
-0.00264634 0.46317 0.378139 0.801547
0.34957 0.748793 0.476021 0.300855
-0.258794 0.148078 0.207775 0.931626
-0.457981 -0.464301 -0.495747 0.573509
-0.438525 -0.396617 -0.561873 0.578523
-0.335214 0.617293 -0.572322 0.423118
0.198694 0.925711 -0.0271961 -0.320688
0.188672 0.981103 -0.0412707 -0.0116922
0 0 0 0
0.288676 0.59707 0.746086 0.0594018
0.0808207 0.313447 0.268865 0.907155
0.0273267 0.0114729 0.152087 0.987923
0 0 0 0
0.402314 -0.101626 0.896284 -0.156495
0 0 0 0
0 0 0 0
0 0 0 0
0 0 0 0
