405735
0 0.67943 0.0273116 2.76259 2 653.734 276.189 348.658 200.178
1 0.686924 0.302908 2.6333 2 664.274 222.701 354.28 161.411
2 0.689772 0.57088 2.49251 2 675.681 164.448 360.363 119.189
3 0.623362 0.66795 2.45314 2 660.059 142.357 352.032 103.178
4 0.600316 0.52571 2.68739 2 638.429 181.669 340.495 131.671
5 0.580131 0.271487 2.82189 2 625.783 232.372 333.751 168.42
6 0.554534 0.048863 2.85479 2 617.822 272.531 329.505 197.527
7 0.54699 0.0188345 2.87147 2 615.216 277.885 328.115 201.407
8 0.774698 0.439053 2.42253 2 705.553 188.797 376.295 136.838
9 0.808068 0.213986 2.44339 2 712.971 236.585 380.251 171.473
10 0.753548 -0.0262957 2.52403 2 690.42 286.512 368.224 207.66
11 0.731792 -0.0888926 2.55308 2 682.112 298.923 363.793 216.655
12 0.642154 0.0358047 2.77048 2 643.887 274.649 343.406 199.062
13 0.694029 -0.296846 2.9744 2 645.075 331.92 344.04 240.571
14 0.743193 -0.607907 3.16745 2 646.242 378.89 344.663 274.615
15 0.686488 -0.663781 3.17411 2 633.534 387.637 337.885 280.954
16 0.698303 0.01812 2.68131 2 663.828 277.776 354.042 201.328
17 0.815425 -0.340161 2.79809 2 685.601 343.109 365.654 248.68
18 0.88677 -0.680325 2.9775 2 690.37 397.739 368.197 288.276
19 0.838581 -0.756642 2.91059 2 683.694 413.826 364.637 299.935
20 0.689799 0.505073 2.52982 2 672.751 179.49 358.801 130.092
21 0.549538 -0.0228755 2.85441 2 616.624 285.274 328.866 206.763
22 0.563632 -0.00455272 2.80993 2 622.215 282.033 331.848 204.413
23 0.718603 -0.154616 2.58412 2 676.175 311.644 360.627 225.875
24 0.691025 -0.0854452 2.5366 2 672.198 298.338 358.506 216.232
1
1
-0.463523 0.114405 0.858877 -0.185439
-0.462595 0.114204 0.859378 -0.185563
-0.459762 0.121097 0.850636 -0.224439
0 0 0 0
0.451615 0.612261 -0.593819 -0.261837
-0.132123 -0.642066 0.204134 0.727066
0.0873493 0.942658 -0.0302262 0.320706
0.268863 0.913401 -0.0278484 0.304361
-0.167151 0.707689 0.504743 -0.465265
0.0648841 0.954612 0.0571239 -0.285033
0.0592573 0.774641 -0.18185 -0.602785
0.0682818 0.761665 -0.25059 -0.59364
-0.242379 -0.621867 0.741645 -0.0670476
-0.138649 -0.25847 0.241284 0.925069
-0.112255 -0.15444 0.25758 0.947206
0 0 0 0
-0.407047 0.576065 0.528738 -0.472121
0.111024 0.948703 0.183601 0.232221
0.16221 0.846785 0.197102 0.466684
0 0 0 0
-0.461106 0.11688 0.85582 -0.203205
0 0 0 0
0 0 0 0
0 0 0 0
0 0 0 0
