404249
0 0.689509 0.0207146 2.74927 2 657.116 277.383 350.462 201.043
1 0.696875 0.296552 2.62244 2 667.666 223.684 356.089 162.123
2 0.699821 0.564484 2.48401 2 679.153 165.353 362.215 119.846
3 0.633702 0.659079 2.43916 2 664.017 143.408 354.142 103.94
4 0.602919 0.507826 2.67369 2 639.882 184.57 341.271 133.774
5 0.53773 0.290629 2.802 2 616.311 228.573 328.699 165.666
6 0.430255 0.104873 2.87373 2 587.012 262.727 313.073 190.421
7 0.421253 0.0476162 2.89508 2 584.091 272.882 311.515 197.781
8 0.785348 0.433781 2.41054 2 709.741 189.443 378.528 137.306
9 0.814548 0.207067 2.43293 2 715.821 237.838 381.771 172.382
10 0.761539 -0.0264102 2.51042 2 693.773 286.565 370.012 207.698
11 0.742954 -0.0896583 2.54629 2 685.706 299.126 365.71 216.803
12 0.651273 0.0293766 2.75662 2 646.998 275.799 345.065 199.895
13 0.694896 -0.292687 2.96695 2 645.683 331.336 344.364 240.148
14 0.744002 -0.610597 3.16812 2 646.388 379.304 344.741 274.915
15 0.66139 -0.652327 3.19046 2 627.282 385.231 334.55 279.21
16 0.709376 0.0116012 2.66905 2 667.553 279.001 356.028 202.216
17 0.819253 -0.339983 2.78844 2 687.264 343.295 366.541 248.815
18 0.887528 -0.680214 2.97443 2 690.762 397.842 368.406 288.35
19 0.840743 -0.75559 2.91305 2 684.04 413.53 364.821 299.721
20 0.699832 0.498727 2.52079 2 676.199 180.4 360.639 130.751
21 0.412925 0.0111926 2.89263 2 582.185 279.252 310.498 202.398
22 0.452484 0.0254205 2.8996 2 591.375 276.77 315.4 200.599
23 0.726396 -0.158412 2.58026 2 678.575 312.442 361.907 226.454
24 0.705388 -0.0749099 2.53055 2 676.608 296.265 360.858 214.729
0
1
-0.45507 0.110578 0.864325 -0.183374
-0.451709 0.109864 0.866086 -0.183802
-0.446426 0.116301 0.858532 -0.22383
0 0 0 0
0.427887 0.64144 -0.584817 -0.251906
0.0478417 -0.28611 0.284446 0.913752
0.296253 0.412824 0.0420706 0.860256
0.150068 0.474332 0.118244 0.859365
-0.175112 0.705635 0.508271 -0.461602
0.0651882 0.954569 0.0469965 -0.286951
0.0435382 0.72526 -0.184948 -0.661738
0.0947741 0.703719 -0.263868 -0.652818
-0.233511 -0.621557 0.744349 -0.071304
-0.136751 -0.270704 0.255606 0.917978
-0.0676871 -0.000620035 0.276505 0.958626
0 0 0 0
-0.401094 0.577709 0.533218 -0.470164
0.116291 0.945404 0.180253 0.245349
0.171777 0.847568 0.195992 0.462287
0 0 0 0
-0.447744 0.11218 0.863831 -0.201837
0 0 0 0
0 0 0 0
0 0 0 0
0 0 0 0
