397410
0 0.707362 0.0156311 2.74067 2 662.201 278.312 353.174 201.717
1 0.716112 0.306097 2.60941 2 673.741 221.517 359.329 160.553
2 0.720209 0.588435 2.46652 2 686.337 159.537 366.046 115.63
3 0.649723 0.685094 2.47015 2 666.282 139.743 355.351 101.284
4 0.658358 0.511495 2.59401 2 659.6 180.796 351.787 131.038
5 0.748469 0.276168 2.39264 1 700.525 222.41 373.613 161.2
6 0.683983 0.107807 2.63408 1 663.313 260.409 353.767 188.741
7 0.614911 0.115834 2.64793 2 644.212 258.997 343.58 187.717
8 0.777501 0.438707 2.39146 2 709.275 187.658 378.28 136.012
9 0.784766 0.19295 2.41701 2 708.744 240.542 377.997 174.341
10 0.726677 -0.0198443 2.49891 2 685.007 285.251 365.337 206.746
11 0.715978 -0.0826547 2.5515 2 677.909 297.687 361.551 215.759
12 0.673837 0.0247443 2.74356 2 653.503 276.629 348.535 200.497
13 0.732367 -0.299201 2.98468 2 653.455 332.166 348.509 240.749
14 0.829944 -0.619115 3.1518 2 666.23 381.265 355.323 276.336
15 0.761298 -0.671619 3.1461 2 651.428 389.928 347.428 282.614
16 0.72187 0.00690279 2.66542 2 671.074 279.894 357.906 202.863
17 0.821851 -0.34872 2.77265 2 689.095 345.261 367.517 250.24
18 0.923709 -0.688121 2.94789 2 701.197 400.297 373.972 290.129
19 0.847948 -0.755668 2.90426 2 686.377 413.952 366.068 300.027
20 0.719979 0.519117 2.5044 2 683.102 175.553 364.321 127.238
21 0.606346 0.0795732 2.68535 2 639.733 266.168 341.191 192.915
22 0.598759 0.178921 2.61975 2 641.693 246.527 342.236 178.679
23 0.700928 -0.154804 2.58782 2 671.135 311.63 357.939 225.865
24 0.670484 -0.0398757 2.57487 2 663.804 289.081 354.029 209.522
1
1
-0.473173 0.114217 0.855318 -0.177464
-0.470701 0.113705 0.856681 -0.177793
-0.466257 0.120423 0.849317 -0.216247
0 0 0 0
0.38582 0.682705 -0.562302 -0.262439
-0.321281 0.556817 -0.178895 0.744802
0.0871403 -0.0656181 0.461565 0.880374
0.428181 -0.459501 0.610956 0.481927
-0.227401 0.719108 0.42479 -0.500726
0.0535698 0.9299 -0.00515865 -0.363854
0.0281892 -0.457218 0.216832 0.862057
-0.0852444 -0.407586 0.335576 0.844982
-0.199898 -0.599074 0.768602 -0.101987
-0.154929 -0.248494 0.281166 0.913889
-0.168211 -0.142082 0.209503 0.952694
0 0 0 0
-0.421031 0.57259 0.515903 -0.478245
0.106894 0.953365 0.162216 0.230985
0.176983 0.916211 0.198506 0.299715
0 0 0 0
-0.46755 0.116298 0.854291 -0.195086
0 0 0 0
0 0 0 0
0 0 0 0
0 0 0 0
