415182
0 0.698249 -0.0146327 2.82514 2 654.58 283.842 349.109 205.725
1 0.635598 0.260638 2.66561 2 648.625 231.522 345.934 167.804
2 0.574066 0.53151 2.49395 2 643.218 172.706 343.05 125.175
3 0.486899 0.60312 2.47428 2 620.107 157.11 330.724 113.871
4 0.53104 0.426602 2.62666 2 623.585 198.672 332.578 143.995
5 0.544416 0.19375 2.81172 1 617.438 246.255 329.3 178.482
6 0.609782 -0.00639483 2.88342 1 629.775 282.336 335.88 204.633
7 0.611124 -0.0400889 2.86457 1 631.069 288.312 336.57 208.965
8 0.659542 0.39287 2.4451 2 670.588 199.406 357.647 144.526
9 0.590092 0.158444 2.48756 2 647.71 248.856 345.445 180.368
10 0.397727 0.0399227 2.56435 2 590.719 273.325 315.05 198.102
11 0.338676 0.0294705 2.58933 2 573.933 275.449 306.098 199.642
12 0.657362 -0.00771642 2.83176 2 644.132 282.594 343.537 204.82
13 0.701868 -0.311561 3.02223 2 644.318 333.592 343.636 241.783
14 0.743873 -0.601451 3.16665 2 646.426 377.874 344.761 273.878
15 0.680017 -0.660653 3.17579 2 632.035 387.071 337.085 280.544
16 0.7207 -0.0207129 2.74476 2 665.32 285.046 354.837 206.598
17 0.809079 -0.334816 2.82693 2 681.953 341.503 363.708 247.517
18 0.887295 -0.681185 2.977 2 690.528 397.907 368.282 288.398
19 0.836135 -0.758302 2.90978 2 683.166 414.153 364.355 300.173
20 0.589342 0.465185 2.53918 2 644.45 187.992 343.707 136.254
21 0.654345 -0.102229 2.85343 2 642.185 299.401 342.499 217.002
22 0.599165 -0.0165663 2.79664 2 631.696 284.217 336.905 205.996
23 0.277615 0.0139193 2.60328 2 557.276 278.506 297.214 201.857
24 0.294868 0.0626523 2.57555 2 562.688 268.901 300.1 194.896
1
0
-0.426194 0.0233422 0.861864 -0.273869
-0.414437 0.0196167 0.867579 -0.274161
-0.39426 0.0310715 0.866237 -0.305332
0 0 0 0
0.384083 0.794936 -0.424515 -0.200859
0.306923 0.850354 -0.121495 -0.409798
0.156334 0.972988 0.160128 0.0566841
-0.251372 0.966941 0.0266911 -0.0335424
-0.144181 0.705704 0.465781 -0.514044
0.062549 0.97297 -0.154118 -0.160203
-0.20504 0.602152 -0.457856 -0.62108
0.281662 -0.50278 0.583284 0.572415
-0.265593 -0.634005 0.71541 -0.125244
-0.151358 -0.317023 0.238065 0.90549
-0.0910033 -0.107638 0.218864 0.965521
0 0 0 0
-0.300703 0.488243 0.610939 -0.545848
0.0773281 0.936008 0.165175 0.301044
0.129166 0.864313 0.184576 0.449679
0 0 0 0
-0.398912 0.0225816 0.870933 -0.286068
0 0 0 0
0 0 0 0
0 0 0 0
0 0 0 0
