395222
0 -0.492926 -0.178507 2.48502 2 347.187 317.657 185.166 230.233
1 -0.513072 0.0573039 2.40145 2 336.624 269.102 179.533 195.042
2 -0.534619 0.290025 2.30569 2 323.795 217.276 172.691 157.479
3 -0.51317 0.409935 2.29076 2 329.098 190.182 175.519 137.842
4 -0.573539 0.154148 2.25098 2 307.959 246.403 164.245 178.59
5 -0.544982 -0.0576809 2.2737 2 318.523 294.095 169.879 213.156
6 -0.479939 -0.218622 2.31624 2 341.007 329.127 181.871 238.546
7 -0.473624 -0.248631 2.3764 2 346.471 334.32 184.784 242.31
8 -0.463769 0.194414 2.44565 2 353.228 240.885 188.388 174.59
9 -0.405078 -0.0104236 2.53675 1 374.026 283.292 199.481 205.326
10 -0.445447 -0.0639416 2.36055 1 353.928 294.945 188.762 213.772
11 -0.461462 -0.133989 2.36118 1 349.234 309.995 186.258 224.68
12 -0.52457 -0.197926 2.41031 2 333.786 322.905 178.019 234.037
13 -0.497907 -0.532561 2.57837 2 350.482 386.264 186.924 279.959
14 -0.523126 -0.890641 2.74983 2 352.106 446.394 187.79 323.54
15 -0.428543 -0.91722 2.7529 2 376.086 451.103 200.579 326.953
16 -0.450675 -0.154768 2.49906 2 359.693 312.612 191.836 226.577
17 -0.504586 -0.524622 2.58421 2 349.002 384.46 186.134 278.651
18 -0.491907 -0.821898 2.85585 2 364.703 427.831 194.508 310.086
19 -0.411684 -0.876381 2.87059 2 384.659 436.757 205.151 316.555
20 -0.530663 0.232425 2.33107 2 326.793 230.558 174.29 167.105
21 -0.447221 -0.314459 2.3915 2 354.94 347.964 189.301 252.2
22 -0.492761 -0.253181 2.34267 2 338.8 336.091 180.694 243.594
23 -0.500607 -0.18749 2.30274 2 333.954 322.55 178.109 233.78
24 -0.492105 -0.0809928 2.26877 2 334.356 299.329 178.323 216.949
1
1
0.431281 -0.110673 0.885301 -0.13413
0.446409 -0.112958 0.87777 -0.132211
0.462401 -0.125527 0.86187 -0.166156
0 0 0 0
-0.217048 0.783689 -0.355693 0.460656
0.0338999 0.962124 0.0781666 0.258955
0.184088 0.901024 0.125943 -0.372028
0.521861 0.824485 -0.0736991 -0.206045
0.340482 0.722139 0.496347 0.340921
0.0781899 0.76198 0.227873 0.601121
-0.596837 0.766147 0.0428822 -0.234447
-0.0270349 0.954378 -0.108922 -0.276709
-0.328506 0.643011 -0.525074 0.450465
0.229551 0.91974 -0.0402217 -0.315858
0.219701 0.974004 -0.0409041 -0.0370673
0 0 0 0
0.259603 0.514504 0.817218 0.00683033
0.120307 0.536573 0.0558016 0.833367
0.0427879 0.153204 0.359505 0.919486
0 0 0 0
0.460959 -0.130723 0.865708 -0.144838
0 0 0 0
0 0 0 0
0 0 0 0
0 0 0 0
