412737
0 -0.221688 -0.164253 2.53399 2 423.804 314.006 226.029 227.587
1 -0.220549 0.0770252 2.44483 2 421.947 265.275 225.039 192.268
2 -0.21786 0.312935 2.34497 2 419.993 213.603 223.996 154.816
3 -0.159628 0.420434 2.32229 2 436.588 189.405 232.847 137.279
4 -0.313598 0.184282 2.28289 2 389.389 240.319 207.674 174.18
5 -0.343317 -0.0219853 2.3135 2 381.827 286.023 203.641 207.306
6 -0.317304 -0.197603 2.35687 2 391.278 323.681 208.681 234.6
7 -0.296769 -0.218092 2.38838 2 398.429 327.461 212.496 237.339
8 -0.111128 0.202219 2.53984 2 453.883 240.942 242.071 174.632
9 0.0411561 0.0765695 2.57866 2 494.919 266.203 263.957 192.941
10 0.20289 -0.0137931 2.56583 2 538.296 283.929 287.091 205.788
11 0.218083 -0.0044792 2.57827 2 542.088 282.089 289.114 204.454
12 -0.262331 -0.16549 2.44541 2 410.169 315.463 218.757 228.644
13 -0.252716 -0.522962 2.59224 2 416.708 383.614 222.244 278.038
14 -0.406389 -0.867037 2.76527 2 382.177 441 203.828 319.63
15 -0.332894 -0.908461 2.74937 2 400.089 449.628 213.381 325.884
16 -0.175634 -0.158578 2.56135 2 436.825 312.525 232.973 226.514
17 -0.161429 -0.478932 2.76629 2 443.756 368.974 236.67 267.427
18 -0.13553 -0.769813 2.86258 2 451.243 417.942 240.663 302.919
19 -0.0611413 -0.829448 2.87768 2 469.268 427.84 250.276 310.093
20 -0.218769 0.254767 2.37188 2 420.491 226.825 224.262 164.4
21 -0.286186 -0.257245 2.39835 2 401.808 335.547 214.298 243.2
22 -0.27813 -0.196936 2.368 2 403.133 323.322 215.005 234.34
23 0.230757 -0.0376188 2.57208 2 545.621 288.608 290.998 209.179
24 0.223879 0.0216958 2.56186 2 544.018 276.928 290.143 200.713
1
0
0.425987 -0.0741577 0.887433 -0.159684
0.411823 -0.0716094 0.894094 -0.160843
0.394343 -0.080165 0.893433 -0.19961
0 0 0 0
-0.129319 0.754797 -0.495004 0.410523
0.0838021 0.981017 -0.0578113 0.165048
0.0153397 0.599457 0.138892 0.788115
0.0470604 0.533824 0.50851 0.67397
0.370433 0.744363 0.485202 0.270707
-0.335533 0.380234 0.274192 0.817104
-0.238282 0.790533 0.447136 0.344018
-0.429935 0.18375 0.72761 0.501972
0.324033 -0.561588 0.623423 -0.436996
0.186705 0.924672 -0.0527041 -0.327635
0.186614 0.945677 -0.224253 -0.143462
0 0 0 0
0.303372 0.664348 0.678703 0.0772569
0.077121 0.326312 0.270483 0.902448
-0.0365138 0.038199 0.160265 0.985658
0 0 0 0
0.396134 -0.0738068 0.897561 -0.178927
0 0 0 0
0 0 0 0
0 0 0 0
0 0 0 0
