421775
0 0.706816 0.0165988 2.80673 2 657.834 278.206 350.845 201.64
1 0.66223 0.299824 2.66146 2 655.883 223.933 349.804 162.303
2 0.605329 0.574018 2.50702 2 651.113 164.571 347.26 119.279
3 0.511396 0.654344 2.50939 2 625.033 148.382 333.351 107.545
4 0.567907 0.483244 2.61629 1 634.001 187.261 338.134 135.724
5 0.564401 0.256729 2.68304 1 629.098 232.63 335.519 168.607
6 0.615451 0.0744344 2.90929 1 629.83 268.229 335.909 194.408
7 0.620294 0.00487996 2.89094 1 631.918 280.354 337.023 203.197
8 0.676113 0.423984 2.44693 2 675.207 192.96 360.11 139.854
9 0.564964 0.182386 2.4596 2 642.496 243.549 342.665 176.521
10 0.379373 0.0719271 2.52303 2 587.452 266.772 313.308 193.353
11 0.326115 0.0714515 2.55327 2 571.819 267.045 304.97 193.551
12 0.672767 0.0263236 2.813 2 649.019 276.458 346.143 200.373
13 0.712602 -0.308322 3.01267 2 647.307 333.218 345.23 241.512
14 0.759428 -0.614047 3.17688 2 649.318 379.598 346.303 275.127
15 0.674302 -0.654957 3.18875 2 630.176 385.719 336.094 279.564
16 0.725247 0.00740194 2.72944 2 667.507 279.832 356.004 202.819
17 0.818431 -0.335357 2.81164 2 685.362 341.938 365.526 247.832
18 0.887984 -0.68029 2.97818 2 690.606 397.707 368.323 288.253
19 0.840678 -0.753161 2.91246 2 684.063 413.13 364.833 299.431
20 0.620661 0.506846 2.54804 2 652.494 179.935 347.997 130.414
21 0.617694 -0.0408358 2.89797 2 630.936 288.361 336.499 209
22 0.613882 -0.00143238 2.83273 2 633.408 281.467 337.818 204.004
23 0.29402 0.0388369 2.55893 2 562.969 273.531 300.25 198.251
24 0.310047 0.104652 2.5394 2 567.942 260.351 302.902 188.699
1
0
-0.471084 0.050671 0.847744 -0.238417
-0.452083 0.0453475 0.858028 -0.239487
-0.429994 0.0305587 0.856715 -0.283216
0 0 0 0
0.37321 0.770192 -0.478301 -0.196843
0.120007 0.801375 0.0777181 0.580824
0.428667 0.899135 0.0852889 -0.0229481
-0.125453 0.988303 0.0435101 -0.075001
-0.18826 0.71165 0.415678 -0.534157
-0.0220035 0.953904 -0.213999 -0.209254
0.317968 -0.458427 0.391838 0.731576
0.3614 -0.34997 0.604572 0.617579
-0.265427 -0.596497 0.751507 -0.0947502
-0.125076 -0.270641 0.239183 0.924067
-0.0769159 -0.0314067 0.239911 0.967233
0 0 0 0
-0.334363 0.514791 0.575074 -0.540815
0.0776112 0.952406 0.154631 0.250975
0.149175 0.852164 0.186346 0.465659
0 0 0 0
-0.432953 0.0296409 0.86279 -0.259358
0 0 0 0
0 0 0 0
0 0 0 0
0 0 0 0
