425452
0 -0.159522 -0.131743 2.54481 2 440.878 307.39 235.135 222.792
1 -0.181846 0.107533 2.46106 2 433.175 259.114 231.027 187.802
2 -0.204341 0.341401 2.36631 2 424.494 208.107 226.397 150.833
3 -0.163057 0.454193 2.34947 2 436.112 183.145 232.593 132.741
4 -0.265978 0.203279 2.31075 2 404.748 236.665 215.865 171.531
5 -0.262714 -0.0229256 2.32865 2 406.38 286.192 216.736 207.428
6 -0.208762 -0.184947 2.39018 2 423.893 320.366 226.076 232.197
7 -0.193046 -0.23258 2.42889 2 429.291 329.674 228.955 238.943
8 -0.13138 0.247552 2.50406 2 447.88 231.19 238.869 167.563
9 -0.0777337 0.0532928 2.64009 1 463.733 271.008 247.324 196.423
10 -0.0356761 -0.113041 2.71545 1 474.932 302.252 253.297 219.068
11 -0.0682632 -0.184747 2.74726 1 466.883 315.212 249.004 228.462
12 -0.198646 -0.15099 2.46841 2 428.633 312.154 228.604 226.245
13 -0.162537 -0.517629 2.61885 2 441.168 381.483 235.29 276.494
14 -0.19471 -0.860765 2.75405 2 435.03 440.369 232.016 319.174
15 -0.108299 -0.893502 2.7568 2 456.765 446.288 243.608 323.463
16 -0.117152 -0.109287 2.56173 2 452.538 302.778 241.353 219.45
17 -0.0929674 -0.239443 2.79982 1 461.134 324.465 245.938 235.168
18 -0.110483 -0.64672 2.90261 2 457.699 394.313 244.106 285.793
19 -0.0339774 -0.689773 2.84538 1 475.714 404.339 253.714 293.059
20 -0.198832 0.283738 2.39195 2 426.754 221.144 227.602 160.282
21 -0.166512 -0.301978 2.44131 2 437.025 343.841 233.08 249.211
22 -0.172869 -0.195594 2.42023 2 434.847 322.098 231.918 233.453
23 -0.0694613 -0.192004 2.74322 1 466.557 316.601 248.831 229.468
24 -0.068932 -0.181365 2.72483 1 466.574 314.864 248.84 228.209
1
0
0.418834 -0.111344 0.891452 -0.132266
0.422616 -0.111905 0.889665 -0.131792
0.424475 -0.12999 0.880334 -0.167142
0 0 0 0
-0.168752 0.791176 -0.409953 0.421309
0.0340409 0.928871 0.0212359 0.368224
-0.042468 0.496473 0.227789 0.836554
0.0412631 0.451144 0.34989 0.819966
0.349439 0.728523 0.494589 0.320199
0.130394 0.680023 0.288994 0.661097
0.234559 0.907668 0.0341326 -0.346347
0.109435 0.89511 -0.256794 -0.347647
-0.307749 0.651847 -0.543956 0.429532
0.197125 0.922168 -0.0217865 -0.332073
0.183869 0.980567 -0.0525322 -0.0438327
0 0 0 0
0.273104 0.527667 0.803874 0.0277259
-0.363428 -0.547164 0.359207 0.662949
0.0619698 0.340158 0.108556 0.932023
0 0 0 0
0.425723 -0.121361 0.884518 -0.14717
0 0 0 0
0 0 0 0
0 0 0 0
0 0 0 0
