411767
0 0.707581 -0.00401232 2.73545 2 662.6 281.956 353.386 204.358
1 0.682682 0.293011 2.62216 2 663.911 224.376 354.086 162.624
2 0.668809 0.570849 2.4846 2 670.42 164.099 357.557 118.937
3 0.590949 0.664529 2.45917 2 650.45 143.443 346.906 103.965
4 0.590102 0.470987 2.67627 2 636.356 191.704 339.39 138.945
5 0.576981 0.259229 2.81239 2 625.479 234.423 333.589 169.906
6 0.556992 0.0471362 2.88145 2 617.167 272.915 329.156 197.805
7 0.549476 0.0451012 2.88501 1 615.196 273.284 328.104 198.073
8 0.742314 0.433121 2.4095 2 697.379 189.578 371.935 137.404
9 0.70993 0.19784 2.41457 2 687.33 239.506 366.576 173.591
10 0.542577 -0.00515797 2.49888 2 633.698 282.258 337.972 204.577
11 0.476952 -0.048894 2.51767 2 614.492 291.058 327.729 210.955
12 0.672216 -0.00380551 2.75188 2 652.575 281.913 348.04 204.327
13 0.687342 -0.302472 2.97857 2 643.29 332.806 343.088 241.213
14 0.743516 -0.609091 3.16339 2 646.525 379.209 344.813 274.845
15 0.682306 -0.662948 3.17851 2 632.41 387.351 337.285 280.747
16 0.724049 -0.00536446 2.64716 2 672.95 282.241 358.907 204.564
17 0.806525 -0.341865 2.79613 2 683.525 343.457 364.546 248.933
18 0.886588 -0.681678 2.97702 2 690.362 397.99 368.193 288.458
19 0.838233 -0.756317 2.91209 2 683.507 413.7 364.537 299.844
20 0.673742 0.503428 2.52145 2 668.945 179.498 356.771 130.097
21 0.539694 0.0325308 2.87887 2 613.121 275.482 326.998 199.665
22 0.559521 0.0402069 2.846 2 619.452 274.046 330.375 198.625
23 0.439766 -0.112024 2.54301 2 603.071 303.539 321.638 220.001
24 0.434851 -0.0110678 2.52264 2 602.67 283.434 321.424 205.429
0
2
-0.495389 0.0568168 0.848723 -0.176153
-0.484611 0.0545834 0.854924 -0.176858
-0.463908 0.0893168 0.850087 -0.232732
0 0 0 0
0.40201 0.709041 -0.497733 -0.296496
-0.164417 -0.629947 0.230099 0.723317
0.162543 0.958211 -0.00666073 0.235301
0.529541 0.654363 -0.317418 0.436624
-0.206434 0.704345 0.47045 -0.489857
-0.00735969 0.963584 -0.0687641 -0.258309
0.196312 -0.474645 0.306701 0.801316
0.311366 -0.485066 0.365124 0.731059
0.275787 0.704789 -0.653141 -0.0249211
-0.106614 -0.256076 0.301136 0.912346
-0.102817 -0.0812166 0.257653 0.957313
0 0 0 0
-0.395489 0.502585 0.579708 -0.504911
0.169913 0.943943 0.158097 0.234747
0.159962 0.850457 0.205665 0.456986
0 0 0 0
-0.46553 0.0883707 0.856711 -0.203761
0 0 0 0
0 0 0 0
0 0 0 0
0 0 0 0
