411686
0 0.708646 -0.00414493 2.73305 2 663.03 281.981 353.616 204.376
1 0.682569 0.294043 2.62225 2 663.876 224.177 354.067 162.481
2 0.672306 0.571588 2.4836 2 671.477 163.896 358.121 118.789
3 0.59688 0.666754 2.45835 2 652.187 142.927 347.833 103.592
4 0.590916 0.476809 2.68148 2 636.275 190.771 339.347 138.268
5 0.577651 0.255592 2.81716 2 625.401 235.158 333.547 170.439
6 0.55613 0.0423056 2.88285 2 616.894 273.769 329.01 198.424
7 0.553736 0.0286331 2.89443 2 615.785 276.195 328.419 200.182
8 0.747918 0.435969 2.41064 2 698.902 189.013 372.748 136.994
9 0.730804 0.202901 2.41932 2 692.954 238.512 369.575 172.87
10 0.569844 -0.0180079 2.5081 2 640.699 284.856 341.706 206.459
11 0.52493 -0.0659413 2.52847 2 627.095 294.442 334.451 213.408
12 0.672618 -0.00464586 2.75102 2 652.729 282.069 348.122 204.439
13 0.687383 -0.302354 2.97632 2 643.421 332.825 343.158 241.227
14 0.744468 -0.609404 3.16397 2 646.705 379.242 344.909 274.869
15 0.673751 -0.658689 3.18754 2 630.115 386.357 336.062 280.026
16 0.72702 -0.0039209 2.64064 2 674.205 281.966 359.576 204.365
17 0.806544 -0.341825 2.79611 2 683.531 343.451 364.55 248.928
18 0.886569 -0.681693 2.97706 2 690.354 397.991 368.189 288.459
19 0.838219 -0.756409 2.91171 2 683.53 413.733 364.549 299.868
20 0.67595 0.504515 2.52097 2 669.592 179.256 357.115 129.922
21 0.549138 0.00250674 2.88753 2 614.997 280.771 327.998 203.499
22 0.565337 0.0183734 2.84678 2 620.83 277.937 331.11 201.445
23 0.490185 -0.134937 2.56901 2 615.464 307.849 328.247 223.125
24 0.48102 -0.0313944 2.53918 2 614.488 287.48 327.727 208.361
0
2
-0.494317 0.0528029 0.850163 -0.173455
-0.484228 0.0507479 0.855949 -0.174067
-0.461801 0.0983672 0.850313 -0.232448
0 0 0 0
0.410311 0.697937 -0.506214 -0.297115
-0.154407 -0.61944 0.22471 0.736178
0.156024 0.930549 0.00396334 0.331239
0.346285 0.887162 0.0432194 0.301931
-0.198537 0.705495 0.479352 -0.482785
0.00877678 0.967102 -0.0401136 -0.251051
0.168872 -0.489231 0.295196 0.803116
0.214866 -0.489515 0.324566 0.780298
0.279832 0.710483 -0.644573 -0.0378725
-0.106847 -0.258626 0.300325 0.911867
-0.0852044 -0.0128796 0.26716 0.959792
0 0 0 0
-0.393319 0.499377 0.588633 -0.499433
0.177418 0.941872 0.155988 0.238888
0.159794 0.849942 0.205803 0.457941
0 0 0 0
-0.464401 0.0931251 0.857147 -0.202383
0 0 0 0
0 0 0 0
0 0 0 0
0 0 0 0
