12935825
0 0.926836 0.300136 3.34714 2 675.402 235.591 360.214 170.753
1 0.892905 0.57406 3.20963 2 676.538 190.103 360.82 137.784
2 0.857155 0.84127 3.06143 2 678.074 141.017 361.64 102.207
3 0.833639 0.9278 2.99617 2 676.935 123.169 361.032 89.2709
4 0.699202 0.768385 3.17231 2 636.52 157.839 339.477 114.4
5 0.653826 0.579107 3.26463 2 622.313 191.036 331.9 138.46
6 0.724739 0.414715 3.04438 2 648.452 211.946 345.841 153.616
7 0.707281 0.348891 2.97751 2 648.042 221.651 345.622 160.649
8 1.01519 0.733574 3.05888 2 714.122 158.826 380.865 115.115
9 1.09362 0.551683 3.12014 2 726.967 191.004 387.716 138.437
10 0.874752 0.389884 3.05352 2 682.164 216.204 363.821 156.702
11 0.852849 0.382715 3.09587 1 674.486 218.296 359.726 158.218
12 0.850652 0.299516 3.33889 2 659.975 235.606 351.987 170.764
13 0.888037 -0.0121737 3.52618 2 657.843 282.965 350.849 205.089
14 0.909518 -0.324599 3.66823 2 655.219 326.187 349.45 236.416
15 0.875553 -0.393858 3.58138 2 652.849 337.116 348.186 244.337
16 0.984899 0.294551 3.28765 2 691.223 235.598 368.652 170.758
17 1.07519 -0.0382347 3.422 2 701.353 286.899 374.055 207.941
18 1.17986 -0.360116 3.56447 2 713.197 332.697 380.372 241.134
19 1.21627 -0.419482 3.51844 2 723.485 342.001 385.859 247.877
20 0.866593 0.775586 3.10035 2 677.679 153.631 361.429 111.349
21 0.70054 0.316092 2.95035 2 647.949 226.761 345.573 164.353
22 0.660247 0.305524 2.97433 2 637.188 229.034 339.833 166.001
23 0.812083 0.348116 3.1061 2 664.676 224.205 354.494 162.501
24 0.836228 0.360143 3.03192 2 674.702 220.761 359.841 160.005
1
1
-0.177192 -0.0138259 0.955376 -0.235941
-0.180316 -0.0130542 0.954792 -0.235985
-0.181524 -0.0130397 0.945499 -0.270021
0 0 0 0
0.303892 0.720104 -0.622821 0.0345575
0.117532 0.790698 -0.216505 -0.560454
0.0848272 -0.424052 -0.450791 0.780879
0.253082 -0.393493 -0.301833 0.830668
0.0725233 0.734359 0.602798 -0.303466
0.114824 0.952991 0.219491 0.174493
-0.0881122 0.883422 -0.451142 0.0909537
0.502762 0.740615 -0.415802 -0.160714
-0.119777 -0.682558 0.693979 -0.195349
-0.195167 -0.547766 0.188613 0.791383
-0.148733 -0.566862 0.153644 0.795575
0 0 0 0
-0.131055 0.600986 0.670307 -0.415126
0.0861847 0.812488 0.207225 0.538045
0.000891094 0.576278 0.248496 0.778558
0 0 0 0
-0.182414 -0.0117379 0.950471 -0.251382
0 0 0 0
0 0 0 0
0 0 0 0
0 0 0 0
