12914235
0 -0.26243 -0.09391 2.55871 2 413.438 299.78 220.5 217.276
1 -0.272746 0.171187 2.4772 2 408.218 246.231 217.717 178.465
2 -0.280392 0.430448 2.38591 2 402.914 189.661 214.888 137.464
3 -0.237488 0.545645 2.36959 2 414.758 164.22 221.204 119.024
4 -0.372604 0.295805 2.31745 2 373.117 216.46 198.996 156.888
5 -0.401333 0.0693145 2.32633 2 365.139 266.11 194.741 192.873
6 -0.350983 -0.168976 2.38252 2 382.53 317.143 204.016 229.861
7 -0.333092 -0.248122 2.41569 2 388.999 333.261 207.466 241.543
8 -0.171012 0.379576 2.60646 2 438.788 207.439 234.021 150.349
9 0.0107307 0.359685 2.71226 2 486.678 214.079 259.562 155.162
10 0.224275 0.357328 2.74546 2 540.184 215.29 288.098 156.039
11 0.274478 0.36571 2.74367 2 552.84 213.675 294.848 154.868
12 -0.302438 -0.102254 2.46471 2 399.548 302.211 213.093 219.038
13 -0.367982 -0.535034 2.59006 2 385.864 386.16 205.794 279.884
14 -0.484818 -0.904986 2.71211 2 360.054 451.4 192.029 327.168
15 -0.425084 -0.948643 2.69979 2 374.809 460.449 199.898 333.727
16 -0.215773 -0.0832457 2.58953 2 426.686 297.469 227.566 215.602
17 -0.227682 -0.445337 2.83998 2 428.739 360.685 228.661 261.419
18 -0.291051 -0.773966 2.99046 2 416.7 412.817 222.24 299.204
19 -0.232609 -0.820443 2.96939 2 429.804 421.76 229.229 305.686
20 -0.278908 0.366473 2.41071 2 404.235 204.13 215.592 147.95
21 -0.318073 -0.321766 2.44276 2 394.25 347.988 210.266 252.217
22 -0.307794 -0.2195 2.42439 2 396.565 327.07 211.502 237.056
23 0.307166 0.396788 2.75991 2 560.625 208.334 299 150.998
24 0.293448 0.347632 2.7153 2 558.373 216.341 297.799 156.801
1
0
0.455402 -0.0850867 0.87761 -0.123165
0.451242 -0.0845026 0.879757 -0.123566
0.445617 -0.0931228 0.876087 -0.158824
0 0 0 0
-0.143879 0.752985 -0.493538 0.410771
0.0353331 0.962864 -0.0556893 0.261807
-0.0362054 0.466209 0.148368 0.871393
-0.00292222 0.451723 0.22033 0.864519
0.423477 0.619068 0.591547 0.295794
-0.394158 0.30017 0.545486 0.676004
0.395683 0.64222 0.581362 -0.304971
0.374963 0.551181 0.664603 -0.337498
-0.354638 0.599443 -0.577519 0.425877
0.11282 0.946562 -0.109601 -0.281565
0.129025 0.96543 -0.168939 -0.150853
0 0 0 0
0.303665 0.627297 0.708138 0.113252
0.104747 0.292437 0.279217 0.908596
0.138785 0.244723 0.181552 0.942278
0 0 0 0
0.446671 -0.0874397 0.879538 -0.138753
0 0 0 0
0 0 0 0
0 0 0 0
0 0 0 0
