12942353
0 -0.44843 -0.18851 2.41384 2 355.903 320.822 189.815 232.527
1 -0.482692 0.0637194 2.31264 2 340.045 267.231 181.358 193.686
2 -0.513267 0.310111 2.20012 2 322.765 209.546 172.141 151.876
3 -0.47945 0.429747 2.18227 2 332.039 181.011 177.087 131.194
4 -0.564463 0.183576 2.12882 2 300.711 237.357 160.379 172.033
5 -0.542852 -0.031664 2.12984 2 307.953 288.765 164.241 209.293
6 -0.472039 -0.223676 2.20073 2 335.932 332.824 179.164 241.227
7 -0.45185 -0.282778 2.22887 2 344.043 345.642 183.49 250.517
8 -0.451028 0.263301 2.37565 1 353.012 224.96 188.273 163.048
9 -0.423689 0.0379298 2.53453 1 368.848 273.628 196.719 198.322
10 -0.35695 -0.171246 2.63926 1 390.875 314.071 208.467 227.634
11 -0.35366 -0.235248 2.6546 1 392.24 326.103 209.195 236.355
12 -0.472001 -0.208966 2.32992 2 344.225 326.732 183.587 236.811
13 -0.465554 -0.555958 2.48491 2 354.422 395.038 189.025 286.318
14 -0.472 -0.919323 2.72313 2 363.816 453.4 194.035 328.618
15 -0.399262 -0.949073 2.70521 2 381.654 460.154 203.549 333.513
16 -0.413093 -0.1637 2.43436 2 367.058 315.299 195.764 228.524
17 -0.406014 -0.536639 2.41205 1 367.626 394.353 196.067 285.822
18 -0.440736 -0.903478 2.64261 2 368.353 455.592 196.455 330.207
19 -0.400188 -0.9292 2.70508 2 381.427 456.39 203.428 330.785
20 -0.506225 0.249403 2.23025 2 327.229 224.392 174.522 162.636
21 -0.429304 -0.348736 2.25779 2 352.701 359.669 188.107 260.683
22 -0.478165 -0.287166 2.22868 2 335.827 346.673 179.107 251.264
23 -0.357151 -0.245949 2.65373 1 391.296 328.165 208.691 237.85
24 -0.348881 -0.229685 2.63218 1 392.712 325.414 209.447 235.855
1
0
0.499229 -0.150937 0.843307 -0.129698
0.508682 -0.152387 0.837639 -0.127992
0.517573 -0.166035 0.823152 -0.164228
0 0 0 0
-0.234345 0.728297 -0.447042 0.463485
-0.0205094 0.890799 0.0456764 0.451631
-0.23323 -0.533934 0.0482071 0.811292
-0.24545 -0.538296 0.0914847 0.801013
0.429027 0.561738 0.600369 0.37409
0.0556014 0.329557 0.30041 0.893339
0.104552 0.797309 0.243175 0.542433
0.0804932 0.806157 0.0888193 0.579434
-0.382902 0.632012 -0.489037 0.463454
0.204615 0.950246 -0.0408786 -0.23129
0.278808 0.938995 -0.0645395 -0.190759
0 0 0 0
0.332034 0.485942 0.805756 0.066113
-0.025994 0.62144 -0.0175033 0.782834
-0.0613395 -0.348006 0.272507 0.894913
0 0 0 0
0.518291 -0.159368 0.827872 -0.143541
0 0 0 0
0 0 0 0
0 0 0 0
0 0 0 0
