12941829
0 -0.451994 -0.183126 2.4221 2 355.326 319.559 189.507 231.612
1 -0.48803 0.0704478 2.32521 2 339.233 265.838 180.924 192.676
2 -0.51997 0.31769 2.21584 2 321.805 208.309 171.629 150.98
3 -0.485537 0.437113 2.19844 2 331.231 180.036 176.657 130.488
4 -0.572601 0.189571 2.14251 2 299.24 236.211 159.595 171.202
5 -0.554046 -0.0297965 2.14564 2 305.626 288.268 163.001 208.933
6 -0.48366 -0.221092 2.20957 2 332.877 332.03 177.535 240.651
7 -0.466097 -0.280425 2.23917 2 340.278 344.82 181.481 249.921
8 -0.449385 0.259891 2.38406 2 353.959 225.889 188.778 163.721
9 -0.422068 0.0345582 2.54293 1 369.672 274.325 197.158 198.827
10 -0.354781 -0.17427 2.64627 1 391.687 314.562 208.9 227.99
11 -0.359904 -0.21535 2.66343 2 390.937 322.167 208.5 233.502
12 -0.478236 -0.202935 2.33828 2 342.883 325.261 182.871 235.745
13 -0.46131 -0.55018 2.49236 2 356.002 393.505 189.868 285.207
14 -0.471634 -0.918329 2.72394 2 363.946 453.161 194.105 328.445
15 -0.401063 -0.949427 2.70471 2 381.173 460.255 203.292 333.587
16 -0.413929 -0.158857 2.44268 2 367.224 314.176 195.853 227.711
17 -0.405617 -0.529756 2.44729 1 369.438 391.27 197.033 283.587
18 -0.435839 -0.902987 2.66929 2 370.792 453.737 197.756 328.862
19 -0.40459 -0.938087 2.73093 2 381.28 456.392 203.35 330.787
20 -0.512606 0.256817 2.24527 2 326.303 223.09 174.028 161.692
21 -0.442429 -0.345985 2.26499 2 349.104 358.81 186.189 260.061
22 -0.490675 -0.28614 2.2366 2 332.47 346.216 177.317 250.933
23 -0.363377 -0.22612 2.66256 2 390 324.233 208 235
24 -0.355086 -0.209945 2.641 2 391.406 321.477 208.75 233.002
1
0
0.48331 -0.147146 0.854057 -0.123879
0.491679 -0.148356 0.849267 -0.122427
0.4998 -0.16186 0.835281 -0.162193
0 0 0 0
-0.235659 0.733721 -0.445489 0.455695
-0.010859 0.910684 0.0413711 0.410884
-0.227321 -0.574815 0.0241184 0.785704
-0.240613 -0.582982 0.0981275 0.769811
0.414603 0.606025 0.581534 0.350224
0.0564924 0.332089 0.300256 0.892397
0.095689 0.783963 0.245562 0.562089
0.186835 0.745827 0.0822049 0.634096
-0.37728 0.636241 -0.497653 0.452989
0.206001 0.945 -0.0314042 -0.252097
0.268124 0.938999 -0.0707274 -0.203441
0 0 0 0
0.313636 0.501527 0.80388 0.0622934
-0.00745616 0.428715 0.0104149 0.903349
-0.0696587 -0.374572 0.257796 0.88791
0 0 0 0
0.500388 -0.155252 0.84011 -0.140441
0 0 0 0
0 0 0 0
0 0 0 0
0 0 0 0
