12986299
0 -0.531099 -0.29778 2.3446 2 327.512 345.757 174.673 250.6
1 -0.550054 0.0216939 2.41502 2 326.824 276.65 174.306 200.512
2 -0.563782 0.332856 2.48042 2 326.955 213.003 174.376 154.381
3 -0.626413 0.264356 2.46295 2 308.204 226.633 164.375 164.26
4 -0.602053 0.307992 2.42015 2 312.032 216.492 166.417 156.91
5 -0.638564 0.0437695 2.29145 2 291.364 271.497 155.394 196.777
6 -0.427999 -0.155816 2.2725 2 354.14 315.987 188.875 229.023
7 -0.405902 -0.226788 2.28531 1 361.521 331.549 192.811 240.302
8 -0.473235 0.183403 2.25254 2 339.029 239.881 180.816 173.862
9 -0.39712 -0.076303 2.23217 2 361.404 298.538 192.749 216.376
10 -0.383655 -0.290608 2.30847 1 369.373 345.078 196.999 250.108
11 -0.390582 -0.326971 2.31234 1 367.454 352.977 195.976 255.833
12 -0.56664 -0.289511 2.31752 2 315.007 344.73 168.004 249.855
13 -0.602255 -0.629272 2.63769 2 325.9 402.734 173.813 291.896
14 -0.46761 -0.924099 2.59316 2 358.919 463.04 191.424 335.605
15 -0.520144 -0.977524 2.54036 2 341.918 477.637 182.356 346.185
16 -0.486038 -0.293946 2.30682 2 338.508 345.94 180.537 250.732
17 -0.447602 -0.629114 2.41395 2 355.64 413.922 189.675 300.005
18 -0.557525 -0.906762 2.72237 2 341.974 451.135 182.386 326.976
19 -0.609331 -0.960835 2.66949 1 325.624 464.93 173.666 336.975
20 -0.561115 0.256268 2.46566 2 326.837 228.407 174.313 165.547
21 -0.39456 -0.282468 2.29926 2 365.635 343.543 195.005 248.995
22 -0.431789 -0.24584 2.28288 2 353.513 335.861 188.54 243.427
23 -0.377654 -0.372388 2.30901 2 371.112 363.089 197.927 263.162
24 -0.420011 -0.304127 2.28125 2 356.94 348.888 190.368 252.87
1
1
-0.0552492 -0.0350713 0.992174 0.106343
-0.0471375 -0.0342009 0.992592 0.106627
-0.0363097 -0.0206222 0.994665 0.0943282
0 0 0 0
0.0499243 -0.298396 0.905665 -0.297051
-0.213019 0.964089 -0.0924176 0.128893
-0.310662 -0.502433 -0.245469 0.768632
-0.170191 -0.608378 -0.0240205 0.774812
-0.523089 0.803162 0.275115 -0.0749742
0.0421359 0.841908 0.14057 -0.519283
0.159507 0.831178 -0.0658845 -0.528545
-0.00504681 0.844027 -0.107113 -0.525471
0.319593 -0.623789 0.69918 -0.14105
0.208897 0.435923 0.305819 0.820248
-0.182419 -0.27783 -0.127045 0.934555
0 0 0 0
-0.292052 0.655927 0.668756 -0.192952
0.0240105 0.46636 0.161183 0.869455
0.411496 0.774987 0.0854123 0.471987
0 0 0 0
-0.036089 -0.0269927 0.99344 0.105102
0 0 0 0
0 0 0 0
0 0 0 0
0 0 0 0
