12955990
0 -0.522057 -0.243313 2.43981 2 336.296 331.852 179.358 240.522
1 -0.621194 0.0722727 2.42411 2 306.985 266.06 163.725 192.837
2 -0.710377 0.379117 2.39883 2 278.927 200.693 148.761 145.46
3 -0.768385 0.486702 2.42419 2 264.278 178.82 140.948 129.606
4 -0.782032 0.170429 2.33282 1 251.81 243.983 134.299 176.835
5 -0.856933 -0.0395047 2.46504 2 243.187 289.378 129.7 209.737
6 -0.825804 -0.238936 2.5223 2 257.246 329.48 137.198 238.802
7 -0.793002 -0.262094 2.56401 2 269.888 333.273 143.94 241.552
8 -0.586104 0.24855 2.28114 2 306.389 225.8 163.407 163.657
9 -0.409054 0.0311448 2.34994 2 364.071 274.494 194.171 198.949
10 -0.301389 0.0287094 2.60516 1 404.4 275.634 215.68 199.776
11 -0.287078 0.0904626 2.62332 1 408.705 263.762 217.976 191.171
12 -0.579018 -0.270294 2.42742 2 319.196 337.807 170.238 244.838
13 -0.568072 -0.612194 2.67044 2 336.779 397.923 179.615 288.409
14 -0.556212 -0.903239 2.80395 2 346.465 445.507 184.781 322.897
15 -0.546122 -0.970354 2.77048 2 347.266 459.929 185.208 333.35
16 -0.453027 -0.208422 2.38752 2 353.133 325.5 188.338 235.918
17 -0.315626 -0.594172 2.51978 2 397.425 401.078 211.96 290.696
18 -0.250719 -0.930972 2.63215 2 417.954 461.554 222.909 334.528
19 -0.263307 -0.989464 2.54646 2 412.254 479.481 219.869 347.522
20 -0.687783 0.303932 2.40628 2 286.203 216.907 152.642 157.211
21 -0.782291 -0.332195 2.59913 2 275.625 346.309 147 251
22 -0.829294 -0.250069 2.5248 2 256.499 331.682 136.799 240.398
23 -0.28289 0.107866 2.63375 1 410.096 260.487 218.718 188.797
24 -0.2741 0.135312 2.59826 1 411.409 254.857 219.418 184.717
0
0
-0.130071 -0.146996 0.979573 -0.0437174
-0.11446 -0.147674 0.981519 -0.0413718
-0.0925462 -0.139838 0.983941 -0.0611665
0 0 0 0
-0.219211 0.934109 -0.281757 0.000798372
0.222286 0.921824 -0.213451 -0.23509
0.155928 0.798783 -0.0204864 -0.5807
0.547718 0.658737 0.00117048 -0.515819
-0.343265 0.787277 0.468776 -0.20643
-0.336971 -0.572592 -0.0996091 0.74072
0.042207 0.314781 0.702725 0.636638
-0.0958001 0.0961361 0.979327 0.149998
-0.0624574 0.838583 -0.534866 0.0824444
-0.21728 -0.649465 0.21305 0.696846
0.173021 0.735324 -0.126128 -0.643003
0 0 0 0
-0.173638 0.506952 0.810372 -0.236951
0.0205479 0.759668 0.226635 0.609195
0.0649294 0.762011 0.17093 0.621213
0 0 0 0
-0.0935768 -0.135055 0.985127 -0.0502773
0 0 0 0
0 0 0 0
0 0 0 0
0 0 0 0
