12978875
0 0.916623 0.225542 3.22524 2 680.459 245.632 362.911 178.031
1 0.829785 0.488287 3.09271 2 669.578 200.835 357.109 145.562
2 0.740586 0.743826 2.94833 2 657.966 152.606 350.915 110.607
3 0.68756 0.847711 2.8795 2 649.46 131.058 346.379 94.9891
4 0.608247 0.642013 2.99376 2 624.445 172.093 333.037 124.731
5 0.512136 0.462201 2.91429 2 605.23 200.673 322.789 145.445
6 0.401199 0.314214 2.76326 2 583.982 223.566 311.457 162.037
7 0.288157 0.260721 2.62559 2 559.486 230.924 298.393 167.371
8 0.91819 0.686113 2.9383 2 700.602 162.086 373.654 117.478
9 1.09331 0.523893 3.07045 2 730.841 194.158 389.782 140.723
10 1.15884 0.315425 3.18042 2 736.501 230.628 392.8 167.156
11 1.14864 0.276633 3.19955 2 732.734 237.123 390.791 171.863
12 0.830597 0.210259 3.20411 2 663.039 247.852 353.621 179.64
13 0.894052 -0.0825032 3.4035 2 665.405 293.532 354.883 212.748
14 0.935678 -0.375187 3.554 2 665.934 334.905 355.165 242.734
15 0.922018 -0.443476 3.46291 2 668.067 346.373 356.302 251.047
16 0.982933 0.235828 3.17737 2 698.025 243.418 372.28 176.426
17 1.10704 -0.0670199 3.33445 2 713.798 291.45 380.692 211.239
18 1.20385 -0.361547 3.52598 2 720.477 333.481 384.255 241.702
19 1.25317 -0.412374 3.51773 2 730.857 340.996 389.79 247.149
20 0.763334 0.681055 2.98659 2 660.948 165.01 352.506 119.597
21 0.238761 0.23408 2.55458 2 548.251 234.827 292.401 170.2
22 0.224622 0.295438 2.63442 2 542.625 224.429 289.4 162.663
23 1.16591 0.227373 3.25455 2 732.182 245.59 390.497 178
24 1.104 0.199733 3.1645 2 725.625 249.038 387 180.499
0
0
-0.0710392 -0.129954 0.960793 -0.234395
-0.0746518 -0.129072 0.96052 -0.234882
-0.0741761 -0.134349 0.949931 -0.272176
0 0 0 0
0.164999 0.768675 -0.592314 0.17629
0.298351 -0.578983 -0.0116707 0.758703
0.433006 -0.657679 -0.0512217 0.61428
0.596478 -0.602486 -0.020241 0.529919
0.0838773 0.63569 0.713125 -0.2834
0.236874 0.889086 0.38291 0.0824383
0.268338 0.895235 0.0437774 -0.353034
0.165903 0.904919 -0.189696 -0.342948
0.0387714 0.73043 -0.643033 0.226886
-0.264121 -0.640114 0.153159 0.705008
-0.200049 -0.62467 0.137266 0.742243
0 0 0 0
-0.0291466 0.551001 0.749361 -0.366068
0.0565214 0.729658 0.28231 0.620247
-0.0169104 0.381938 0.309205 0.870764
0 0 0 0
-0.0764851 -0.131068 0.955751 -0.252016
0 0 0 0
0 0 0 0
0 0 0 0
0 0 0 0
