12911443
0 0.846551 0.227151 3.14026 2 670.263 244.425 357.474 177.156
1 0.847948 0.502486 3.02085 2 678.244 196.49 361.73 142.413
2 0.845258 0.770558 2.8908 2 686.692 145.212 366.236 105.248
3 0.791965 0.876421 2.83781 2 677.518 123.59 361.343 89.5763
4 0.735015 0.73628 3.07123 2 649.667 159.063 346.489 115.287
5 0.725288 0.499188 3.19655 2 640.746 201.804 341.731 146.265
6 0.713293 0.263388 3.25132 2 635.341 240.077 338.848 174.005
7 0.71384 0.211895 3.26387 2 634.845 248.253 338.584 179.93
8 0.936871 0.641644 2.81818 2 714.484 165.032 381.058 119.613
9 0.970581 0.412808 2.84011 2 720.785 207.09 384.419 150.096
10 0.920976 0.165796 2.93757 2 700.908 252.471 373.817 182.988
11 0.898356 0.118384 2.95597 2 694.182 260.825 370.23 189.043
12 0.794319 0.233143 3.15852 2 657.657 243.695 350.751 176.627
13 0.856547 -0.0697775 3.39813 2 658.003 291.644 350.935 211.38
14 0.922053 -0.38227 3.57332 2 662.288 335.615 353.22 243.249
15 0.863033 -0.418142 3.63614 2 647.903 339.661 345.548 246.182
16 0.880629 0.216203 3.0557 2 683.244 245.208 364.397 177.723
17 0.973698 -0.128604 3.19532 2 694.75 301.698 370.534 218.666
18 1.05301 -0.484927 3.35094 2 701.587 354.959 374.18 257.27
19 1.00317 -0.548209 3.28806 2 695.262 366.182 370.807 265.403
20 0.846597 0.704639 2.9253 2 684.54 158.361 365.088 114.778
21 0.716231 0.146815 3.28982 2 634.126 258.56 338.201 187.401
22 0.737766 0.202181 3.22357 2 641.901 249.36 342.347 180.733
23 0.88411 0.0526449 2.99434 2 688.125 272.265 367 197.334
24 0.858831 0.135283 2.94314 2 685.735 257.822 365.725 186.866
1
1
-0.406044 0.0864208 0.890977 -0.183901
-0.420939 0.0894948 0.884038 -0.182424
-0.434096 0.0984287 0.868611 -0.217685
0 0 0 0
-0.425877 -0.610083 0.635216 0.207192
-0.152517 -0.669662 0.187028 0.702362
0.112228 0.878202 0.0311062 0.463895
0.103171 0.8792 0.0599941 0.461263
-0.158695 0.70512 0.519372 -0.455932
0.069811 0.933534 0.0516992 -0.347805
0.0701518 0.713135 -0.194636 -0.669801
-0.0167086 0.707754 -0.271705 -0.651907
-0.262018 -0.667772 0.696547 -0.0157793
-0.189686 -0.319382 0.277242 0.886088
-0.0232224 0.257588 0.265406 0.9288
0 0 0 0
-0.336937 0.593164 0.57172 -0.455814
0.137481 0.923802 0.177514 0.310126
0.133007 0.868545 0.182608 0.441127
0 0 0 0
-0.435325 0.0949314 0.873228 -0.197364
0 0 0 0
0 0 0 0
0 0 0 0
0 0 0 0
