12939316
0 -0.450939 -0.187675 2.44129 2 356.64 320.202 190.208 232.078
1 -0.478593 0.0770289 2.34404 2 343.196 264.54 183.038 191.735
2 -0.504452 0.335385 2.23603 2 328.087 204.955 174.98 148.548
3 -0.477413 0.45251 2.21994 2 335.245 177.49 178.797 128.642
4 -0.54133 0.201761 2.1653 2 311.252 233.845 166.001 169.487
5 -0.497478 -0.020106 2.17328 2 326.029 285.908 173.882 207.222
6 -0.441523 -0.204206 2.25277 2 348.797 327.21 186.025 237.157
7 -0.438387 -0.255155 2.31465 1 353.331 337.156 188.443 244.366
8 -0.418996 0.254607 2.4037 1 363.794 227.481 194.023 164.875
9 -0.391914 0.0293367 2.5625 1 378.686 275.412 201.966 199.615
10 -0.36445 -0.17863 2.60772 1 387.755 315.908 206.803 228.965
11 -0.363069 -0.219332 2.65925 1 389.966 322.992 207.982 234.1
12 -0.478399 -0.199639 2.37256 2 344.891 323.914 183.942 234.769
13 -0.444394 -0.562622 2.51892 2 362.008 394.82 193.071 286.16
14 -0.468203 -0.918761 2.72352 2 364.802 453.267 194.561 328.522
15 -0.396476 -0.949159 2.70507 2 382.364 460.178 203.927 333.531
16 -0.412098 -0.17064 2.44746 2 367.965 316.553 196.248 229.433
17 -0.544995 -0.515362 2.44737 2 329.918 388.396 175.957 281.504
18 -0.50952 -0.899743 2.65203 2 350.76 454.287 187.072 329.261
19 -0.434172 -0.923357 2.69453 2 372.273 455.988 198.546 330.494
20 -0.498484 0.271743 2.26501 2 332.007 220.258 177.07 159.64
21 -0.397135 -0.328605 2.33355 2 366.575 352.681 195.506 255.618
22 -0.40677 -0.200947 2.33787 2 364.054 324.797 194.162 235.408
23 -0.358878 -0.228531 2.65868 1 391.03 324.755 208.549 235.378
24 -0.353605 -0.215488 2.64309 1 391.864 322.508 208.994 233.749
1
0
0.411748 -0.118125 0.893057 -0.137694
0.452831 -0.1244 0.872944 -0.132052
0.495493 -0.144812 0.84136 -0.160092
0 0 0 0
-0.264216 0.734421 -0.399024 0.481243
-0.0455317 0.787308 0.0878706 0.608565
-0.0780503 0.270911 0.227512 0.93207
0.0654339 0.183563 0.422092 0.885359
0.367946 0.66407 0.55796 0.335123
0.16814 0.65034 0.255003 0.695529
-0.0057115 0.475602 0.124095 0.870845
0.174193 0.381419 0.399792 0.815073
-0.357349 0.625509 -0.540843 0.434199
0.193492 0.920742 -0.0240161 -0.337961
0.246781 0.947548 -0.079242 -0.187008
0 0 0 0
0.202682 0.546783 0.810962 -0.0478497
0.0773098 0.890742 -0.165806 0.416066
-0.0812475 -0.160313 0.231339 0.956128
0 0 0 0
0.496364 -0.13811 0.845492 -0.140326
0 0 0 0
0 0 0 0
0 0 0 0
0 0 0 0
