12908488
0 -0.514455 -0.215637 2.37393 2 334.413 327.335 178.354 237.248
1 -0.527333 0.0416413 2.27299 2 323.875 271.909 172.733 197.076
2 -0.538536 0.293795 2.16219 2 311.798 212.1 166.292 153.727
3 -0.504346 0.411561 2.14768 2 321.533 183.68 171.484 133.129
4 -0.582422 0.170975 2.097 2 291.943 239.733 155.703 173.755
5 -0.55267 -0.0554056 2.08919 2 301.217 294.691 160.649 213.588
6 -0.42489 -0.187115 2.20429 2 351.052 324.279 187.228 235.033
7 -0.431666 -0.183989 2.29283 1 354.171 321.917 188.891 233.321
8 -0.473258 0.249232 2.4295 1 349.602 229.146 186.454 166.082
9 -0.43143 0.0132695 2.45951 1 363.143 278.476 193.676 201.836
10 -0.285769 -0.099001 2.32575 2 399.434 302.758 213.032 219.435
11 -0.290822 -0.111324 2.35644 1 399.056 305.125 212.83 221.151
12 -0.529783 -0.226567 2.30291 2 325.126 331.194 173.401 240.045
13 -0.501986 -0.577451 2.47121 2 343.429 400.163 183.162 290.033
14 -0.525602 -0.911243 2.70128 2 349.062 453.303 186.166 328.548
15 -0.466362 -0.939279 2.73818 2 365.894 456.184 195.144 330.636
16 -0.485904 -0.199707 2.38225 2 343.274 323.758 183.08 234.655
17 -0.5082 -0.580897 2.47008 2 341.612 400.939 182.193 290.595
18 -0.503539 -0.828635 2.83108 1 360.79 430.357 192.421 311.917
19 -0.449608 -0.850163 2.89144 2 376.308 430.994 200.698 312.379
20 -0.536246 0.231603 2.19179 2 314.943 227.496 167.97 164.886
21 -0.422238 -0.205863 2.30573 2 357.72 326.5 190.784 236.643
22 -0.454091 -0.249131 2.27756 2 346.41 336.74 184.752 244.065
23 -0.275303 -0.112886 2.34406 2 403.172 305.586 215.025 221.485
24 -0.319116 -0.12854 2.31189 2 388.96 309.368 207.445 224.225
1
1
0.505015 -0.115789 0.842564 -0.147099
0.53037 -0.120203 0.826839 -0.143515
0.55417 -0.139126 0.802573 -0.17151
0 0 0 0
-0.240121 0.705793 -0.439436 0.501093
-0.0419542 0.913229 0.0528415 0.401822
0.43028 0.740014 0.104149 -0.506351
0.673859 0.667229 -0.251995 -0.192923
0.462111 0.551162 0.567632 0.400586
-0.0527218 0.41829 0.0933394 0.901965
-0.414601 0.121039 -0.285051 0.855687
0.191555 0.151867 0.528318 0.813095
-0.407018 0.587144 -0.509857 0.479212
0.223535 0.94489 -0.018712 -0.238463
0.298283 0.947097 0.00655109 0.118286
0 0 0 0
0.265477 0.51346 0.815859 -0.0159864
0.102109 0.726795 0.0559543 0.676914
-0.0739972 -0.129232 0.460024 0.875329
0 0 0 0
0.555728 -0.131862 0.806532 -0.152592
0 0 0 0
0 0 0 0
0 0 0 0
0 0 0 0
