12926494
0 0.7982 0.261702 3.24625 2 653.769 240.242 348.677 174.124
1 0.781952 0.541255 3.12604 2 656.974 193.085 350.386 139.946
2 0.762569 0.813678 2.99554 2 660.378 142.691 352.201 103.42
3 0.69915 0.918207 2.95825 2 647.807 122.865 345.497 89.0507
4 0.666703 0.75382 3.18185 2 628.942 160.583 335.436 116.388
5 0.661968 0.527399 3.32583 2 621.397 200.635 331.412 145.417
6 0.655615 0.317997 3.3718 2 618.048 233.352 329.625 169.13
7 0.646557 0.242878 3.39285 2 615.321 244.899 328.171 177.499
8 0.856803 0.68497 2.92165 2 687.207 161.644 366.51 117.157
9 0.908593 0.450892 2.95074 2 697.195 203.343 371.837 147.38
10 0.86609 0.218571 3.02812 2 681.728 244.484 363.588 177.199
11 0.849459 0.165464 3.05418 2 676.2 253.656 360.64 183.846
12 0.746699 0.268799 3.26288 2 641.919 239.368 342.357 173.49
13 0.818932 -0.0584203 3.46419 2 647.098 289.775 345.119 210.025
14 0.91644 -0.385137 3.58337 2 660.694 335.866 352.37 243.431
15 0.853772 -0.427658 3.61047 2 647.301 341.418 345.227 247.455
16 0.833081 0.24918 3.16233 2 665.994 241.145 355.197 174.778
17 0.919268 -0.128241 3.24191 2 679.971 301.332 362.651 218.402
18 1.02816 -0.487337 3.33457 2 697.466 355.68 371.982 257.792
19 0.989799 -0.555411 3.28208 2 692.814 367.45 369.501 266.323
20 0.767987 0.746692 3.03015 2 659.52 155.605 351.744 112.78
21 0.650537 0.178759 3.419 2 615.092 254.695 328.049 184.599
22 0.622162 0.230898 3.38271 2 610.713 246.595 325.714 178.729
23 0.839641 0.100704 3.07914 2 672.382 264.581 358.604 191.765
24 0.810634 0.172677 3.03503 2 668.507 252.283 356.537 182.851
1
1
-0.408285 0.0592567 0.889932 -0.194455
-0.426524 0.0632482 0.881336 -0.193193
-0.442061 0.0744473 0.864671 -0.226681
0 0 0 0
0.433035 0.654032 -0.576199 -0.229604
-0.18768 -0.667658 0.20717 0.689993
-0.056558 -0.627996 0.092981 0.770569
-0.0411322 -0.628769 0.141661 0.763472
-0.15621 0.69364 0.523601 -0.469366
0.0851448 0.962535 0.0900651 -0.241175
0.0542573 0.710672 -0.172233 -0.679954
0.0610973 0.695685 -0.253304 -0.669422
-0.263009 -0.658869 0.704153 -0.0297852
-0.18137 -0.323265 0.220406 0.902234
-0.121181 0.0951433 0.181747 0.971201
0 0 0 0
-0.312028 0.585166 0.578268 -0.475211
0.0598049 0.933457 0.137678 0.325771
0.0490373 0.887885 0.18183 0.419754
0 0 0 0
-0.443983 0.0703582 0.868966 -0.206945
0 0 0 0
0 0 0 0
0 0 0 0
0 0 0 0
