12934896
0 0.932301 0.292568 3.34563 2 676.624 236.72 360.866 171.572
1 0.898151 0.567688 3.2011 2 678.192 190.871 361.703 138.341
2 0.85981 0.835362 3.04598 2 679.668 141.291 362.49 102.406
3 0.821317 0.921031 2.98403 2 674.849 123.689 359.919 89.6481
4 0.709482 0.752335 3.16096 2 639.317 159.984 340.969 115.954
5 0.606858 0.52862 3.19256 2 615.203 197.084 328.109 142.844
6 0.501859 0.447141 3.01082 2 598.934 205.829 319.432 149.182
7 0.410718 0.407914 2.94739 2 579.994 211.024 309.33 152.948
8 1.01524 0.729656 3.03609 2 715.868 158.562 381.796 114.924
9 1.11951 0.525969 3.11915 2 732.817 195.175 390.836 141.46
10 1.07342 0.309546 3.13735 2 720.974 230.916 384.519 167.365
11 1.04405 0.249246 3.13718 2 714.413 240.727 381.02 174.475
12 0.854105 0.293155 3.33972 2 660.647 236.585 352.345 171.473
13 0.903682 -0.0167043 3.52647 2 660.918 283.618 352.49 205.562
14 0.92165 -0.328133 3.66497 2 657.68 326.723 350.763 236.804
15 0.885702 -0.3977 3.5795 2 654.915 337.698 349.288 244.759
16 0.991533 0.286077 3.28442 2 692.834 236.865 369.511 171.676
17 1.06818 -0.0508837 3.41816 2 700.167 288.79 373.423 209.311
18 1.14106 -0.372664 3.53727 2 707.322 334.891 377.238 242.724
19 1.1399 -0.447327 3.49244 2 710.029 346.493 378.682 251.133
20 0.870099 0.76959 3.08676 2 679.324 154.056 362.306 111.658
21 0.370944 0.377408 2.90657 2 571.873 215.391 304.999 156.112
22 0.360638 0.457446 2.94217 2 568.438 202.358 303.167 146.666
23 1.03737 0.189462 3.15229 2 711.792 250.591 379.622 181.625
24 1.06037 0.235464 3.10487 2 720.501 242.559 384.267 175.803
0
1
-0.186499 -0.00941829 0.951423 -0.244794
-0.189589 -0.00862278 0.950812 -0.244823
-0.191744 -0.0129054 0.940458 -0.280369
0 0 0 0
0.307359 0.739966 -0.597492 0.0313585
0.134838 -0.565728 0.176221 0.794177
-0.564762 0.72182 -0.0101471 -0.399896
0.553401 -0.638285 0.164911 0.509062
0.055562 0.720048 0.609263 -0.327479
0.133452 0.941657 0.252646 0.177886
0.0776832 0.919813 -0.0810914 0.375944
0.0874689 0.895404 -0.206974 0.3844
-0.140288 -0.678102 0.695744 -0.190886
-0.206631 -0.534804 0.181742 0.798911
-0.141028 -0.560729 0.154549 0.80113
0 0 0 0
-0.127984 0.600182 0.667554 -0.421632
0.0966744 0.817832 0.189663 0.534633
0.0688892 0.763818 0.191261 0.612581
0 0 0 0
-0.192438 -0.0104086 0.945993 -0.260684
0 0 0 0
0 0 0 0
0 0 0 0
0 0 0 0
