12969077
0 1.24009 0.259066 3.31102 2 743.577 241.301 396.575 174.891
1 1.2754 0.537598 3.15962 2 763.981 194.355 407.457 140.866
2 1.3075 0.809375 2.99823 2 786.302 143.489 419.361 103.999
3 1.34293 0.897427 2.92446 2 801.908 124.862 427.684 90.4981
4 1.13382 0.748112 3.00853 2 745.413 154.268 397.554 111.811
5 1.01516 0.523977 3.12829 2 708.811 195.809 378.033 141.92
6 1.00923 0.29848 3.15383 2 705.497 232.997 376.265 168.873
7 1.00421 0.261489 3.16565 2 703.534 239.138 375.218 173.324
8 1.45143 0.67537 3.08645 2 809.946 169.592 431.971 122.918
9 1.5232 0.476335 3.20274 2 813.789 205.311 434.021 148.807
10 1.62539 0.263306 3.19884 2 836.226 239.219 445.987 173.382
11 1.64523 0.21485 3.15789 2 845.044 246.512 450.69 178.669
12 1.15423 0.257836 3.27302 2 728.287 241.049 388.419 174.709
13 1.10204 -0.0535586 3.45936 2 704.406 289.094 375.683 209.532
14 1.05049 -0.310649 3.6246 2 684.408 324.83 365.017 235.432
15 1.05475 -0.379195 3.53445 2 690.453 335.838 368.241 243.411
16 1.30122 0.254194 3.28259 2 758.844 241.696 404.717 175.178
17 1.30978 -0.059946 3.46722 2 745.789 290.029 397.754 210.209
18 1.29958 -0.328333 3.58848 2 734.944 327.871 391.97 237.637
19 1.38626 -0.332541 3.59464 2 751.352 328.411 400.721 238.028
20 1.30028 0.742429 3.04049 2 780.57 156.588 416.304 113.493
21 1.01622 0.205313 3.1821 2 704.997 248.349 375.999 180
22 1.02978 0.252089 3.14921 2 710.36 240.428 378.859 174.259
23 1.68571 0.146958 3.08066 2 862.878 256.903 460.202 186.2
24 1.61127 0.177072 3.15229 2 838.326 252.554 447.107 183.048
1
0
0.0355553 0.0481382 0.967128 -0.247147
0.0474668 0.0450899 0.966617 -0.247721
0.0549054 0.0313748 0.958153 -0.279184
0 0 0 0
-0.121758 -0.650621 0.708472 -0.244815
0.13874 0.895163 -0.284906 -0.31347
0.0526417 0.791416 0.0239581 0.608536
0.160925 0.781751 0.0417997 0.601017
0.227612 0.826856 0.502826 -0.10802
0.0256513 0.570077 0.295198 0.766298
-0.182132 -0.526218 -0.126792 0.820882
0.00546842 -0.417745 -0.368078 0.830649
-0.0295889 -0.63813 0.701838 -0.31518
0.14402 0.70667 -0.23363 -0.652145
0.148289 0.709088 -0.251507 -0.641832
0 0 0 0
-0.00984309 0.668258 0.681079 -0.299108
0.173539 0.670025 0.197344 0.694267
0.0122192 -0.025467 0.210886 0.977102
0 0 0 0
0.0578892 0.0384862 0.962548 -0.262047
0 0 0 0
0 0 0 0
0 0 0 0
0 0 0 0
