12930417
0 0.829551 0.236192 3.18281 2 664.032 243.483 354.15 176.473
1 0.825767 0.513687 3.05714 2 670.869 195.651 357.797 141.805
2 0.818868 0.78439 2.92071 2 678.323 144.208 361.772 104.52
3 0.759844 0.887101 2.87906 2 666.979 123.978 355.722 89.8579
4 0.716672 0.739041 3.11142 2 643.407 160.217 343.151 116.123
5 0.712568 0.506635 3.25042 2 635.41 201.972 338.885 146.387
6 0.703295 0.2704 3.30686 2 630.682 239.7 336.364 173.731
7 0.697439 0.217318 3.31514 2 629.06 247.94 335.499 179.704
8 0.904572 0.653779 2.85279 2 703.791 164.295 375.355 119.079
9 0.948274 0.43736 2.87682 2 712.343 203.7 379.916 147.639
10 0.89372 0.181377 2.95973 2 692.842 250.016 369.516 181.208
11 0.875299 0.131092 2.98326 2 686.847 258.851 366.318 187.612
12 0.778273 0.245652 3.19585 2 652.121 242.153 347.798 175.509
13 0.846736 -0.0711292 3.42272 2 654.746 291.768 349.198 211.469
14 0.920926 -0.390956 3.58114 2 661.682 336.73 352.897 244.057
15 0.85594 -0.426938 3.61935 2 647.312 341.168 345.233 247.274
16 0.863424 0.221894 3.10241 2 676.349 244.828 360.719 177.448
17 0.955757 -0.12278 3.23645 2 688.173 300.515 367.026 217.809
18 1.03967 -0.463602 3.37514 2 697.238 351.193 371.86 254.54
19 1.00554 -0.532691 3.32279 2 693.516 362.901 369.875 263.026
20 0.821152 0.717882 2.95681 2 676.404 157.408 360.749 114.087
21 0.707935 0.158707 3.35151 2 629.627 257.18 335.801 186.401
22 0.672568 0.195787 3.31733 2 623.75 251.266 332.667 182.114
23 0.859369 0.0733146 3.01645 2 680.892 268.848 363.143 194.857
24 0.83675 0.140633 2.96619 2 678.959 257.094 362.112 186.338
1
1
-0.397542 0.0800149 0.892969 -0.195356
-0.42319 0.0856287 0.881104 -0.192961
-0.446718 0.0995722 0.860053 -0.225473
0 0 0 0
0.438418 0.626107 -0.603426 -0.227281
-0.175325 -0.655621 0.200503 0.706556
-0.0364995 -0.454962 0.112732 0.882592
0.012668 -0.460611 0.0933495 0.882589
-0.16007 0.7037 0.507677 -0.470583
0.0766744 0.964436 0.0830196 -0.238939
0.0453702 0.726229 -0.178189 -0.662406
0.0433649 0.710633 -0.261353 -0.651778
-0.249917 -0.639666 0.724944 -0.0531427
-0.189595 -0.326483 0.252354 0.890943
-0.0713629 0.140637 0.237139 0.958589
0 0 0 0
-0.314784 0.600066 0.565729 -0.469876
0.12945 0.921668 0.17641 0.320392
0.110455 0.855533 0.19045 0.468606
0 0 0 0
-0.4484 0.094955 0.86464 -0.205714
0 0 0 0
0 0 0 0
0 0 0 0
0 0 0 0
