12914409
0 0.864604 0.214691 3.13482 2 674.6 246.376 359.787 178.57
1 0.841086 0.482983 3.00744 2 677.509 199.425 361.338 144.54
2 0.812745 0.745459 2.86584 2 680.55 148.524 362.96 107.648
3 0.760835 0.847506 2.81017 2 671.71 127.315 358.245 92.2759
4 0.696936 0.69635 3.03207 2 643.046 164.243 342.958 119.041
5 0.595957 0.516163 3.03768 2 619.452 194.856 330.374 141.229
6 0.435714 0.396596 2.84407 2 589.576 210.468 314.441 152.544
7 0.377258 0.355345 2.78185 2 577.39 216.451 307.941 156.881
8 0.894145 0.623394 2.79446 2 705.788 167.405 376.42 121.333
9 0.702845 0.418665 2.78384 2 658.528 204.692 351.215 148.358
10 0.495945 0.343138 2.78251 2 606.875 218.63 323.667 158.46
11 0.415795 0.330586 2.77447 2 587.225 220.794 313.186 160.028
12 0.808425 0.220028 3.1545 2 660.989 245.756 352.527 178.12
13 0.868362 -0.059796 3.40039 2 660.305 290.147 352.163 210.294
14 0.926692 -0.379215 3.57337 2 663.189 335.181 353.701 242.935
15 0.862173 -0.410227 3.63343 2 647.856 338.595 345.523 245.409
16 0.901424 0.205285 3.04498 2 688.714 246.898 367.314 178.948
17 0.987684 -0.131024 3.19308 2 697.961 302.101 372.246 218.959
18 1.05091 -0.476929 3.33876 2 701.944 354.007 374.37 256.579
19 1.00426 -0.545946 3.29018 2 695.354 365.776 370.855 265.109
20 0.820235 0.681084 2.90319 2 679.732 161.589 362.524 117.118
21 0.311759 0.348437 2.73343 2 562.5 216.615 300 157
22 0.393506 0.314466 2.75395 2 582.391 223.327 310.609 161.864
23 0.344044 0.349124 2.75416 2 569.999 216.962 303.999 157.251
24 0.409679 0.377672 2.76673 2 586.023 211.973 312.545 153.635
1
1
-0.399657 0.0529782 0.889125 -0.216621
-0.413932 0.0564617 0.88257 -0.21574
-0.424231 0.0672485 0.866209 -0.255318
0 0 0 0
0.413851 0.661295 -0.609397 -0.141603
0.202443 -0.536188 0.151665 0.805306
-0.00732198 -0.530083 0.533985 -0.658648
0.0297583 0.544506 -0.53065 0.648875
-0.176677 0.669098 0.517566 -0.503209
-0.0288487 0.929842 -0.366194 -0.0215322
-0.398891 0.592111 -0.411626 -0.56644
-0.481365 0.56433 -0.437383 -0.508444
-0.280933 -0.673832 0.682438 -0.0361154
-0.204858 -0.335182 0.295315 0.870905
-0.0163058 0.250027 0.256176 0.933592
0 0 0 0
-0.296702 0.554384 0.603116 -0.490792
0.150575 0.915906 0.178433 0.326505
0.139769 0.880603 0.16146 0.423007
0 0 0 0
-0.426811 0.0622678 0.870862 -0.235701
0 0 0 0
0 0 0 0
0 0 0 0
0 0 0 0
