12979195
0 -0.322876 -0.105577 2.59712 2 398.436 301.788 212.499 218.732
1 -0.2863 0.173056 2.52378 2 405.917 246.5 216.489 178.659
2 -0.24964 0.444543 2.43955 2 413.404 188.762 220.482 136.812
3 -0.199242 0.543282 2.44979 2 427.831 168.597 228.177 122.197
4 -0.286357 0.303772 2.35449 2 400.187 215.82 213.433 156.423
5 -0.038703 0.191193 2.4072 2 472.908 241.046 252.217 174.707
6 0.143703 0.21036 2.50403 2 523.409 238.713 279.152 173.016
7 0.189261 0.21871 2.53381 2 535.319 237.534 285.504 172.162
8 -0.186961 0.380128 2.60879 1 434.617 207.392 231.796 150.315
9 -0.0278555 0.206944 2.42442 1 476.06 238.043 253.899 172.53
10 0.155061 0.223607 2.54989 2 525.766 236.845 280.409 171.662
11 0.200391 0.222576 2.5428 2 538.152 236.916 287.014 171.714
12 -0.343636 -0.100897 2.52553 2 390.331 301.439 208.177 218.479
13 -0.405983 -0.540408 2.6143 2 376.709 386.26 200.911 279.956
14 -0.482086 -0.893014 2.73808 2 361.943 447.526 193.036 324.361
15 -0.432227 -0.944558 2.71519 2 373.611 458.655 199.259 332.427
16 -0.294169 -0.107122 2.60287 2 406.231 302.038 216.656 218.913
17 -0.272107 -0.477052 2.88463 2 418.958 365.063 223.444 264.593
18 -0.290498 -0.762893 3.02445 2 417.597 409.447 222.719 296.762
19 -0.230421 -0.804752 3.00177 2 430.907 417.547 229.817 302.632
20 -0.258855 0.377762 2.46256 2 411.536 203.441 219.486 147.451
21 0.256267 0.212514 2.57179 2 552.501 239.384 294.667 173.502
22 0.165497 0.187487 2.4965 2 529.529 243.221 282.415 176.283
23 0.25878 0.212655 2.57362 2 553.125 239.385 295 173.503
24 0.173435 0.193426 2.5045 2 531.565 242.14 283.501 175.5
1
1
0.454858 -0.0021158 0.879083 -0.142523
0.508537 -0.0109566 0.84916 -0.142117
0.560519 -0.0394451 0.809052 -0.172329
0 0 0 0
-0.271645 0.668462 -0.387008 0.574102
-0.0852775 0.782738 0.538135 0.300766
0.574333 0.619931 0.465133 -0.263588
0.607982 0.611719 0.454074 -0.223549
0.447883 0.636948 0.553766 0.295027
-0.186405 -0.256925 -0.418912 0.850738
0.541839 0.66212 0.493829 -0.155375
0.260319 0.61454 0.648842 -0.365484
0.370482 -0.498388 0.627752 -0.469339
0.073322 0.946674 -0.0958767 -0.298731
0.130781 0.942589 -0.14355 -0.271691
0 0 0 0
0.161461 0.724949 0.669012 -0.028331
0.0838763 0.31856 0.30927 0.892097
0.0895226 0.263787 0.208783 0.93745
0 0 0 0
0.563572 -0.0291489 0.810876 -0.154972
0 0 0 0
0 0 0 0
0 0 0 0
0 0 0 0
