12978470
0 -0.327549 -0.105639 2.5919 2 397.019 301.843 211.744 218.772
1 -0.293719 0.17175 2.51448 2 403.593 246.632 215.25 178.755
2 -0.25831 0.442243 2.42671 2 410.562 188.747 218.967 136.801
3 -0.217352 0.544419 2.43299 2 422.297 167.564 225.225 121.448
4 -0.301346 0.297479 2.34318 2 395.367 216.859 210.862 157.176
5 -0.0481262 0.179477 2.39498 2 470.148 243.317 250.746 176.353
6 0.141961 0.194332 2.47875 2 523.325 241.554 279.107 175.075
7 0.202663 0.209841 2.53765 2 538.875 239.368 287.4 173.491
8 -0.195593 0.377822 2.59597 1 432.081 207.474 230.443 150.374
9 -0.0349182 0.289533 2.71121 1 475.102 227.182 253.388 164.658
10 0.172896 0.270634 2.65817 2 528.69 229.686 281.968 166.473
11 0.201613 0.264919 2.62603 2 536.765 230.15 286.275 166.81
12 -0.349602 -0.105542 2.5225 2 388.584 302.397 207.245 219.174
13 -0.410497 -0.542945 2.61499 2 375.538 386.731 200.287 280.298
14 -0.485186 -0.889038 2.74585 2 361.511 446.31 192.806 323.479
15 -0.431645 -0.942754 2.71606 2 373.796 458.257 199.358 332.138
16 -0.296757 -0.105611 2.60161 2 405.508 301.755 216.271 218.708
17 -0.28023 -0.484205 2.88574 2 417.036 366.297 222.419 265.487
18 -0.29216 -0.771465 3.02352 2 417.19 410.941 222.501 297.844
19 -0.225321 -0.802936 3.00584 2 432.154 417.048 230.482 302.271
20 -0.267392 0.375629 2.4506 2 408.778 203.497 218.015 147.492
21 0.256073 0.202467 2.5743 2 552.378 241.403 294.601 174.965
22 0.170715 0.180426 2.49767 2 530.943 244.669 283.169 177.333
23 0.233168 0.207545 2.55383 2 546.75 240.082 291.6 174.008
24 0.221614 0.209961 2.57833 2 543.066 240.002 289.635 173.95
1
1
0.454619 -0.00966023 0.878422 -0.146979
0.503102 -0.0178767 0.851582 -0.146207
0.550122 -0.0416027 0.814978 -0.17733
0 0 0 0
-0.250932 0.681703 -0.389939 0.565917
-0.0595145 0.800584 0.537404 0.258305
0.609735 0.57384 0.404831 -0.367482
0.69318 0.600295 0.331184 -0.222407
0.447986 0.637978 0.553236 0.293637
-0.303141 0.293775 0.451941 0.785844
-0.567604 -0.233929 -0.365973 0.699404
-0.41895 -0.0303299 -0.50868 0.751536
0.35474 -0.52278 0.612229 -0.475433
0.0780933 0.946503 -0.0958866 -0.298058
0.137499 0.931764 -0.150513 -0.300426
0 0 0 0
0.208866 0.706793 0.675872 0.003977
0.0880699 0.316182 0.304267 0.894256
0.0632356 0.195463 0.213289 0.955146
0 0 0 0
0.552995 -0.0329516 0.817156 -0.15927
0 0 0 0
0 0 0 0
0 0 0 0
0 0 0 0
