12969162
0 -0.442584 -0.215197 2.43457 2 358.646 326.046 191.278 236.314
1 -0.471296 0.0496293 2.31645 2 343.701 270.343 183.307 195.941
2 -0.497587 0.308641 2.18695 2 326.774 209.468 174.28 151.82
3 -0.463281 0.425707 2.17406 2 336.635 181.597 179.539 131.619
4 -0.5549 0.179137 2.12688 2 303.68 238.386 161.963 172.779
5 -0.531544 -0.0347353 2.11977 2 310.824 289.536 165.773 209.852
6 -0.470289 -0.219246 2.19622 2 336.183 331.904 179.298 240.56
7 -0.454025 -0.274005 2.22729 2 343.275 343.685 183.08 249.098
8 -0.433676 0.245933 2.35734 1 357.107 228.277 190.457 165.452
9 -0.383317 0.0111971 2.49855 1 378.36 278.941 201.792 202.173
10 -0.36361 -0.168089 2.59952 1 387.678 313.962 206.761 227.555
11 -0.348831 -0.235513 2.65536 1 393.522 326.139 209.879 236.381
12 -0.470953 -0.215961 2.33226 2 344.673 328.21 183.825 237.882
13 -0.474842 -0.57663 2.51883 2 353.596 397.699 188.585 288.247
14 -0.513277 -0.898321 2.74272 2 354.249 448.256 188.933 324.89
15 -0.447477 -0.946908 2.7244 2 370.099 458.502 197.386 332.316
16 -0.403673 -0.209548 2.47468 2 371.581 324.136 198.176 234.93
17 -0.400821 -0.576877 2.45206 1 370.959 400.882 197.845 290.554
18 -0.460424 -0.877268 2.75491 2 368.169 443.551 196.357 321.48
19 -0.433279 -0.890745 2.82417 2 377.692 441.965 201.436 320.33
20 -0.491527 0.244733 2.22137 2 331.202 225.244 176.641 163.254
21 -0.433678 -0.345069 2.26121 2 351.564 358.727 187.501 260
22 -0.485664 -0.25797 2.21245 2 332.409 340.445 177.285 246.75
23 -0.352455 -0.281387 2.67678 1 393.288 334.476 209.754 242.424
24 -0.342726 -0.226061 2.65323 1 395.043 324.366 210.69 235.096
1
0
0.497098 -0.148978 0.841016 -0.152939
0.493724 -0.148364 0.843002 -0.153534
0.488736 -0.160103 0.836544 -0.188939
0 0 0 0
-0.204823 0.734447 -0.456409 0.458612
-0.0426889 0.848531 0.0374672 0.526088
-0.234326 -0.58642 0.0589249 0.773131
-0.255697 -0.589195 0.116516 0.757557
0.435643 0.615331 0.560603 0.342501
0.24906 0.951208 0.128767 0.128809
-0.0540579 -0.0180985 0.251798 0.966099
-0.0918819 -0.00878997 0.334428 0.93789
0.402654 -0.546417 0.578164 -0.452796
0.228563 0.944101 -0.0606751 -0.229675
0.274512 0.920017 -0.127335 -0.248993
0 0 0 0
0.35605 0.640655 0.650775 0.198196
-0.0225624 0.636334 -0.0212403 0.770791
-0.0983406 -0.400667 0.376307 0.829571
0 0 0 0
0.489713 -0.153915 0.841257 -0.16964
0 0 0 0
0 0 0 0
0 0 0 0
0 0 0 0
