12911189
0 -0.506713 -0.215125 2.36417 2 336.066 327.412 179.235 237.304
1 -0.525198 0.0419323 2.25958 2 323.574 271.788 172.573 196.988
2 -0.537915 0.293554 2.14492 2 310.6 211.595 165.653 153.361
3 -0.518993 0.409388 2.13715 2 315.96 183.698 168.512 133.141
4 -0.576035 0.16158 2.08024 2 292.531 241.699 156.016 175.18
5 -0.492937 -0.064763 2.08417 2 320.727 296.991 171.054 215.255
6 -0.378055 -0.20977 2.19421 2 365.21 329.695 194.779 238.958
7 -0.413223 -0.251884 2.30651 1 360.433 336.617 192.231 243.975
8 -0.472595 0.248966 2.41222 1 348.824 228.827 186.039 165.85
9 -0.406419 0.0326237 2.48634 2 371.413 274.563 198.087 199
10 -0.203858 -0.0161979 2.40208 2 425.631 284.621 227.003 206.289
11 -0.197595 -0.000137555 2.42303 2 427.915 281.239 228.221 203.839
12 -0.520784 -0.22294 2.30125 2 327.733 330.422 174.791 239.485
13 -0.483051 -0.596929 2.48695 2 349.59 403.394 186.448 292.374
14 -0.522933 -0.909648 2.69703 2 349.537 453.27 186.42 328.524
15 -0.446012 -0.950556 2.70226 2 369.532 460.659 197.084 333.879
16 -0.479099 -0.201755 2.3643 2 344.194 324.52 183.57 235.207
17 -0.481403 -0.569935 2.4667 2 348.976 398.803 186.12 289.047
18 -0.474654 -0.807307 2.82958 2 367.833 426.546 196.177 309.155
19 -0.439407 -0.899664 2.8101 2 375.634 444.412 200.338 322.104
20 -0.535621 0.231507 2.17548 2 313.865 227.113 167.395 164.608
21 -0.40469 -0.267329 2.30344 2 362.819 340.094 193.503 246.495
22 -0.402571 -0.269037 2.2915 2 362.823 340.78 193.505 246.993
23 -0.169986 0.00874549 2.43241 2 435.94 279.393 232.501 202.5
24 -0.207915 0.0277202 2.37362 2 423.753 275.304 226.002 199.537
0
0
0.469775 -0.121543 0.861059 -0.152039
0.515203 -0.129509 0.834672 -0.145313
0.562539 -0.144884 0.794884 -0.175264
0 0 0 0
-0.24075 0.71337 -0.402553 0.520667
-0.0827788 0.844802 0.154411 0.505583
0.238931 0.906948 0.325705 0.119469
0.564343 0.716255 0.114232 0.394267
0.457652 0.548666 0.571048 0.404257
-0.0970489 0.248557 0.190289 0.94477
-0.337593 0.768111 0.526706 0.136445
0.044079 0.150589 0.891078 0.425863
-0.417822 0.587035 -0.515024 0.46429
0.231471 0.932718 -0.0201908 -0.275771
0.283531 0.950894 -0.0829065 -0.0923959
0 0 0 0
0.169511 0.520895 0.830155 -0.103812
0.0991398 0.710913 0.0920042 0.690151
0.261938 0.497863 0.397135 0.725124
0 0 0 0
0.563524 -0.140281 0.799318 -0.154443
0 0 0 0
0 0 0 0
0 0 0 0
0 0 0 0
