12969523
0 -0.465546 -0.201752 2.4184 2 351.231 323.536 187.323 234.494
1 -0.481664 0.0557826 2.31092 2 340.248 268.964 181.466 194.941
2 -0.499016 0.310539 2.18712 2 326.33 209.03 174.043 151.502
3 -0.467468 0.428098 2.17656 2 335.466 181.146 178.915 131.292
4 -0.552919 0.1811 2.12495 2 304.162 237.877 162.22 172.41
5 -0.507241 -0.0314818 2.11692 2 318.581 288.764 169.91 209.292
6 -0.440469 -0.21548 2.19087 2 345.274 331.134 184.146 240.001
7 -0.40295 -0.296116 2.24347 2 360.065 348.205 192.035 252.374
8 -0.435014 0.247106 2.35722 1 356.706 228.021 190.243 165.266
9 -0.384654 0.0123319 2.49846 1 377.986 278.711 201.593 202.006
10 -0.364832 -0.166516 2.60007 1 387.374 313.648 206.6 227.328
11 -0.350559 -0.233654 2.65636 1 393.108 325.768 209.658 236.112
12 -0.487322 -0.216773 2.33887 2 340.211 328.262 181.446 237.92
13 -0.477716 -0.574658 2.51844 2 352.786 397.319 188.153 287.971
14 -0.51358 -0.899333 2.74336 2 354.202 448.407 188.908 324.999
15 -0.447514 -0.946951 2.72467 2 370.101 458.493 197.387 332.309
16 -0.429884 -0.178541 2.43011 2 362.06 318.464 193.098 230.819
17 -0.458061 -0.53198 2.29678 1 346.005 399.104 184.536 289.265
18 -0.493636 -0.847142 2.58896 2 351.799 448.101 187.626 324.777
19 -0.467417 -0.858328 2.65921 2 362.156 445.795 193.15 323.106
20 -0.494498 0.247522 2.22067 2 330.221 224.585 176.118 162.776
21 -0.372508 -0.364823 2.27187 2 370.831 362.737 197.777 262.906
22 -0.403617 -0.238532 2.29675 2 362.814 333.893 193.501 242.001
23 -0.354217 -0.279349 2.67855 1 392.895 334.055 209.544 242.119
24 -0.343615 -0.222612 2.65268 1 394.795 323.716 210.557 234.625
0
0
0.484299 -0.122502 0.85212 -0.15601
0.4925 -0.124002 0.847407 -0.15482
0.495786 -0.151605 0.833467 -0.191169
0 0 0 0
-0.211506 0.725989 -0.447728 0.477227
-0.0767956 0.806447 0.0747851 0.581509
-0.145793 0.095721 0.197655 0.964632
-0.166906 0.0864141 0.28627 0.939534
0.434629 0.622457 0.556509 0.337554
0.251451 0.953456 0.124054 0.110923
-0.0543842 -0.0179588 0.253603 0.965611
-0.0892738 -0.00965118 0.337406 0.937067
-0.3814 0.603837 -0.514714 0.474324
0.22558 0.939077 -0.0484274 -0.254759
0.274708 0.920599 -0.123313 -0.248652
0 0 0 0
0.288481 0.486754 0.824475 -0.00948214
-0.096624 0.680591 -0.155368 0.709451
-0.134375 -0.442885 0.341353 0.818092
0 0 0 0
0.498823 -0.138041 0.838299 -0.17139
0 0 0 0
0 0 0 0
0 0 0 0
0 0 0 0
