12942255
0 1.14017 0.275416 3.26414 2 725.954 238.196 387.175 172.641
1 1.12286 0.561536 3.14107 2 731.834 189.993 390.311 137.705
2 1.09942 0.83862 3.01397 2 737.023 139.166 393.079 100.866
3 1.09746 0.93766 2.93401 2 743.39 118.103 396.475 85.5998
4 0.943908 0.758738 3.07848 2 696.542 155.468 371.489 112.681
5 0.910637 0.512541 3.19407 2 681.298 199.479 363.359 144.58
6 0.912637 0.309546 3.21766 2 680.11 232.254 362.725 168.335
7 0.930436 0.237831 3.22654 2 683.373 243.702 364.466 176.632
8 1.26394 0.72807 3.01899 2 774.367 158.114 412.996 114.599
9 1.3173 0.502336 3.10545 2 778.242 198.632 415.062 143.966
10 1.29393 0.281233 3.12249 2 771.395 235.239 411.411 170.498
11 1.26988 0.209265 3.12753 2 765.555 247.064 408.296 179.068
12 1.05489 0.275867 3.24517 2 709.018 237.901 378.143 172.428
13 1.04552 -0.0271139 3.46936 2 692.38 285.188 369.27 206.7
14 1.00362 -0.32687 3.64938 2 674.081 326.776 359.51 236.843
15 0.948253 -0.384819 3.65063 2 663.478 334.82 353.855 242.673
16 1.20157 0.269695 3.21598 2 742.948 238.435 396.239 172.814
17 1.21095 -0.0357042 3.42335 2 728.987 286.527 388.793 207.671
18 1.21683 -0.347142 3.58133 2 719.313 330.618 383.633 239.628
19 1.26659 -0.391059 3.56905 2 729.891 337.086 389.275 244.315
20 1.10608 0.770646 3.04719 2 735.773 152.107 392.412 110.245
21 0.944971 0.171441 3.24521 2 685.311 254.33 365.499 184.335
22 0.89103 0.233516 3.23264 2 674.486 244.468 359.726 177.187
23 1.26894 0.140965 3.14696 2 763.585 258.353 407.245 187.251
24 1.25948 0.211313 3.07886 2 767.677 246.183 409.428 178.43
1
1
-0.101715 -0.00724955 0.973787 -0.203325
-0.103839 -0.00680604 0.973562 -0.20334
-0.108026 -0.0198603 0.967375 -0.2283
0 0 0 0
0.2055 0.727185 -0.649472 0.0846081
0.146152 0.812518 -0.171431 -0.537648
-0.0370962 -0.571177 0.0446093 0.818774
-0.133279 -0.571979 -0.0205288 0.809108
0.073928 0.757652 0.605162 -0.232976
0.129682 0.917847 0.165026 0.336907
0.0417947 0.995535 -0.0497609 0.0684654
0.0453837 0.983788 -0.157339 0.0731176
-0.0590763 -0.673307 0.706463 -0.209948
-0.191547 -0.611359 0.248 0.726668
-0.0145507 -0.267788 0.272386 0.924058
0 0 0 0
-0.104615 0.639 0.672679 -0.358103
0.218126 0.737158 0.197241 0.608371
0.0563728 0.270536 0.225775 0.934162
0 0 0 0
-0.107395 -0.0141529 0.971283 -0.211839
0 0 0 0
0 0 0 0
0 0 0 0
0 0 0 0
