12946243
0 1.11486 0.280336 3.30161 2 717.827 237.937 382.841 172.454
1 1.10875 0.554579 3.14328 2 728.524 191.195 388.546 138.576
2 1.09702 0.821575 2.97568 2 739.72 140.263 394.517 101.661
3 1.06152 0.91039 2.9143 2 736.628 121.753 392.868 88.2451
4 0.956093 0.775051 3.1215 2 696.322 154.532 371.372 112.003
5 0.923791 0.548694 3.26964 2 679.53 195.732 362.416 141.864
6 0.879305 0.326553 3.32291 2 666.854 231.229 355.656 167.592
7 0.89255 0.276758 3.33228 2 669.076 238.972 356.84 173.204
8 1.22992 0.699885 2.97145 2 771.089 160.978 411.248 116.675
9 1.32024 0.502983 3.03911 2 785.333 196.722 418.844 142.581
10 1.23221 0.237438 3.04555 2 764.559 241.423 407.765 174.98
11 1.19689 0.144788 3.01488 2 759.236 256.706 404.926 186.057
12 1.03922 0.288496 3.29283 2 702.411 236.585 374.619 171.474
13 1.01224 -0.0353845 3.46806 2 685.76 286.402 365.739 207.58
14 1.02204 -0.342231 3.62553 2 678.896 329.244 362.078 238.632
15 0.954998 -0.39484 3.62968 2 665.825 336.541 355.107 243.921
16 1.16626 0.266464 3.24136 2 733.292 239.291 391.089 173.435
17 1.19542 -0.0470587 3.42744 2 725.526 288.208 386.947 208.889
18 1.21253 -0.348708 3.5813 2 718.477 330.84 383.188 239.788
19 1.16118 -0.415829 3.50248 2 713.599 341.725 380.586 247.677
20 1.10084 0.755943 3.01945 2 736.881 153.406 393.003 111.187
21 0.885801 0.207763 3.35509 2 666.37 249.728 355.397 180.999
22 0.924006 0.272123 3.3136 2 676.747 239.431 360.932 173.536
23 1.17813 0.0855616 2.98028 2 758.05 266.563 404.294 193.201
24 1.19932 0.118358 2.95283 2 765.629 260.756 408.336 188.992
0
0
-0.20005 0.043829 0.94494 -0.255239
-0.229651 0.0518295 0.938186 -0.253735
-0.260611 0.0546096 0.920638 -0.285525
0 0 0 0
0.387367 0.666628 -0.63528 -0.0444156
-0.131602 -0.604776 0.259352 0.741393
0.149371 0.663269 0.0209828 0.733023
-0.0196855 0.728273 0.155603 0.667097
0.0498695 0.748792 0.555879 -0.357521
0.11642 0.95185 0.229442 0.166684
0.0531797 0.952352 -0.150643 0.259818
-0.0966963 0.933703 -0.210529 0.272994
-0.150244 -0.634657 0.728495 -0.209601
-0.104449 -0.537267 0.224732 0.806182
-0.0474509 -0.136595 0.230396 0.962293
0 0 0 0
-0.167303 0.631341 0.621084 -0.433212
0.200233 0.812198 0.176922 0.518595
0.186993 0.834165 0.142109 0.499007
0 0 0 0
-0.26044 0.0569058 0.926199 -0.266624
0 0 0 0
0 0 0 0
0 0 0 0
0 0 0 0
