12901528
0 0.930176 0.257366 3.04488 2 695.342 238.173 370.849 172.624
1 0.920217 0.512246 2.93595 2 701.099 192.266 373.919 139.352
2 0.904368 0.760167 2.8189 2 706.48 143.576 376.789 104.062
3 0.865721 0.86873 2.7786 2 700.102 121.608 373.387 88.1397
4 0.775715 0.692487 2.95512 2 665.781 161.771 355.083 117.249
5 0.6032 0.525033 2.88302 2 628.544 188.604 335.223 136.697
6 0.409165 0.415808 2.75368 2 586.412 204.595 312.753 148.288
7 0.384286 0.371104 2.71802 2 581.397 211.969 310.078 153.632
8 0.96933 0.619286 2.73111 2 730.137 165.476 389.407 119.935
9 0.750837 0.477177 2.70499 2 676.098 191.356 360.585 138.692
10 0.508385 0.379935 2.69498 2 614.133 209.623 327.538 151.932
11 0.42334 0.357298 2.70569 2 591.817 214.223 315.636 155.266
12 0.880126 0.263002 3.07222 2 682.074 237.647 363.773 172.243
13 0.907015 -0.0621817 3.35653 2 670.657 290.629 357.684 210.644
14 0.948258 -0.384343 3.58478 2 666.808 335.746 355.631 243.344
15 0.84305 -0.426689 3.59867 2 645.768 341.474 344.409 247.496
16 0.960368 0.246444 2.95313 2 709.112 238.695 378.193 173.003
17 1.02712 -0.135515 3.15723 2 709.144 303.073 378.21 219.663
18 1.06303 -0.472066 3.32549 2 705.363 353.56 376.193 256.256
19 1.01039 -0.552676 3.28806 2 696.797 366.88 371.625 265.91
20 0.909142 0.699253 2.84994 2 705.167 156.013 376.089 113.076
21 0.355724 0.343571 2.71752 2 574.13 217.123 306.203 157.368
22 0.418463 0.357465 2.67841 2 591.663 213.508 315.554 154.748
23 0.354172 0.341707 2.7171 2 573.748 217.463 305.999 157.614
24 0.398978 0.391151 2.68994 2 586.215 207.44 312.648 150.35
1
1
-0.450678 0.0759641 0.869692 -0.186424
-0.431212 0.0717966 0.879507 -0.188068
-0.410417 0.0659075 0.880903 -0.226326
0 0 0 0
0.330267 0.710552 -0.609121 -0.12252
0.406617 -0.419043 0.0329942 0.811158
-0.0429171 0.737342 -0.534858 0.41038
-0.121191 0.746626 -0.35621 0.548614
-0.233844 0.714662 0.433541 -0.496606
-0.114235 0.871664 -0.46443 -0.10704
-0.380105 0.631222 -0.411742 -0.536234
-0.365539 0.570126 -0.488579 -0.550116
-0.312308 -0.670027 0.672034 0.0435532
-0.141803 -0.29402 0.322802 0.888394
-0.067638 -0.0412982 0.299422 0.950824
0 0 0 0
-0.339443 0.561549 0.573229 -0.490764
0.207314 0.925333 0.145527 0.282137
0.18801 0.884536 0.13946 0.403484
0 0 0 0
-0.411559 0.0650951 0.88556 -0.205343
0 0 0 0
0 0 0 0
0 0 0 0
0 0 0 0
