12932676
0 -0.318599 -0.152537 2.53188 2 397.376 311.714 211.934 225.926
1 -0.349766 0.12298 2.43719 2 385.18 255.654 205.429 185.295
2 -0.377964 0.392372 2.33154 2 372.097 195.761 198.452 141.885
3 -0.335091 0.506091 2.33866 2 384.999 171.234 205.333 124.108
4 -0.415376 0.247069 2.24565 2 356.401 225.381 190.081 163.353
5 -0.368061 0.0306232 2.23276 2 370.455 274.262 197.576 198.781
6 -0.304863 -0.199106 2.28546 2 392.127 325.342 209.135 235.804
7 -0.295922 -0.289068 2.32266 2 396.2 344.291 211.307 249.537
8 -0.284399 0.229168 2.21295 1 395.47 228.743 210.917 165.79
9 -0.223599 0.211991 2.47377 2 421.788 237.839 224.953 172.382
10 -0.0485397 0.177523 2.68444 2 471.533 247.776 251.484 179.585
11 0.0162979 0.169986 2.80012 2 487.955 250.521 260.243 181.574
12 -0.373402 -0.166234 2.49555 2 380.938 314.959 203.167 228.278
13 -0.342633 -0.574033 2.59242 2 392.682 393.735 209.43 285.374
14 -0.406114 -0.909162 2.70404 2 379.883 452.655 202.604 328.078
15 -0.349011 -0.948195 2.7055 2 394.554 459.941 210.429 333.359
16 -0.255444 -0.13464 2.50566 2 413.852 308.401 220.721 223.525
17 -0.301902 -0.496888 2.55579 1 402.464 379.907 214.647 275.351
18 -0.400634 -0.898064 2.69882 2 381.098 450.874 203.253 326.787
19 -0.367941 -0.94751 2.7358 2 390.753 457.826 208.402 331.826
20 -0.371433 0.325959 2.35991 2 375.439 211.134 200.234 153.027
21 -0.268102 -0.351071 2.33158 2 404.727 357.554 215.854 259.151
22 -0.315763 -0.336043 2.31277 2 389.853 354.904 207.922 257.229
23 0.0659317 0.120345 2.80378 2 500.11 259.514 266.725 188.092
24 0.0661487 0.18857 2.78427 2 500.281 246.967 266.817 178.998
0
0
0.071515 -0.065767 0.982372 -0.159707
0.0474653 -0.0618409 0.983827 -0.161268
0.0142894 -0.0489179 0.97864 -0.199164
0 0 0 0
-0.426414 0.873182 -0.217538 0.0916604
-0.0906881 0.76775 0.064307 0.631031
0.167916 0.765245 0.0330447 -0.620574
0.181095 0.767499 -0.0841541 -0.609154
-0.405067 0.85959 0.299008 -0.0872939
-0.0265229 0.137921 0.683589 0.716227
-0.0559964 0.428749 0.65912 0.615305
-0.00816517 0.347835 0.686705 0.638264
-0.117206 0.715058 -0.619915 0.301098
0.111921 0.750375 -0.048119 -0.649689
0.151284 0.98078 -0.101053 -0.0705189
0 0 0 0
-0.0132791 0.568215 0.791469 -0.224794
0.0924883 0.648072 0.0106411 0.755867
0.0776662 -0.2056 0.187542 0.957353
0 0 0 0
0.0133423 -0.0529715 0.982239 -0.179508
0 0 0 0
0 0 0 0
0 0 0 0
0 0 0 0
