12972382
0 -0.460601 -0.194733 2.40531 2 351.934 322.283 187.698 233.587
1 -0.491816 0.059694 2.30372 2 336.736 268.062 179.592 194.288
2 -0.514652 0.312132 2.18875 2 321.477 208.698 171.454 151.262
3 -0.485 0.429122 2.17899 2 330.038 180.999 176.02 131.186
4 -0.562955 0.182475 2.11932 2 300.379 237.424 160.202 172.082
5 -0.529436 -0.0367542 2.11816 2 311.383 290.026 166.071 210.207
6 -0.466417 -0.225404 2.18485 2 336.633 333.601 179.538 241.789
7 -0.461162 -0.288016 2.22799 2 341.08 346.873 181.909 251.409
8 -0.450839 0.247914 2.35828 1 352.111 227.86 187.792 165.15
9 -0.400396 0.0130994 2.49959 1 373.68 278.556 199.296 201.894
10 -0.379785 -0.165485 2.60216 1 383.482 313.426 204.524 227.167
11 -0.366124 -0.232124 2.65894 1 389.155 325.439 207.549 235.873
12 -0.485016 -0.212437 2.32342 2 339.94 327.627 181.302 237.46
13 -0.489093 -0.579674 2.51415 2 349.411 398.551 186.353 288.865
14 -0.516233 -0.902119 2.74677 2 353.691 448.719 188.635 325.226
15 -0.449973 -0.946592 2.72784 2 369.609 458.219 197.125 332.111
16 -0.424775 -0.171099 2.42363 2 363.196 317.004 193.705 229.76
17 -0.39726 -0.532477 2.45401 2 372.112 391.525 198.46 283.772
18 -0.460061 -0.827133 2.761 2 368.567 433.867 196.569 314.461
19 -0.376831 -0.859767 2.71617 1 387.875 442.522 206.867 320.734
20 -0.509365 0.250245 2.2198 2 325.5 223.927 173.6 162.299
21 -0.429009 -0.358549 2.26307 2 353.088 361.694 188.314 262.151
22 -0.462242 -0.24291 2.27478 2 343.76 335.424 183.339 243.11
23 -0.369691 -0.27801 2.68036 1 388.97 333.773 207.451 241.914
24 -0.358082 -0.22175 2.65681 1 391.175 323.491 208.627 234.462
1
0
0.488403 -0.143643 0.850195 -0.134154
0.499131 -0.145331 0.843942 -0.132324
0.510202 -0.153967 0.827821 -0.175213
0 0 0 0
-0.236464 0.726197 -0.434032 0.477849
-0.0420986 0.84806 0.0630745 0.524445
-0.163166 -0.0554614 0.154087 0.972912
-0.0689428 -0.106345 0.290657 0.948397
0.423305 0.617219 0.559522 0.356074
0.253909 0.955444 0.119168 0.0919598
-0.0561202 -0.0170474 0.255778 0.964955
-0.0862223 -0.0105716 0.341397 0.935896
-0.381556 0.625716 -0.502965 0.45817
0.228566 0.941162 -0.0636788 -0.240657
0.287017 0.918396 -0.114326 -0.247185
0 0 0 0
0.317795 0.494393 0.807605 0.0485363
-0.00555451 0.594102 0.0561679 0.802407
0.178749 0.240821 0.354291 0.885738
0 0 0 0
0.511995 -0.144145 0.832965 -0.152487
0 0 0 0
0 0 0 0
0 0 0 0
0 0 0 0
