13375266
0 1.21254 0.170994 3.25591 2 742.068 254.426 395.77 184.405
1 1.20347 0.418729 3.11841 2 751.597 212.687 400.852 154.153
2 1.18939 0.66104 2.97157 2 761.638 167.647 406.207 121.508
3 1.15371 0.776201 2.90135 2 759.799 144.649 405.226 104.84
4 1.08278 0.62683 3.11083 2 725.319 178.393 386.837 129.297
5 1.05859 0.400326 3.25973 2 708.869 218.623 378.063 158.455
6 1.06341 0.18912 3.3278 2 705.127 252.267 376.068 182.84
7 1.06472 0.128862 3.33479 2 704.916 261.532 375.955 189.555
8 1.29374 0.550372 2.93261 2 789.981 185.413 421.323 134.385
9 1.34551 0.318102 3.00105 2 795.002 227.099 424.001 164.598
10 1.31055 0.117471 3.07803 2 779.302 261.73 415.628 189.699
11 1.29303 0.0577758 3.10299 2 772.977 271.708 412.254 196.93
12 1.15541 0.172604 3.26266 2 729.293 254.242 388.956 184.271
13 1.19007 -0.0435771 3.41434 2 725.366 287.715 386.862 208.532
14 1.25003 -0.339414 3.56862 2 726.656 329.702 387.55 238.964
15 1.20814 -0.409626 3.56653 2 718.63 339.76 383.269 246.253
16 1.24554 0.166055 3.1858 2 755.029 254.618 402.682 184.543
17 1.31873 -0.0967873 3.30323 2 760.784 296.161 405.752 214.654
18 1.36532 -0.373209 3.45168 2 758.281 336.389 404.416 243.81
19 1.29657 -0.44035 3.38135 2 749.865 347.665 399.928 251.983
20 1.19376 0.601294 3.01027 2 759.07 179.242 404.837 129.912
21 1.07418 0.0796972 3.35838 2 705.307 269.126 376.164 195.059
22 1.02644 0.126879 3.33511 2 696.874 261.844 371.666 189.781
23 1.29014 -0.00435843 3.1315 2 769.685 281.921 410.499 204.333
24 1.29681 0.0432849 3.06108 2 777.814 273.993 414.834 198.587
1
1
-0.311717 0.0650429 0.916399 -0.242516
-0.331822 0.0703678 0.909313 -0.241025
-0.351246 0.0739343 0.891903 -0.275079
0 0 0 0
-0.4173 -0.636863 0.640236 0.101802
0.213505 0.800278 -0.195625 -0.525073
-0.0786457 -0.437732 0.134273 0.885537
-0.0351111 -0.43893 0.0470629 0.896601
-0.061544 0.70628 0.556433 -0.433316
0.152276 0.977054 0.0883211 -0.119907
0.194958 0.950231 -0.0351671 0.240449
0.219459 0.940037 -0.0810999 0.248177
0.220245 0.683986 -0.682262 0.134813
-0.190416 -0.409464 0.240659 0.859165
-0.15072 -0.25769 0.202339 0.932705
0 0 0 0
-0.279196 0.55275 0.624698 -0.475677
0.133127 0.88433 0.199609 0.400491
0.18653 0.875201 0.171723 0.411997
0 0 0 0
-0.35192 0.074288 0.897717 -0.254438
0 0 0 0
0 0 0 0
0 0 0 0
0 0 0 0
