13338002
0 -0.236139 -0.065384 2.4914 2 418.802 294.486 223.361 213.439
1 -0.269254 0.18818 2.37797 2 406.052 241.146 216.561 174.779
2 -0.299837 0.435752 2.25176 2 392.071 182.947 209.104 132.598
3 -0.251157 0.546759 2.22882 2 406.103 156.497 216.589 113.427
4 -0.340221 0.313551 2.21475 2 378.045 209.385 201.624 151.759
5 -0.312659 0.0748326 2.21118 2 386.652 264.073 206.214 191.397
6 -0.242618 -0.111029 2.30359 2 411.531 305.6 219.483 221.495
7 -0.2282 -0.158625 2.3593 2 417.44 315.234 222.635 228.477
8 -0.234995 0.329168 2.26162 1 412.386 207.44 219.939 150.35
9 -0.182843 0.0939568 2.33771 1 430.2 260.884 229.44 189.085
10 -0.234176 -0.0260611 2.46821 1 418.74 286.551 223.328 207.689
11 -0.251564 -0.0658915 2.51537 1 415.201 294.463 221.44 213.423
12 -0.281157 -0.0846541 2.40588 2 403.583 299.018 215.244 216.724
13 -0.243862 -0.481459 2.62016 2 419.794 374.426 223.89 271.379
14 -0.238703 -0.827456 2.78637 2 424.693 432.381 226.503 313.384
15 -0.150872 -0.870687 2.79887 2 446.658 439.602 238.218 318.618
16 -0.184912 -0.0429199 2.50765 2 433.286 289.865 231.086 210.09
17 -0.239611 -0.479678 2.64151 2 421.428 373.322 224.762 270.579
18 -0.351345 -0.750829 2.90343 2 400.308 412.75 213.498 299.155
19 -0.229435 -0.794132 2.8627 2 428.549 422.33 228.56 306.099
20 -0.292682 0.374832 2.28551 2 395.667 198.007 211.022 143.513
21 -0.183924 -0.234428 2.37684 2 430.732 331.13 229.724 239.999
22 -0.296269 -0.162742 2.36396 2 397.717 316.069 212.116 229.083
23 -0.256856 -0.0687415 2.50201 1 413.375 295.111 220.467 213.892
24 -0.263225 -0.0695522 2.48421 1 411.102 295.376 219.254 214.085
1
1
0.393507 -0.139172 0.893511 -0.165595
0.254412 -0.112638 0.942594 -0.184671
0.0905065 -0.0759424 0.962754 -0.2432
0 0 0 0
-0.294929 0.856128 -0.348073 0.242709
-0.0363938 0.850821 0.0450542 0.522254
-0.241378 -0.392511 0.132395 0.877578
-0.277994 -0.400155 0.322517 0.811528
-0.126341 0.886373 0.434587 -0.097548
0.182892 0.895447 0.0326338 -0.404551
0.275931 0.807583 -0.31426 -0.415828
0.292925 0.798862 -0.321937 -0.415176
-0.308934 0.647793 -0.553884 0.422062
0.243489 0.904859 -0.0475498 -0.345952
0.22212 0.974064 -0.00291985 -0.0430523
0 0 0 0
0.271975 0.554045 0.786677 -0.0142367
0.111145 0.370745 0.113963 0.91499
0.215333 0.160085 0.329899 0.905081
0 0 0 0
0.0893185 -0.0780776 0.968116 -0.22063
0 0 0 0
0 0 0 0
0 0 0 0
0 0 0 0
