13282635
0 0.0553378 0.0203892 2.64567 2 498.322 277.316 265.772 200.995
1 0.0232011 0.283827 2.53728 2 490.244 224.611 261.464 162.795
2 -0.00604387 0.540742 2.41882 2 482.233 167.737 257.191 121.574
3 0.0548832 0.638269 2.39945 2 499.758 145.99 266.538 105.812
4 -0.0666343 0.403155 2.36949 2 464.59 194.988 247.781 141.325
5 -0.0303858 0.17444 2.37 2 475.147 243.994 253.412 176.844
6 0.100579 0.0436384 2.47465 2 511.875 272.297 273 197.357
7 0.113863 0.0421937 2.52181 2 514.972 272.753 274.652 197.688
8 0.0614733 0.476808 2.53332 2 500.677 185.78 267.028 134.651
9 0.151457 0.257889 2.69727 1 522.566 232.835 278.702 168.755
10 0.239572 0.0649669 2.63344 2 546.489 268.733 291.461 194.774
11 0.233767 0.0449121 2.60781 2 545.57 272.5 290.971 197.504
12 0.0242911 0.000337638 2.56344 2 490.464 281.144 261.581 203.769
13 0.0269142 -0.405868 2.74192 2 490.712 356.173 261.713 258.149
14 0.0258412 -0.786525 2.89214 2 490.13 419.478 261.403 304.032
15 0.116789 -0.82913 2.85258 2 512.265 429.096 273.208 311.003
16 0.0856866 0.0398629 2.66117 2 506.072 273.64 269.905 198.33
17 0.0208804 -0.39603 2.76177 2 489.159 353.821 260.885 256.444
18 0.0698149 -0.691259 2.84089 2 500.92 404.807 267.158 293.398
19 0.161487 -0.747034 2.77114 2 524.226 418.287 279.587 303.169
20 0.00112801 0.477631 2.45073 2 484.274 182.378 258.279 132.185
21 0.188781 0.0260811 2.57325 2 534.367 276.086 284.996 200.103
22 0.0671123 -0.0155777 2.50791 2 502.336 284.35 267.913 206.093
23 0.232616 0.00815805 2.60145 2 545.414 279.625 290.888 202.668
24 0.263714 0.0477116 2.62114 2 553.124 272.003 294.999 197.144
1
1
0.479631 -0.144396 0.854067 -0.140259
0.452725 -0.139946 0.868629 -0.1447
0.424139 -0.147555 0.874102 -0.185147
0 0 0 0
-0.163683 0.773651 -0.430556 0.435079
-0.0282516 0.92502 0.0732581 0.371717
0.407667 0.780542 0.161952 -0.445346
0.696196 0.683477 -0.0239748 -0.218165
0.374901 0.659715 0.596178 0.262292
0.0681896 0.604546 0.339397 0.717415
-0.228157 0.165866 -0.111508 0.952889
-0.060427 0.31526 -0.439319 0.839022
-0.350081 0.639155 -0.515982 0.450207
0.199301 0.945339 -0.0502453 -0.253158
0.180163 0.949086 -0.0495257 -0.253621
0 0 0 0
0.320597 0.49978 0.803297 0.0463745
0.0972613 0.238849 0.0915374 0.961828
-0.0242071 0.379437 0.150096 0.91264
0 0 0 0
0.425572 -0.138116 0.879192 -0.163809
0 0 0 0
0 0 0 0
0 0 0 0
0 0 0 0
