13357184
0 1.33221 0.194694 3.31618 2 762.549 251.251 406.693 182.103
1 1.31764 0.447634 3.18228 2 771.194 209.406 411.303 151.774
2 1.29879 0.694161 3.03916 2 780.389 164.627 416.208 119.319
3 1.27531 0.787387 2.9571 2 783.002 145.348 417.601 105.347
4 1.17306 0.650346 3.14891 2 742.364 175.792 395.927 127.412
5 1.15833 0.398928 3.29209 2 727.798 219.415 388.159 159.029
6 1.16445 0.186059 3.33523 2 725.803 252.775 387.095 183.208
7 1.17496 0.14798 3.33616 2 727.926 258.601 388.227 187.43
8 1.42606 0.583502 3.02968 2 810.327 182.944 432.175 132.595
9 1.50291 0.373593 3.14767 2 815.123 220.635 434.732 159.913
10 1.48032 0.154622 3.13361 2 811.667 256.023 432.889 185.562
11 1.47832 0.140183 3.10963 2 813.742 258.199 433.995 187.139
12 1.26385 0.19685 3.31239 2 748.461 250.896 399.179 181.846
13 1.3098 -0.0368236 3.45142 2 746.998 286.652 398.399 207.762
14 1.37029 -0.339484 3.57931 2 749.394 329.601 399.677 238.89
15 1.32051 -0.410569 3.49689 2 745.784 341.114 397.751 247.235
16 1.37543 0.187569 3.25784 2 776.812 251.823 414.3 182.518
17 1.41751 -0.0557107 3.34643 2 777.775 289.708 414.813 209.976
18 1.44172 -0.361309 3.50201 2 769.519 333.872 410.41 241.986
19 1.37711 -0.407962 3.51604 2 755.578 340.422 402.975 246.733
20 1.3044 0.633531 3.07688 2 778.055 176.102 414.963 127.637
21 1.18536 0.0895963 3.37141 2 727.498 267.665 387.999 194
22 1.13142 0.148183 3.32655 2 719.488 258.512 383.727 187.366
23 1.47658 0.115998 3.10591 2 813.75 262.146 434 190
24 1.47614 0.141208 3.0699 2 817.5 257.732 436 186.801
1
0
-0.216126 0.0280831 0.945843 -0.240586
-0.22976 0.0315538 0.942624 -0.240155
-0.243587 0.0299718 0.929468 -0.275421
0 0 0 0
0.351779 0.666467 -0.657287 -0.00682684
0.186105 0.764222 -0.177317 -0.591514
-0.0610264 -0.485368 0.0801943 0.868483
-0.123096 -0.481841 -0.0547747 0.865839
0.0387335 0.746058 0.565245 -0.34985
0.148764 0.858443 0.250279 0.422262
-0.0322316 0.998153 -0.0511131 -0.00619999
-0.490205 0.870041 -0.0498061 0.0156978
-0.152694 -0.670749 0.701728 -0.185358
-0.210048 -0.498026 0.179407 0.821987
-0.178258 -0.487431 0.123567 0.845793
0 0 0 0
-0.194078 0.594181 0.643037 -0.442477
0.104164 0.837651 0.159419 0.511934
0.230489 0.970372 0.0489768 0.0534299
0 0 0 0
-0.243542 0.033238 0.935308 -0.254522
0 0 0 0
0 0 0 0
0 0 0 0
0 0 0 0
