13283604
0 1.27725 0.156296 3.23258 2 757.926 256.541 404.227 185.937
1 1.26012 0.402648 3.08589 2 767.217 214.609 409.182 155.545
2 1.23897 0.642951 2.9286 2 777.435 169.143 414.632 122.592
3 1.20396 0.759591 2.85531 2 776.382 145.451 414.07 105.421
4 1.1377 0.616364 3.06631 2 741.313 178.614 395.367 129.457
5 1.13615 0.379174 3.22794 2 727.875 221.31 388.2 160.402
6 1.11422 0.163222 3.27734 2 719.394 255.832 383.677 185.424
7 1.11921 0.132499 3.28219 2 720.096 260.639 384.051 188.908
8 1.34549 0.530062 2.89421 2 806.358 187.749 430.057 136.078
9 1.41973 0.297681 2.97921 2 814.503 230.211 434.402 166.854
10 1.4343 0.0953424 3.06432 2 808.671 265.328 431.291 192.306
11 1.41403 0.0325593 3.09137 2 801.29 275.834 427.354 199.921
12 1.2176 0.167906 3.23324 2 744.987 254.723 397.327 184.62
13 1.21476 -0.062837 3.36144 2 734.339 290.741 391.647 210.725
14 1.23566 -0.363448 3.51641 2 727.449 333.911 387.973 242.014
15 1.16632 -0.433938 3.44578 2 718.466 345.414 383.182 250.352
16 1.31206 0.141761 3.16853 2 771.163 258.377 411.287 187.268
17 1.383 -0.104675 3.28044 2 776.386 297.497 414.072 215.622
18 1.41146 -0.386304 3.43813 2 768.722 338.561 409.985 245.385
19 1.34053 -0.456583 3.36813 2 760.018 350.4 405.343 253.965
20 1.2451 0.583813 2.96989 2 774.806 180.858 413.23 131.084
21 1.12018 0.0889672 3.29063 2 719.684 267.434 383.832 193.833
22 1.13738 0.136397 3.25074 2 726.313 259.824 387.367 188.317
23 1.40908 -0.0226373 3.12403 2 796.873 284.91 424.999 206.499
24 1.39048 0.0495018 3.10136 2 794.999 273.063 423.999 197.912
1
1
-0.305221 0.0545607 0.91416 -0.261105
-0.33099 0.061934 0.905148 -0.259455
-0.355221 0.0703302 0.884485 -0.294207
0 0 0 0
-0.439049 -0.618851 0.645939 0.0838029
-0.178451 -0.586003 0.234465 0.754839
0.120927 0.836472 0.0183471 0.534186
0.0222943 0.836803 0.108818 0.536118
-0.0431749 0.703766 0.549156 -0.448639
0.186577 0.966257 0.124195 -0.126935
-0.0714089 -0.189804 0.187138 0.961173
0.0950761 -0.233791 0.225237 0.941048
-0.211563 -0.613511 0.742137 -0.167565
-0.109046 -0.439907 0.225975 0.862279
-0.132355 -0.428578 0.197253 0.871719
0 0 0 0
-0.243428 0.601691 0.585638 -0.48553
0.132324 0.880205 0.205206 0.406965
0.207304 0.871643 0.14981 0.418114
0 0 0 0
-0.356232 0.0704259 0.890592 -0.273833
0 0 0 0
0 0 0 0
0 0 0 0
0 0 0 0
