13308328
0 0.0419999 0.0205512 2.61865 2 494.972 277.245 263.985 200.943
1 0.0225957 0.28531 2.51623 2 490.132 223.837 261.404 162.234
2 0.00268715 0.543076 2.40157 2 484.729 166.419 258.522 120.618
3 0.050882 0.652879 2.39546 2 498.633 142.634 265.938 103.379
4 -0.0585157 0.40845 2.35748 2 466.861 193.404 248.993 140.176
5 -0.0374878 0.169114 2.34075 2 472.952 244.68 252.241 177.341
6 0.0674139 0.0388559 2.43604 2 502.964 273.149 268.247 197.975
7 0.0786384 0.0537305 2.48569 1 505.687 270.285 269.7 195.899
8 0.0674588 0.475179 2.51583 1 502.433 185.443 267.964 134.406
9 0.155112 0.281867 2.66653 1 523.962 227.716 279.447 165.046
10 0.192343 0.0973837 2.59217 2 534.951 262.212 285.307 190.048
11 0.205128 0.0868525 2.56361 2 538.949 264.077 287.44 191.399
12 0.0114346 -0.00174839 2.53672 2 487.052 281.559 259.761 204.07
13 0.0274956 -0.403005 2.73189 2 490.883 355.916 261.804 257.963
14 0.0262228 -0.78824 2.89128 2 490.223 419.824 261.452 304.283
15 0.116262 -0.829483 2.85203 2 512.143 429.188 273.143 311.07
16 0.0716481 0.0423148 2.63274 2 502.648 273.088 268.079 197.93
17 0.0901328 -0.317837 2.67654 1 507.118 341.31 270.463 247.377
18 0.060933 -0.684362 2.82478 2 498.846 404.266 266.051 293.006
19 0.119608 -0.771282 2.86139 2 512.839 418.259 273.514 303.148
20 0.00772487 0.479764 2.43237 2 486.145 181.18 259.278 131.317
21 0.156367 0.0470787 2.53076 2 526.407 271.806 280.751 197.001
22 0.0333868 -0.00448661 2.47726 2 493.212 282.126 263.047 204.481
23 0.204375 0.0512187 2.56514 2 538.71 271.113 287.312 196.499
24 0.162689 0.0778869 2.51725 2 528.365 265.566 281.795 192.479
1
1
0.486872 -0.120923 0.853343 -0.141908
0.455825 -0.115734 0.870324 -0.146171
0.420964 -0.129866 0.878219 -0.186157
0 0 0 0
-0.150208 0.774849 -0.432542 0.435837
-0.049591 0.911466 0.0257211 0.407565
-0.39824 -0.51669 0.0552375 0.7559
0.797595 0.572576 -0.0639773 -0.178621
0.377861 0.673489 0.578712 0.262156
0.110764 0.695509 0.341213 0.622553
-0.156624 0.943326 0.140161 -0.256828
-0.462204 0.789662 0.356177 -0.189576
-0.335393 0.635549 -0.513772 0.468645
0.221375 0.940715 -0.0405994 -0.25377
0.187873 0.947464 -0.0519012 -0.253619
0 0 0 0
0.318248 0.471677 0.821594 0.0349723
-0.00808185 0.271683 0.0650826 0.96015
0.0380477 0.00260206 0.190485 0.980949
0 0 0 0
0.422901 -0.11947 0.882692 -0.166542
0 0 0 0
0 0 0 0
0 0 0 0
0 0 0 0
