13280819
0 0.0476267 0.0174305 2.6479 2 496.31 277.884 264.698 201.407
1 0.0261309 0.285518 2.55111 2 491 224.582 261.867 162.774
2 0.00484143 0.546615 2.44381 2 485.323 167.677 258.839 121.53
3 0.0661515 0.647244 2.41422 2 502.887 144.916 268.206 105.033
4 -0.0823121 0.418377 2.38848 2 460.219 192.428 245.45 139.469
5 -0.099105 0.197284 2.38903 2 455.443 239.444 242.903 173.545
6 -0.00662979 0.0124258 2.44969 2 482.098 278.647 257.119 201.96
7 0.040963 -0.0612198 2.48649 2 495.272 293.654 264.145 212.837
8 0.120589 0.475223 2.64766 2 515.335 190.218 274.845 137.867
9 0.238242 0.337065 2.75992 2 543.366 219.361 289.795 158.99
10 0.487702 0.275774 2.73767 2 606.764 230.112 323.607 166.782
11 0.564607 0.258049 2.70555 2 627.935 232.789 334.899 168.722
12 0.014736 0.0130392 2.55998 2 487.91 278.637 260.219 201.952
13 0.0236205 -0.398542 2.73638 2 489.897 354.964 261.278 257.273
14 0.0270629 -0.788336 2.89145 2 490.424 419.833 261.559 304.289
15 0.116366 -0.829642 2.85257 2 512.163 429.189 273.153 311.07
16 0.078712 0.021799 2.66983 2 504.206 277.084 268.91 200.827
17 0.0187028 -0.419054 2.76802 2 488.607 357.885 260.59 259.39
18 0.0661596 -0.719718 2.85685 2 499.947 409.213 266.638 296.592
19 0.126402 -0.804219 2.90519 2 514.027 421.992 274.148 305.854
20 0.0101394 0.482442 2.47266 2 486.783 182.267 259.617 132.105
21 0.0734989 -0.12934 2.49785 2 504.172 307.388 268.892 222.79
22 0.00610447 -0.0569252 2.49392 2 485.638 292.746 259.007 212.179
23 0.619815 0.238589 2.66288 2 644.655 235.692 343.816 170.827
24 0.597489 0.295501 2.68543 2 637.559 225.31 340.032 163.302
1
0
0.476942 -0.116762 0.861091 -0.131967
0.444767 -0.111801 0.878142 -0.136196
0.410765 -0.122828 0.886572 -0.173709
0 0 0 0
-0.135893 0.758758 -0.503522 0.390236
0.0108671 0.966249 -0.0363247 0.254805
-0.259448 -0.333146 0.0600986 0.904482
-0.320887 -0.330749 0.0990762 0.881941
0.394742 0.661587 0.571617 0.282374
-0.222691 0.224302 0.355926 0.879439
-0.491431 0.52993 0.373687 0.581402
0.562816 -0.588668 -0.281475 -0.507425
-0.388853 0.591085 -0.570464 0.417113
0.196284 0.942977 -0.0446613 -0.265091
0.182816 0.948513 -0.0447743 -0.254747
0 0 0 0
0.306897 0.653501 0.680337 0.126063
0.0918955 0.252849 0.0881261 0.959091
-0.0345427 0.267352 0.157154 0.95007
0 0 0 0
0.412211 -0.113744 0.890656 -0.154517
0 0 0 0
0 0 0 0
0 0 0 0
0 0 0 0
