13329826
0 -0.0268254 -0.0492767 2.53167 2 476.679 291.048 254.229 210.947
1 -0.0152195 0.236217 2.45883 2 479.702 232.617 255.841 168.598
2 -0.00386265 0.513875 2.37419 2 482.835 171.374 257.512 124.21
3 0.000677791 0.628572 2.39344 2 484.152 147.73 258.215 107.073
4 -0.129979 0.399289 2.40159 2 446.681 196.95 238.23 142.747
5 -0.175133 0.187567 2.43194 2 434.446 242.192 231.705 175.537
6 -0.0310842 0.190937 2.56946 1 475.644 243.637 253.677 176.584
7 0.00895396 0.199893 2.61915 1 486.306 242.62 259.363 175.848
8 0.115905 0.355464 2.30649 2 518.554 203.135 276.562 147.229
9 0.206825 0.156462 2.37869 2 543.74 247.931 289.995 179.697
10 0.313443 0.20472 2.59886 2 566.951 241.323 302.374 174.908
11 0.347955 0.213213 2.68008 2 573.316 240.919 305.769 174.614
12 -0.0724514 -0.0498479 2.51827 2 464.196 291.215 247.571 211.069
13 0.0517434 -0.473741 2.65613 2 497.375 371.614 265.267 269.341
14 0.0325398 -0.844603 2.7714 2 492.078 436.327 262.442 316.244
15 -0.00295632 -0.918491 2.67302 1 483.191 456.311 257.702 330.728
16 0.0194737 -0.0481833 2.47749 2 489.355 291.04 260.989 210.941
17 -0.0358022 -0.365405 2.78502 2 475.113 347.627 253.394 251.955
18 0.127315 -0.727633 2.71683 2 516.335 417.379 275.379 302.51
19 0.0907073 -0.802603 2.61818 2 507.923 437.257 270.892 316.918
20 -0.0066692 0.445628 2.39746 2 482.04 186.978 257.088 135.519
21 0.0169547 0.208719 2.64378 1 488.364 241.289 260.461 174.883
22 0.00412971 0.194601 2.57988 1 485.057 243.07 258.697 176.174
23 0.38439 0.211828 2.69669 2 582.094 241.415 310.45 174.974
24 0.376178 0.173997 2.6821 2 580.498 248.352 309.599 180.002
1
0
-0.195601 0.0439988 0.972545 -0.118154
-0.173708 0.0413338 0.976693 -0.119112
-0.150035 0.0443476 0.974879 -0.158538
0 0 0 0
0.0466473 0.821104 -0.567471 0.0398625
0.104054 0.918927 -0.070048 0.37395
0.34381 0.677701 0.624702 0.179621
0.403947 0.621205 0.63743 0.211222
-0.155828 0.824771 0.470558 -0.272111
-0.259539 -0.516931 0.0276236 0.815266
0.691998 0.634975 0.343378 0.00612866
0.670442 0.671952 0.3137 0.0240916
0.012255 -0.685905 0.702741 -0.188519
-0.196697 -0.515346 0.0572049 0.83214
-0.0706984 -0.597197 0.134583 0.787557
0 0 0 0
-0.250646 0.614354 0.666969 -0.338968
0.299872 0.820424 -0.23207 -0.42793
-0.168899 0.876212 0.148788 0.426132
0 0 0 0
-0.150286 0.0411108 0.978195 -0.137326
0 0 0 0
0 0 0 0
0 0 0 0
0 0 0 0
