13296990
0 1.32042 0.19107 3.30518 2 760.992 251.712 405.862 182.437
1 1.30362 0.438066 3.16368 2 769.803 210.528 410.562 152.588
2 1.2821 0.680861 3.01339 2 779.092 165.88 415.516 120.227
3 1.2581 0.783604 2.93012 2 781.69 144.754 416.901 104.915
4 1.16249 0.644688 3.12796 2 741.747 176.011 395.598 127.57
5 1.15839 0.440066 3.27795 2 728.894 212.74 388.743 154.191
6 1.17033 0.207408 3.3494 2 726.003 249.646 387.202 180.94
7 1.17591 0.164395 3.36005 2 726.378 256.272 387.401 185.743
8 1.40143 0.578656 2.99917 2 807.975 182.763 430.92 132.464
9 1.49244 0.373794 3.12546 2 815.151 220.172 434.747 159.578
10 1.44756 0.155001 3.10455 2 807.427 255.724 430.628 185.345
11 1.41764 0.142791 3.07811 2 803.468 257.529 428.516 186.654
12 1.25363 0.192022 3.30162 2 747.166 251.544 398.489 182.315
13 1.3145 -0.0483452 3.43138 2 749.506 288.397 399.736 209.026
14 1.37487 -0.322409 3.54511 2 752.869 327.614 401.53 237.45
15 1.31563 -0.382123 3.59957 2 737.3 335.357 393.227 243.062
16 1.3623 0.18701 3.24514 2 775.145 251.797 413.41 182.499
17 1.38458 -0.0779915 3.34457 2 771.078 293.112 411.242 212.443
18 1.41744 -0.38997 3.47364 2 766.999 338.512 409.066 245.349
19 1.36406 -0.461729 3.44114 2 758.897 349.694 404.745 253.453
20 1.28833 0.620976 3.05276 2 776.729 177.37 414.255 128.555
21 1.18247 0.114535 3.38908 2 725.624 263.986 387 191.333
22 1.14212 0.162264 3.3641 2 719.061 256.632 383.499 186.003
23 1.41719 0.105681 3.05061 2 806.244 263.526 429.997 191
24 1.38565 0.143818 3.08529 2 795.534 257.414 424.285 186.57
1
1
-0.216304 0.027787 0.941442 -0.257153
-0.241353 0.0346403 0.935334 -0.25632
-0.266716 0.0362481 0.919293 -0.287141
0 0 0 0
-0.377789 -0.648075 0.661146 0.0126527
0.235246 0.735367 -0.203587 -0.602036
-0.0768381 -0.35827 0.129238 0.921431
-0.101929 -0.354383 0.0897446 0.925186
0.0234952 0.719633 0.582486 -0.377208
0.165529 0.872447 0.272927 0.370063
0.110651 -0.342354 -0.00935288 0.932986
0.563474 -0.311276 -0.190468 0.741165
-0.163465 -0.673776 0.693108 -0.197246
-0.219808 -0.492409 0.149122 0.828843
-0.0620543 0.1931 0.208822 0.956689
0 0 0 0
-0.198328 0.569847 0.658012 -0.450511
0.129988 0.834227 0.128119 0.52034
0.162088 0.910105 0.117808 0.36271
0 0 0 0
-0.266817 0.0388888 0.924796 -0.268418
0 0 0 0
0 0 0 0
0 0 0 0
0 0 0 0
