13328579
0 1.28685 0.185056 3.28752 2 755.361 252.491 402.859 183.002
1 1.24076 0.426368 3.1189 2 759.89 211.437 405.274 153.247
2 1.18519 0.66162 2.93774 2 763.842 166.239 407.382 120.488
3 1.12655 0.768626 2.91795 2 751.795 146.741 400.957 106.356
4 1.15531 0.599059 3.11387 1 741.294 183.022 395.357 132.652
5 1.17 0.370582 3.2902 2 730.4 223.772 389.547 162.187
6 1.12823 0.183148 3.38828 2 714.507 253.671 381.07 183.857
7 1.10075 0.178547 3.38158 1 709.288 254.316 378.287 184.325
8 1.23266 0.541943 2.86286 2 782.657 184.576 417.417 133.778
9 1.00723 0.43718 2.81347 2 732.156 201.939 390.483 146.362
10 0.757632 0.378834 2.78713 2 671.975 212.031 358.387 153.677
11 0.667311 0.351153 2.76738 2 650.567 216.696 346.969 157.058
12 1.25791 0.193077 3.29723 2 748.427 251.34 399.161 182.168
13 1.31313 -0.0776461 3.46071 2 746.962 292.654 398.38 212.112
14 1.37252 -0.346098 3.50073 2 755.84 331.66 403.115 240.382
15 1.32524 -0.397746 3.56214 2 741.874 338.172 395.666 245.103
16 1.29043 0.173774 3.21804 2 762.035 253.655 406.419 183.846
17 1.36731 -0.0885056 3.30189 2 771.163 294.891 411.287 213.733
18 1.40919 -0.389522 3.45089 2 767.207 338.824 409.177 245.575
19 1.34905 -0.434836 3.46833 2 753.704 345.191 401.975 250.19
20 1.2002 0.603916 2.9855 2 762.852 177.945 406.854 128.972
21 1.08738 0.163651 3.39035 2 705.939 256.627 376.501 186
22 1.1193 0.174379 3.37114 2 713.836 254.857 380.712 184.717
23 0.609793 0.335919 2.74511 2 637.342 219.034 339.916 158.753
24 0.631413 0.39463 2.7779 2 640.984 208.994 341.858 151.476
0
2
-0.514834 0.0925983 0.799917 -0.294114
-0.520692 0.0947548 0.796117 -0.293427
-0.521294 0.0985533 0.778409 -0.335589
0 0 0 0
0.509203 0.659636 -0.472086 -0.287624
-0.120451 -0.278135 0.300295 0.904409
0.128877 0.121172 0.220839 0.959134
0.546334 0.245463 -0.348177 0.721138
-0.270181 0.604946 0.455569 -0.594558
-0.191214 0.831803 -0.506713 -0.121585
0.530593 -0.476347 0.324431 0.621537
0.52988 -0.513371 0.275344 0.616331
-0.363109 -0.603594 0.703712 -0.0928239
-0.142576 -0.198891 0.2409 0.939192
-0.0737856 0.36251 0.107027 0.922869
0 0 0 0
-0.376691 0.473983 0.527322 -0.596134
0.121756 0.962203 0.162683 0.181313
0.225181 0.971754 0.0680396 0.0189071
0 0 0 0
-0.525526 0.0948282 0.785531 -0.312684
0 0 0 0
0 0 0 0
0 0 0 0
0 0 0 0
