13341520
0 1.27232 0.1778 3.30086 2 751.179 253.732 400.629 183.901
1 1.26752 0.435085 3.15056 2 763.023 210.723 406.946 152.729
2 1.25709 0.684751 2.991 2 775.509 164.349 413.605 119.118
3 1.20614 0.798351 2.95841 2 766.743 143.476 408.93 103.99
4 1.1901 0.630281 3.16404 2 744.862 179.533 397.26 130.123
5 1.18269 0.410221 3.31107 1 731.531 218.022 390.15 158.019
6 1.17311 0.208049 3.38466 2 724.032 249.88 386.151 181.11
7 1.17627 0.16443 3.4055 2 723.185 256.603 385.699 185.982
8 1.33379 0.55511 2.93042 2 799.641 184.532 426.475 133.746
9 1.35282 0.316522 2.97562 2 799.357 226.909 426.324 164.461
10 1.32847 0.130031 3.07809 2 783.351 259.647 417.787 188.188
11 1.30357 0.06892 3.11449 2 774.264 269.916 412.941 195.632
12 1.2269 0.192359 3.3151 2 740.453 251.619 394.908 182.37
13 1.29601 -0.0482897 3.4531 2 744.08 288.343 396.843 208.987
14 1.3722 -0.3305 3.51638 2 754.552 329.169 402.428 238.577
15 1.3311 -0.387176 3.57643 2 741.976 336.436 395.721 243.844
16 1.29273 0.159258 3.22319 2 762.083 255.998 406.445 185.544
17 1.3617 -0.0970728 3.31607 2 768.747 296.15 409.998 214.646
18 1.4085 -0.395972 3.46083 2 766.253 339.609 408.668 246.144
19 1.35068 -0.456363 3.45801 2 754.851 348.562 402.587 252.633
20 1.26082 0.623276 3.03291 2 772.358 176.301 411.924 127.781
21 1.17836 0.132787 3.4256 2 722.187 261.456 385.166 189.5
22 1.19446 0.128137 3.35714 2 730.444 261.753 389.57 189.715
23 1.29364 0.000147617 3.14612 2 769.127 281.187 410.201 203.8
24 1.3105 0.0377228 3.09615 2 777.55 274.992 414.694 199.31
1
1
-0.448715 0.114071 0.854594 -0.235184
-0.455978 0.11607 0.850741 -0.234203
-0.462001 0.119472 0.836167 -0.270382
0 0 0 0
0.465753 0.641867 -0.553676 -0.254013
-0.187828 -0.654518 0.221687 0.697984
0.171464 0.931221 0.0349798 0.319694
0.198939 0.925446 0.101082 0.306194
-0.163028 0.695372 0.485008 -0.504626
0.10049 0.86529 -0.011878 -0.490952
0.251615 0.899312 0.0363487 0.355819
0.302207 0.871073 -0.0568223 0.382981
-0.317601 -0.591654 0.738498 -0.0607991
-0.187353 -0.250971 0.209806 0.926226
-0.0839716 0.341821 0.145463 0.924634
0 0 0 0
-0.351363 0.591431 0.513875 -0.512528
0.130389 0.943819 0.165117 0.254835
0.203956 0.954209 0.113158 0.187306
0 0 0 0
-0.462941 0.11901 0.842292 -0.249131
0 0 0 0
0 0 0 0
0 0 0 0
0 0 0 0
