13280427
0 1.14248 0.160303 3.25361 2 727.199 256.096 387.839 185.615
1 1.11487 0.41054 3.10336 2 732.98 213.733 390.923 154.911
2 1.08107 0.654939 2.94317 2 738.756 167.623 394.003 121.491
3 1.02001 0.764764 2.92007 2 726.279 147.519 387.349 106.92
4 1.02608 0.597542 3.1181 2 712.054 183.465 379.762 132.973
5 1.04203 0.443033 3.26489 1 704.999 212.056 375.999 153.695
6 1.05803 0.141127 3.27574 1 707.515 259.268 377.341 187.914
7 1.08305 0.0788674 3.29251 2 711.662 269.009 379.553 194.974
8 1.1367 0.542463 2.86771 2 758.936 184.648 404.766 133.83
9 0.968013 0.376083 2.79867 2 723.655 212.685 385.949 154.151
10 0.758512 0.300334 2.74565 2 674.995 225.55 359.997 163.475
11 0.699844 0.280816 2.73118 2 661.028 228.928 352.548 165.924
12 1.10727 0.172014 3.26639 2 718.706 254.376 383.31 184.368
13 1.15502 -0.0628714 3.39456 2 719.569 290.648 383.77 210.658
14 1.21883 -0.364759 3.51507 2 724.197 334.116 386.239 242.163
15 1.13084 -0.423957 3.47207 2 709.53 343.441 378.416 248.921
16 1.15501 0.145491 3.17493 2 736.037 257.845 392.553 186.882
17 1.23435 -0.106136 3.25021 2 747.202 297.867 398.508 215.89
18 1.39269 -0.391316 3.43134 2 765.48 339.418 408.256 246.005
19 1.36285 -0.470129 3.41251 2 760.97 351.528 405.851 254.782
20 1.09042 0.594766 2.9851 2 737.312 179.523 393.233 130.115
21 1.08607 0.0342989 3.31665 2 710.62 275.943 378.997 200
22 1.09824 0.0854817 3.25322 2 717.705 267.823 382.776 194.114
23 0.628747 0.228426 2.66459 2 646.875 237.657 345 172.25
24 0.675162 0.294415 2.69831 2 656.846 225.734 350.318 163.609
1
2
-0.49915 0.0961896 0.823171 -0.252953
-0.502438 0.0972003 0.821169 -0.252567
-0.502504 0.100744 0.808954 -0.28798
0 0 0 0
0.4805 0.650038 -0.527742 -0.26088
-0.285998 -0.64489 0.238176 0.667528
0.00699347 0.93004 0.031194 0.366065
0.0463062 0.904538 0.218524 0.363199
-0.250274 0.620846 0.495891 -0.553178
-0.141994 0.914539 -0.377826 0.0265413
-0.40955 0.700141 -0.408503 -0.418565
-0.415005 0.693094 -0.417241 -0.416296
-0.346717 -0.58951 0.72732 -0.0571854
-0.143632 -0.217301 0.217478 0.940666
-0.144998 -0.263348 0.152651 0.941446
0 0 0 0
-0.383319 0.552209 0.511538 -0.535221
0.107547 0.959057 0.172845 0.196894
0.162021 0.878745 0.302616 0.331632
0 0 0 0
-0.504814 0.0983526 0.814452 -0.268621
0 0 0 0
0 0 0 0
0 0 0 0
0 0 0 0
