13389286
0 0.0489463 0.00894984 2.62857 2 496.745 279.49 264.931 202.571
1 0.0313831 0.288592 2.52779 2 492.494 223.441 262.663 161.947
2 0.0105096 0.558128 2.41252 2 486.962 163.752 259.713 118.685
3 0.0414604 0.665254 2.41005 2 495.845 140.847 264.451 102.084
4 -0.0280577 0.413215 2.3581 2 475.762 192.401 253.74 139.45
5 0.0102738 0.185271 2.35406 2 486.956 241.413 259.71 174.973
6 0.0630285 -0.0419194 2.44526 2 501.66 289.875 267.552 210.097
7 0.0736227 -0.118629 2.49137 2 504.258 305.281 268.937 221.264
8 0.105094 0.371376 2.3606 1 514.609 201.506 274.458 146.049
9 0.0993035 0.173816 2.32752 1 513.279 243.444 273.749 176.445
10 0.148845 0.0952203 2.56138 2 523.884 262.415 279.405 190.195
11 0.124108 0.0343991 2.55077 2 517.38 274.394 275.936 198.877
12 0.00191908 -0.000928631 2.57049 2 484.469 281.393 258.384 203.95
13 0.017036 -0.437233 2.70583 2 488.291 363.073 260.422 263.15
14 -0.0139774 -0.826705 2.8193 2 480.529 430.403 256.282 311.95
15 0.0757506 -0.865372 2.78479 2 502.776 439.412 268.147 318.48
16 0.0956079 0.0164977 2.61751 2 509.045 278.025 271.491 201.509
17 0.0589035 -0.328241 2.8934 1 497.956 338.615 265.576 245.424
18 -0.102714 -0.85922 2.95718 2 459.941 429.038 245.302 310.961
19 0.0178227 -0.858581 2.87813 2 488.239 433.014 260.394 313.843
20 0.0159237 0.491982 2.4434 2 488.449 179.082 260.506 129.796
21 0.126371 -0.181657 2.50502 2 518.629 317.886 276.602 230.4
22 0.107209 -0.0696139 2.54029 2 512.948 295.063 273.572 213.858
23 0.140128 -0.00481105 2.58125 2 521.25 282.153 278 204.501
24 0.09824 0.0155502 2.50882 2 510.853 278.078 272.455 201.547
1
1
0.234757 -0.0700583 0.956274 -0.159753
0.157619 -0.0570731 0.971971 -0.164839
0.0509577 -0.0491456 0.97429 -0.213887
0 0 0 0
-0.344091 0.892546 -0.253747 0.143439
-0.060877 0.75576 0.0573796 0.649483
-0.0644812 0.213515 0.205532 0.952896
-0.0069491 0.191465 0.272747 0.942816
-0.244596 0.921401 0.296975 -0.054766
0.0634455 -0.627895 -0.0551719 0.773743
-0.225567 -0.149884 0.541248 0.796056
-0.123353 0.951768 -0.16601 -0.226634
-0.234857 0.650429 -0.615886 0.37745
0.136845 0.846201 -0.0631125 -0.51111
0.12927 0.965784 -0.0681433 -0.21426
0 0 0 0
0.0462503 0.622037 0.758687 -0.187951
-0.0616365 -0.295141 0.327358 0.895505
0.156952 0.287645 0.0126263 0.944705
0 0 0 0
0.0510745 -0.04584 0.978814 -0.192909
0 0 0 0
0 0 0 0
0 0 0 0
0 0 0 0
