13385206
0 0.0194271 0.00227429 2.6234 2 489.042 280.773 260.823 203.5
1 0.0467062 0.295453 2.55854 2 496.51 222.776 264.805 161.465
2 0.0747139 0.58039 2.48353 2 504.717 162.542 269.182 117.808
3 0.0912403 0.687412 2.48403 2 509.341 140.48 271.649 101.818
4 -0.1024 0.466901 2.53751 2 456.152 187.922 243.281 136.203
5 0.133529 0.344469 2.49861 2 520.735 211.395 277.725 153.216
6 0.368503 0.292669 2.59399 2 581.817 224.02 310.302 162.366
7 0.384403 0.274987 2.57966 1 586.612 227.173 312.86 164.652
8 0.159945 0.401799 2.41661 2 529.546 196.937 282.425 142.737
9 0.330208 0.317308 2.54129 2 573.462 217.921 305.846 157.946
10 0.532742 0.303235 2.69523 2 620.32 224.096 330.837 162.422
11 0.606942 0.287072 2.77175 2 635.1 228.606 338.72 165.691
12 -0.0292943 0.014685 2.61305 2 476.257 278.371 254.004 201.759
13 0.00890395 -0.438833 2.69447 2 486.232 363.721 259.324 263.62
14 -0.0494655 -0.851117 2.78541 2 471.673 436.743 251.559 316.545
15 0.0368384 -0.885161 2.74886 2 493.231 445.198 263.057 322.674
16 0.0676488 -0.010196 2.56691 2 502.057 283.218 267.764 205.273
17 0.0146229 -0.335106 2.86014 1 487.473 340.5 259.985 246.79
18 -0.101482 -0.715695 2.77354 1 458.686 412.355 244.632 298.869
19 -0.0125432 -0.793912 2.77977 2 480.837 426.485 256.447 309.111
20 0.0677716 0.510372 2.50432 2 502.613 177.828 268.06 128.887
21 0.448798 0.257296 2.63237 2 601.457 231.642 320.777 167.891
22 0.375736 0.241022 2.58 2 584.253 233.869 311.602 169.505
23 0.675515 0.295262 2.80623 2 650.225 227.733 346.787 165.058
24 0.626721 0.319042 2.76236 2 640.622 222.525 341.665 161.283
1
1
-0.229165 0.0693197 0.966269 -0.0948791
-0.220672 0.0684839 0.968244 -0.0954841
-0.211525 0.0774243 0.965619 -0.129781
0 0 0 0
0.0943543 0.787828 -0.607863 -0.0304479
-0.327318 0.74254 0.406183 0.420133
0.319244 0.766667 0.54591 -0.110847
-0.194986 0.874739 0.378835 -0.230859
-0.178862 0.86212 0.378755 -0.285137
-0.537374 -0.279173 0.159331 0.779683
-0.217661 0.409335 0.651925 0.600052
-0.153129 0.385229 0.633709 0.653118
-0.0103282 -0.600552 0.787897 -0.135827
-0.0811993 -0.513442 0.054372 0.852542
0.0901101 0.968383 -0.0906459 -0.214238
0 0 0 0
-0.249776 0.681588 0.595674 -0.343836
-0.172219 -0.581453 0.319138 0.728288
0.154249 -0.0901724 -0.0943589 0.979374
0 0 0 0
-0.211439 0.0728254 0.968466 -0.109835
0 0 0 0
0 0 0 0
0 0 0 0
0 0 0 0
