13343596
0 1.26119 0.191445 3.31521 2 747.672 251.754 398.759 182.468
1 1.25094 0.447092 3.17357 2 757.355 209.308 403.923 151.704
2 1.23501 0.697381 3.02559 2 767.134 163.546 409.138 118.536
3 1.18382 0.808385 2.98902 2 758.696 143.159 404.638 103.76
4 1.16736 0.643919 3.19721 2 737.197 178.421 393.172 129.317
5 1.1598 0.437531 3.34272 1 724.401 214.464 386.347 155.441
6 1.16062 0.213455 3.39419 2 720.781 249.16 384.417 180.588
7 1.15998 0.167264 3.42484 2 718.498 256.324 383.199 185.78
8 1.31641 0.572446 2.96209 2 792.228 182.568 422.522 132.323
9 1.35797 0.328324 3.00851 2 797.1 225.499 425.12 163.439
10 1.32664 0.126308 3.10384 2 780.447 260.439 416.238 188.763
11 1.30821 0.0688388 3.13744 2 773.162 270.013 412.353 195.701
12 1.21415 0.206387 3.32513 2 736.999 249.56 393.066 180.877
13 1.28751 -0.0438822 3.46054 2 741.799 287.677 395.626 208.505
14 1.37016 -0.337328 3.50932 2 754.698 330.259 402.506 239.367
15 1.32522 -0.371121 3.57955 2 740.595 334.097 394.984 242.149
16 1.28409 0.173436 3.24172 2 758.625 253.912 404.6 184.032
17 1.35216 -0.0889724 3.3287 2 765.661 294.851 408.353 213.704
18 1.40522 -0.392401 3.4544 2 766.12 339.19 408.597 245.84
19 1.34475 -0.435229 3.47337 2 752.448 345.154 401.305 250.163
20 1.24001 0.635675 3.06404 2 764.721 175.3 407.851 127.055
21 1.16066 0.119602 3.4458 2 717.185 263.526 382.499 191
22 1.18236 0.14602 3.40196 2 724.684 259.334 386.498 187.962
23 1.3057 0.00842734 3.16585 2 769.997 279.852 410.665 202.833
24 1.31597 0.0517217 3.11433 2 777.054 272.734 414.429 197.674
1
1
-0.425122 0.0935953 0.869693 -0.232692
-0.443292 0.0984613 0.860574 -0.230675
-0.461793 0.100639 0.842668 -0.257934
0 0 0 0
0.466865 0.640387 -0.556031 -0.250542
0.212639 0.704218 -0.215202 -0.6423
0.0917951 0.818607 0.0653282 0.563195
0.242383 0.792624 0.157011 0.536978
-0.157388 0.689482 0.502935 -0.496891
0.116053 0.929613 0.045437 -0.346823
0.228126 0.906513 0.0127223 0.355009
0.287971 0.885504 -0.0325108 0.363177
-0.281154 -0.586395 0.754563 -0.0879108
-0.194038 -0.281184 0.191095 0.9202
-0.0886452 0.419988 0.130042 0.893779
0 0 0 0
-0.327755 0.592629 0.52789 -0.512543
0.112952 0.936658 0.162476 0.288989
0.195142 0.97747 0.0768186 -0.0238904
0 0 0 0
-0.462262 0.101669 0.847428 -0.240505
0 0 0 0
0 0 0 0
0 0 0 0
0 0 0 0
