13295519
0 0.0684063 0.0154374 2.6336 2 501.796 278.248 267.625 201.671
1 0.0375591 0.278275 2.51798 2 494.213 225.293 263.58 163.289
2 0.00717733 0.534233 2.39204 2 486.026 167.848 259.214 121.654
3 0.0589793 0.640724 2.38166 2 501.066 144.441 267.235 104.689
4 -0.060007 0.408065 2.35552 2 466.411 193.413 248.753 140.183
5 -0.0314045 0.167317 2.34945 2 474.772 245.203 253.212 177.72
6 0.0664813 -0.0689877 2.45502 2 502.557 295.414 268.03 214.112
7 0.0900594 -0.145616 2.50624 2 508.646 310.586 271.278 225.109
8 0.0692967 0.474842 2.5042 2 503.025 185.063 268.28 134.131
9 0.138644 0.304346 2.70161 1 519.253 224.196 276.935 162.494
10 0.199588 0.0580078 2.81153 1 532.736 270.779 284.126 196.257
11 0.199117 -0.0137355 2.84088 1 532.116 283.655 283.795 205.589
12 0.038444 -0.00110366 2.5557 2 494.287 281.429 263.62 203.976
13 0.0340028 -0.412711 2.73688 2 492.508 357.583 262.671 259.171
14 0.0287527 -0.785888 2.89076 2 490.829 419.432 261.775 303.998
15 0.115658 -0.829689 2.85144 2 512.002 429.256 273.068 311.119
16 0.096632 0.031637 2.64449 2 509.055 275.164 271.496 199.435
17 0.0977274 -0.328794 2.69354 1 508.913 342.995 271.42 248.598
18 0.0615064 -0.707012 2.84016 2 498.908 407.679 266.084 295.48
19 0.125157 -0.787123 2.88389 2 513.947 419.999 274.105 304.41
20 0.0146796 0.47133 2.4255 2 488.127 182.669 260.335 132.396
21 0.14038 -0.211478 2.53293 2 522.056 323.445 278.43 234.429
22 0.115263 -0.0840157 2.54012 2 515.13 297.931 274.736 215.936
23 0.203605 -0.0623511 2.85914 1 532.89 292.237 284.208 211.81
24 0.20929 -0.00818211 2.82725 1 534.823 282.674 285.239 204.878
3
0
0.468638 -0.146184 0.857573 -0.153546
0.438592 -0.140767 0.873322 -0.158527
0.406346 -0.15012 0.879701 -0.196147
0 0 0 0
-0.126459 0.770573 -0.470233 0.411224
-0.039632 0.872653 0.0455678 0.484593
-0.122188 0.264603 0.240981 0.925734
-0.0565284 0.234266 0.306752 0.920775
0.398326 0.645091 0.599713 0.256006
0.214747 0.685625 0.371541 0.588012
-0.0206718 0.39442 0.232788 0.888716
0.0789335 0.386917 0.176109 0.901693
-0.352433 0.631252 -0.527814 0.445786
0.196947 0.942741 -0.0600512 -0.262382
0.185377 0.944878 -0.0585705 -0.26346
0 0 0 0
0.297993 0.513732 0.804508 0.00686476
0.0176385 0.281786 0.065253 0.957093
0.0285684 -0.0885603 0.186644 0.978011
0 0 0 0
0.407607 -0.141865 0.884443 -0.177455
0 0 0 0
0 0 0 0
0 0 0 0
0 0 0 0
