13352405
0 1.34599 0.205996 3.32343 2 764.832 249.579 407.91 180.892
1 1.33057 0.4566 3.19005 2 773.313 208.144 412.433 150.86
2 1.31002 0.701221 3.04546 2 782.322 163.69 417.239 118.64
3 1.29044 0.805918 2.96633 2 785.568 142.603 418.969 103.356
4 1.18473 0.655199 3.14936 2 744.906 175.017 397.283 126.85
5 1.17325 0.450723 3.29097 2 731.075 211.353 389.907 153.186
6 1.18848 0.254983 3.37711 1 727.774 242.719 388.146 175.919
7 1.19291 0.179223 3.38481 1 728.102 254.219 388.321 184.255
8 1.4395 0.600691 3.03461 2 812.827 180.226 433.508 130.626
9 1.53031 0.375307 3.1252 2 823.514 219.932 439.208 159.404
10 1.59465 0.170212 3.08103 2 842.725 253.032 449.453 183.394
11 1.59653 0.115826 2.96066 2 857.506 261.269 457.336 189.364
12 1.27622 0.209915 3.31567 2 750.806 248.913 400.43 180.409
13 1.31773 -0.0347892 3.45193 2 748.565 286.351 399.234 207.544
14 1.35946 -0.325115 3.58029 2 747.203 327.537 398.508 237.394
15 1.34589 -0.405447 3.54954 2 746.862 339.49 398.326 246.057
16 1.39003 0.199225 3.26724 2 779.078 250.086 415.508 181.259
17 1.42602 -0.049935 3.35112 2 779.13 288.817 415.536 209.33
18 1.44285 -0.365144 3.49975 2 769.929 334.465 410.629 242.416
19 1.37896 -0.412762 3.51047 2 756.381 341.215 403.403 247.308
20 1.3159 0.641029 3.08355 2 779.999 175.091 416 126.903
21 1.20288 0.122862 3.40834 2 728.434 262.836 388.498 190.5
22 1.17212 0.155616 3.3987 2 722.812 257.876 385.5 186.905
23 1.60731 0.075592 2.90229 2 867.374 267.942 462.599 194.201
24 1.62749 0.149283 2.96027 2 864.623 255.517 461.132 185.195
1
3
-0.196926 0.0217193 0.949709 -0.24249
-0.21262 0.0257304 0.946319 -0.242097
-0.228424 0.024406 0.932149 -0.279866
0 0 0 0
0.34276 0.672181 -0.656176 0.0109695
0.249401 0.835976 -0.164874 -0.460173
-0.0969375 -0.296697 0.184706 0.931911
-0.0425814 -0.292379 0.0398639 0.954522
0.0401596 0.725187 0.594304 -0.34539
0.00928694 0.708758 0.255662 0.657429
-0.168644 0.811473 0.0651648 0.55572
-0.488799 0.75142 -0.234994 0.375794
-0.134219 -0.657125 0.714043 -0.200785
-0.198147 -0.519773 0.169155 0.81361
-0.171246 -0.552797 0.131439 0.804869
0 0 0 0
-0.181608 0.596521 0.647925 -0.437464
0.0975566 0.827426 0.144887 0.53372
0.215905 0.972876 0.040839 0.0723092
0 0 0 0
-0.228699 0.0266444 0.937903 -0.259469
0 0 0 0
0 0 0 0
0 0 0 0
0 0 0 0
