13379715
0 -0.213096 -0.15474 2.38021 2 422.398 314.104 225.279 227.658
1 -0.205097 0.134778 2.28574 2 422.264 251.379 225.207 182.196
2 -0.193317 0.415989 2.17821 2 422.763 184.315 225.474 133.589
3 -0.163548 0.522587 2.19224 2 432.45 160.104 230.64 116.042
4 -0.266166 0.290392 2.15352 2 398.812 212.855 212.7 154.274
5 -0.425207 0.165637 2.24495 2 353.392 243.785 188.476 176.692
6 -0.420369 0.0165683 2.36035 1 361.285 277.653 192.685 201.239
7 -0.389948 -0.0115485 2.28598 1 366.487 283.771 195.459 205.673
8 -0.0938091 0.198104 2.12553 2 453.615 234.061 241.928 169.644
9 -0.0507756 0.00616078 2.2165 2 468.223 279.806 249.719 202.8
10 -0.034115 -0.185374 2.24069 1 473.493 323.049 252.53 234.141
11 -0.0740375 -0.19353 2.33034 1 462.12 323.212 246.464 234.26
12 -0.245267 -0.122804 2.36378 2 412.604 307.5 220.055 222.872
13 -0.334201 -0.504577 2.5795 2 394.553 380.537 210.428 275.808
14 -0.395054 -0.793427 2.60756 2 379.05 436.25 202.16 316.188
15 -0.455773 -0.845344 2.66936 2 365.664 442.657 195.021 320.832
16 -0.171822 -0.180406 2.33205 2 433.3 320.349 231.093 232.184
17 -0.17937 -0.556469 2.56642 2 435.739 391.285 232.394 283.598
18 -0.061344 -0.907555 2.69395 2 468.19 452.853 249.701 328.222
19 -0.0845198 -0.981013 2.59239 1 461.358 474.222 246.058 343.71
20 -0.196599 0.347013 2.20744 2 422.607 201.527 225.39 146.064
21 -0.387074 -0.0496355 2.29809 2 367.97 292.155 196.251 211.75
22 -0.398978 -0.0384643 2.286 2 363.751 289.738 194.001 209.998
23 -0.0396286 -0.261701 2.37853 2 472.501 336.881 252 244.167
24 -0.0977575 -0.213368 2.27636 2 454.433 328.628 242.364 238.185
1
0
-0.262042 0.0544825 0.952104 -0.147861
-0.136745 0.0349084 0.977993 -0.153664
0.0100293 0.0202982 0.979709 -0.199144
0 0 0 0
-0.21406 0.860963 -0.428562 0.171042
0.293048 0.873208 -0.364626 0.136668
0.323538 0.94387 -0.00901941 -0.0659631
-0.131774 -0.128764 -0.563463 0.805335
-0.187055 0.929094 0.300242 -0.107931
0.120313 0.80046 0.206641 0.549625
0.0649499 0.995476 0.0394655 -0.057016
0.650624 0.728823 -0.187825 0.10113
0.0170906 -0.369362 0.911528 -0.17999
-0.0388091 -0.490627 0.268076 0.828199
0.113735 0.414428 0.000207366 0.902947
0 0 0 0
-0.187006 0.719145 0.526754 -0.412783
0.242981 0.833953 0.129155 0.478333
0.0446526 0.788649 0.223353 0.571098
0 0 0 0
0.0099329 0.0172958 0.984208 -0.17589
0 0 0 0
0 0 0 0
0 0 0 0
0 0 0 0
