13280424
0 0.0485318 0.0176192 2.64631 2 496.552 277.846 264.828 201.379
1 0.0280037 0.285219 2.54864 2 491.512 224.586 262.14 162.777
2 0.00819764 0.545784 2.44089 2 486.273 167.714 259.346 121.557
3 0.0709567 0.646317 2.4147 2 504.258 145.139 268.938 105.195
4 -0.080885 0.419329 2.38572 2 460.603 192.122 245.655 139.247
5 -0.0993824 0.197917 2.38695 2 455.338 239.273 242.847 173.422
6 -0.00787868 -0.0268855 2.45565 2 481.753 286.744 256.935 207.828
7 0.0323195 -0.102049 2.4941 2 492.858 301.892 262.857 218.807
8 0.139063 0.46684 2.6621 2 519.943 192.314 277.303 139.387
9 0.275204 0.330876 2.75128 2 552.812 220.294 294.833 159.666
10 0.493234 0.281221 2.73359 2 608.354 229.02 324.456 165.99
11 0.580664 0.27046 2.71192 2 631.716 230.568 336.915 167.112
12 0.0153657 0.0141988 2.55764 2 488.083 278.405 260.311 201.784
13 0.0238742 -0.397035 2.73475 2 489.964 354.728 261.314 257.102
14 0.02686 -0.789327 2.88951 2 490.38 420.103 261.536 304.485
15 0.116381 -0.83007 2.85219 2 512.17 429.286 273.158 311.14
16 0.0795979 0.0214864 2.66903 2 504.44 277.142 269.035 200.869
17 0.0187488 -0.419207 2.76736 2 488.62 357.931 260.597 259.423
18 0.0652886 -0.723448 2.85419 2 499.752 410.003 266.534 297.165
19 0.155736 -0.780732 2.78182 2 522.656 423.971 278.75 307.288
20 0.0130378 0.481745 2.46983 2 487.595 182.297 260.05 132.126
21 0.0630855 -0.167756 2.51074 2 501.221 314.994 267.318 228.303
22 -0.00173085 -0.0980213 2.50629 2 483.482 300.978 257.857 218.145
23 0.638205 0.266593 2.6626 2 649.499 230.326 346.399 166.937
24 0.573993 0.207318 2.68686 2 631.335 242.041 336.712 175.428
1
0
0.476881 -0.116137 0.860851 -0.134287
0.440482 -0.110423 0.880031 -0.139024
0.402705 -0.118693 0.890165 -0.177051
0 0 0 0
-0.134386 0.756454 -0.510005 0.386798
0.0139899 0.961511 -0.0393407 0.271576
-0.228416 -0.414449 0.0471839 0.879677
-0.297751 -0.411159 0.0971705 0.856067
0.387563 0.675373 0.563423 0.276081
-0.286648 0.221997 0.311888 0.878223
0.386417 0.572403 0.489895 -0.532014
0.365117 0.507295 0.554419 -0.54951
0.370013 -0.572678 0.587398 -0.435998
0.196986 0.942767 -0.0453361 -0.265202
0.181673 0.950793 -0.0435058 -0.247175
0 0 0 0
0.310559 0.65754 0.673454 0.132869
0.092839 0.25277 0.0880567 0.959028
-0.0134408 0.389871 0.155351 0.907571
0 0 0 0
0.403991 -0.110626 0.894265 -0.157619
0 0 0 0
0 0 0 0
0 0 0 0
0 0 0 0
