13389289
0 1.17454 0.189427 3.30858 2 729.902 252.023 389.281 182.663
1 1.15313 0.440955 3.18752 2 734.749 210.641 391.866 152.67
2 1.1282 0.686114 3.05584 2 740.065 166.601 394.701 120.75
3 1.08246 0.793323 2.99347 2 734.822 145.92 391.905 105.761
4 1.00428 0.638294 3.1965 2 701.692 179.379 374.236 130.012
5 0.953933 0.413901 3.21418 2 689.364 215.629 367.661 156.285
6 0.932137 0.27026 2.98284 2 700.25 235.065 373.467 170.372
7 0.920914 0.230154 2.94265 2 700.546 241.379 373.624 174.949
8 1.22509 0.578634 3.00889 2 766.423 183.038 408.759 132.663
9 1.23882 0.357784 3.01636 2 768.845 220.666 410.05 159.936
10 1.04996 0.238589 3.0071 2 725.849 240.764 387.12 174.502
11 0.980409 0.217164 2.96447 2 712.952 243.886 380.241 176.765
12 1.11784 0.193872 3.31636 2 717.37 251.422 382.597 182.227
13 1.17035 -0.0477039 3.45826 2 718.284 288.239 383.085 208.912
14 1.24193 -0.352363 3.56199 2 725.529 331.646 386.949 240.372
15 1.20936 -0.410969 3.58376 2 717.728 339.668 382.788 246.186
16 1.20966 0.179312 3.23703 2 742.968 252.958 396.25 183.341
17 1.26592 -0.0763881 3.3262 2 747.766 292.925 398.809 212.308
18 1.35417 -0.391047 3.46706 2 754.818 338.767 402.57 245.534
19 1.34461 -0.471596 3.43212 2 755.677 351.338 403.028 254.645
20 1.13512 0.625763 3.09072 2 738.695 177.875 393.97 128.921
21 0.922157 0.205254 2.91916 2 702.59 245.402 374.715 177.864
22 0.949823 0.194139 2.92073 2 709.085 247.351 378.179 179.276
23 0.903571 0.178622 2.95338 2 695.624 250.42 370.999 181.501
24 0.968439 0.225831 2.91925 2 713.672 241.793 380.625 175.248
1
1
-0.33892 0.0404107 0.913428 -0.221698
-0.346152 0.0421671 0.910712 -0.221371
-0.35088 0.0462002 0.898705 -0.258992
0 0 0 0
0.383195 0.674626 -0.624739 -0.0879961
-0.0486413 0.713985 -0.105839 -0.690403
-0.2094 0.447933 -0.439596 0.749841
-0.115485 0.497647 -0.37441 0.77384
-0.0963291 0.696047 0.556817 -0.442939
0.015829 0.998821 0.0315764 0.0333059
-0.123521 0.856421 -0.467016 -0.182157
-0.358708 0.789435 -0.494291 -0.0616267
-0.213882 -0.670588 0.702116 -0.107696
-0.192684 -0.390076 0.197792 0.878403
-0.104639 0.0364441 0.164385 0.980153
0 0 0 0
-0.266876 0.57441 0.604837 -0.482704
0.108809 0.898226 0.160975 0.394256
0.100227 0.811104 0.218749 0.533118
0 0 0 0
-0.352369 0.0452152 0.903943 -0.238073
0 0 0 0
0 0 0 0
0 0 0 0
0 0 0 0
