13352938
0 1.34706 0.204623 3.32003 2 765.345 249.758 408.184 181.021
1 1.33294 0.455302 3.18728 2 774.081 208.288 412.843 150.964
2 1.31416 0.700036 3.04313 2 783.491 163.801 417.862 118.72
3 1.29787 0.804079 2.96197 2 787.731 142.724 420.123 103.444
4 1.18705 0.654409 3.14551 2 745.738 175.014 397.727 126.848
5 1.1748 0.409916 3.30069 2 730.647 217.872 389.679 157.91
6 1.17875 0.19498 3.34815 2 727.85 251.525 388.187 182.302
7 1.18693 0.156038 3.3509 2 729.343 257.473 388.983 186.613
8 1.44911 0.591881 3.03959 2 814.474 181.873 434.386 131.819
9 1.53338 0.370529 3.12722 2 823.973 220.752 439.452 159.998
10 1.59764 0.166811 3.07559 2 844.016 253.547 450.142 183.768
11 1.59802 0.114904 2.96883 2 856.839 261.481 456.981 189.518
12 1.27663 0.208089 3.31183 2 751.203 249.157 400.642 180.585
13 1.31792 -0.0356781 3.45057 2 748.709 286.485 399.311 207.64
14 1.35941 -0.328154 3.58651 2 746.735 327.888 398.259 237.649
15 1.31431 -0.400054 3.50191 2 744.166 339.492 396.889 246.06
16 1.39188 0.197361 3.26436 2 779.733 250.349 415.858 181.45
17 1.42752 -0.0511885 3.35162 2 779.398 289.006 415.679 209.468
18 1.44668 -0.362309 3.49692 2 770.924 334.095 411.159 242.148
19 1.37933 -0.403808 3.51471 2 756.121 339.842 403.265 246.313
20 1.31963 0.639773 3.08116 2 781.066 175.218 416.568 126.995
21 1.18506 0.107819 3.37054 2 727.501 264.906 388.001 192
22 1.14476 0.151452 3.34238 2 721.152 258.119 384.614 187.081
23 1.61731 0.076677 2.91879 2 867.572 267.828 462.705 194.118
24 1.64111 0.149634 2.97575 2 865.784 255.593 461.751 185.25
1
0
-0.191596 0.0224402 0.951108 -0.241207
-0.204266 0.0256557 0.948468 -0.240887
-0.217076 0.0238429 0.935131 -0.278997
0 0 0 0
0.338384 0.671094 -0.659475 0.0149089
0.19995 0.737065 -0.195562 -0.615232
-0.0667895 -0.542875 0.0859104 0.832733
-0.105486 -0.538348 -0.0267231 0.835667
0.0610323 0.746371 0.574618 -0.33018
0.00923888 0.696902 0.248319 0.672741
-0.186025 0.773209 0.0436172 0.604682
-0.44723 0.713143 -0.285225 0.458322
-0.131082 -0.659243 0.7122 -0.202452
-0.201131 -0.523345 0.172132 0.809955
-0.169177 -0.516399 0.147209 0.826463
0 0 0 0
-0.177391 0.60161 0.646521 -0.43429
0.10252 0.823838 0.148257 0.537402
0.216346 0.975864 0.0294456 0.004054
0 0 0 0
-0.217176 0.0264769 0.940955 -0.258334
0 0 0 0
0 0 0 0
0 0 0 0
0 0 0 0
