13359819
0 -0.0688529 -0.0579169 2.51104 2 465.123 292.868 248.066 212.267
1 -0.10036 0.212351 2.38975 2 455.088 236.263 242.713 171.24
2 -0.130757 0.474703 2.25627 2 443.988 174.437 236.794 126.43
3 -0.0947244 0.585694 2.25165 2 454.898 148.999 242.612 107.993
4 -0.164876 0.342158 2.1998 2 432.34 202.389 230.581 146.688
5 -0.108545 0.108158 2.20656 2 450.157 256.428 240.084 185.856
6 -0.0175521 -0.102373 2.32103 2 478.762 303.505 255.34 219.976
7 0.013404 -0.178589 2.37176 2 487.84 319.285 260.181 231.413
8 0.0446506 0.289772 2.25034 1 497.606 216.03 265.39 156.576
9 -0.0895438 0.119705 2.1788 1 455.719 253.433 243.05 183.685
10 0.0221185 -0.0365286 2.33812 1 490.454 289.106 261.575 209.54
11 0.00677989 -0.121412 2.34464 1 485.943 307.386 259.17 222.789
12 -0.116524 -0.0580251 2.44328 2 451.194 293.216 240.637 212.519
13 -0.0859971 -0.483985 2.60055 2 461.172 375.571 245.958 272.209
14 -0.0846645 -0.861475 2.73834 2 462.563 441.392 246.7 319.915
15 0.00151434 -0.889065 2.74126 2 484.339 446.388 258.314 323.536
16 -0.0186782 -0.0564816 2.51105 2 478.848 292.578 255.386 212.057
17 -0.154135 -0.408614 2.74992 2 445.371 356.482 237.531 258.373
18 0.0385403 -0.760064 2.69007 1 493.859 424.916 263.392 307.973
19 -0.0459386 -0.830489 2.71549 2 472.255 436.882 251.869 316.646
20 -0.123299 0.410268 2.29178 2 446.889 190.452 238.341 138.037
21 0.0413186 -0.239984 2.3941 2 495.821 331.919 264.438 240.57
22 -0.0202255 -0.163864 2.38349 2 478.126 315.97 255.001 229.011
23 0.0435063 -0.180661 2.38323 2 496.501 319.543 264.801 231.6
24 0.0140913 -0.144771 2.32133 2 488.127 312.74 260.334 226.67
1
1
0.263781 -0.108449 0.940229 -0.186087
0.209624 -0.0976388 0.953765 -0.19198
0.144599 -0.0886592 0.956422 -0.237673
0 0 0 0
-0.347138 0.839851 -0.315955 0.272612
-0.0562433 0.812063 0.104476 0.57138
-0.264782 -0.386242 0.138689 0.872624
-0.269346 -0.392915 0.182065 0.860188
-0.0853205 0.88503 0.454902 -0.050061
0.356022 -0.385392 -0.0230206 0.850994
0.366366 0.900506 0.229582 -0.0464374
0.0254851 0.986159 -0.0933812 -0.134613
0.2625 -0.592957 0.65608 -0.386076
0.169915 0.858613 -0.0560047 -0.480391
0.174033 0.983969 -0.00514504 -0.038617
0 0 0 0
0.149559 0.681619 0.701376 -0.145255
0.215483 0.894499 -0.24348 -0.30685
-0.0395466 0.955817 0.254574 -0.14157
0 0 0 0
0.144527 -0.0862465 0.961676 -0.216456
0 0 0 0
0 0 0 0
0 0 0 0
0 0 0 0
