13371882
0 -0.312313 -0.187311 2.31486 2 391.083 322.199 208.578 233.525
1 -0.340567 0.113593 2.29959 2 382.012 256.19 203.74 185.683
2 -0.368485 0.40349 2.27006 2 371.921 190.938 198.358 138.389
3 -0.372931 0.515785 2.28659 2 371.244 166.501 197.997 120.678
4 -0.531034 0.235206 2.27349 2 322.662 228.641 172.086 165.716
5 -0.56521 0.0141781 2.3552 2 318.324 278.153 169.773 201.602
6 -0.572047 -0.189732 2.50877 1 326.582 319.62 174.177 231.656
7 -0.561579 -0.278438 2.61535 2 335.76 335.279 179.072 243.006
8 -0.22714 0.256038 2.18036 2 412.245 221.728 219.864 160.706
9 -0.118851 0.0196358 2.22424 2 447.249 276.748 238.533 200.583
10 -0.0566281 -0.131799 2.34878 2 467.393 309.579 249.276 224.378
11 -0.0601956 -0.191459 2.40947 2 466.787 321.394 248.953 232.942
12 -0.351325 -0.180663 2.29499 2 378.532 321.103 201.884 232.731
13 -0.400346 -0.540584 2.54826 2 375.437 389.037 200.233 281.969
14 -0.462 -0.93219 2.72978 2 366.643 455.391 195.543 330.061
15 -0.390465 -0.983434 2.66957 2 382.541 469.167 204.022 340.046
16 -0.264656 -0.187004 2.26696 2 403.623 322.98 215.266 234.091
17 -0.122289 -0.548047 2.49128 2 450.095 392.879 240.051 284.753
18 -0.0725206 -0.908563 2.65206 2 465.02 455.788 248.011 330.349
19 -0.124172 -0.976441 2.63427 2 451.289 470.242 240.687 340.825
20 -0.36189 0.3323 2.2795 2 374.475 207.236 199.72 150.202
21 -0.559001 -0.287491 2.61751 2 336.56 336.992 179.499 244.247
22 -0.569351 -0.275688 2.6034 2 333.003 334.997 177.601 242.801
23 -0.0550214 -0.241028 2.43679 2 468.434 331.247 249.832 240.083
24 -0.0954975 -0.169186 2.38267 2 456.413 317.118 243.42 229.843
0
1
-0.158782 -0.0421385 0.985883 -0.0323658
-0.149613 -0.0424374 0.987316 -0.0319729
-0.137475 -0.0363809 0.987261 -0.0713677
0 0 0 0
-0.0248125 0.865249 -0.500581 -0.0121018
0.18493 0.802553 0.040935 0.565715
-0.142616 -0.463339 0.283561 0.827388
-0.235673 -0.425181 0.354275 0.798854
-0.195216 0.811686 0.504474 -0.220369
0.204604 0.723553 0.0994872 -0.651698
-0.30631 -0.479175 0.195151 0.79905
-0.210583 -0.546206 0.324743 0.74287
0.173028 -0.633062 0.738323 -0.155474
-0.145469 -0.603577 0.269153 0.736268
0.170788 0.902911 -0.147501 -0.365823
0 0 0 0
-0.238289 0.636795 0.667446 -0.303688
0.116487 0.771866 0.289343 0.554017
0.177536 0.929679 0.124168 0.297925
0 0 0 0
-0.138741 -0.04161 0.988091 -0.0519137
0 0 0 0
0 0 0 0
0 0 0 0
0 0 0 0
