13304350
0 0.0579055 0.0221867 2.63934 2 499.025 276.962 266.146 200.739
1 0.0329319 0.28647 2.53569 2 492.887 224.046 262.873 162.385
2 0.00881241 0.543954 2.42245 2 486.466 167.23 259.449 121.206
3 0.0569046 0.65355 2.40612 2 500.298 143.11 266.825 103.724
4 -0.0697022 0.413392 2.37145 2 463.712 192.861 247.313 139.783
5 -0.0579244 0.176266 2.36778 2 467.146 243.567 249.144 176.534
6 0.0356592 -0.0612663 2.4503 2 493.952 293.847 263.441 212.977
7 0.0572358 -0.134184 2.50472 2 499.655 308.293 266.483 223.447
8 0.133649 0.473514 2.68554 2 518.241 191.83 276.395 139.035
9 0.264273 0.373858 2.78571 2 549.274 213.216 292.946 154.536
10 0.466665 0.338009 2.81614 2 598.192 220.326 319.036 159.689
11 0.547435 0.341942 2.83096 2 617.365 219.892 329.261 159.375
12 0.0286669 0.00952445 2.54563 2 491.691 279.32 262.235 202.447
13 0.0297137 -0.397288 2.73067 2 491.445 354.885 262.104 257.216
14 0.026603 -0.787527 2.8927 2 490.311 419.629 261.499 304.142
15 0.116622 -0.829041 2.85247 2 512.226 429.086 273.187 310.995
16 0.0858896 0.0356308 2.66694 2 506.077 274.458 269.908 198.924
17 0.0272017 -0.405935 2.76404 2 490.729 355.583 261.722 257.721
18 0.0541453 -0.801738 2.88373 2 496.933 422.595 265.031 306.291
19 0.152212 -0.829477 2.91247 2 520.088 426.097 277.38 308.829
20 0.0147091 0.480751 2.45266 2 488.09 181.807 260.315 131.771
21 0.101649 -0.203427 2.52299 2 511.648 321.99 272.879 233.374
22 0.0859165 -0.0806819 2.52955 2 507.288 297.333 270.553 215.503
23 0.598813 0.337627 2.83507 2 629.746 220.724 335.865 159.978
24 0.57428 0.36154 2.78864 2 626.105 215.36 333.923 156.09
1
0
0.521315 -0.136192 0.83182 -0.13326
0.478962 -0.129341 0.856907 -0.13992
0.434699 -0.136884 0.872104 -0.178139
0 0 0 0
-0.137448 0.764558 -0.481509 0.405842
-0.0169117 0.918345 0.0197333 0.394927
-0.118846 0.313525 0.207922 0.918883
-0.0308893 0.264575 0.330361 0.905487
0.419942 0.644757 0.556612 0.31324
-0.330466 0.15444 0.363107 0.857376
-0.154167 0.707815 0.624472 0.292
-0.166003 0.632005 0.704532 0.276853
-0.391043 0.604777 -0.532091 0.445207
0.207136 0.954464 -0.04436 -0.210061
0.187679 0.946412 -0.0548623 -0.257042
0 0 0 0
0.381869 0.55727 0.718323 0.16625
0.0849833 0.197899 0.0922397 0.972165
-0.0466852 -0.0944532 0.142265 0.984205
0 0 0 0
0.436051 -0.128403 0.876315 -0.159513
0 0 0 0
0 0 0 0
0 0 0 0
0 0 0 0
