13292518
0 0.0646993 0.0187537 2.63507 2 500.82 277.614 267.104 201.211
1 0.0369551 0.283043 2.52087 2 494.037 224.398 263.486 162.641
2 0.00940092 0.539514 2.39469 2 486.665 166.847 259.555 120.928
3 0.0507122 0.652126 2.38232 2 498.666 142.025 265.955 102.938
4 -0.0448914 0.412496 2.35972 2 470.854 192.616 251.122 139.606
5 -0.000195179 0.171905 2.34655 2 483.899 244.169 258.08 176.971
6 0.11079 -0.0438318 2.44799 2 515.045 290.261 274.691 210.377
7 0.133759 -0.117273 2.50346 2 520.669 304.896 277.69 220.984
8 0.0734583 0.479975 2.50503 1 504.165 184.049 268.888 133.396
9 0.143326 0.30815 2.70409 1 520.413 223.533 277.554 162.014
10 0.204685 0.0594933 2.81413 1 533.937 270.521 284.766 196.07
11 0.203312 -0.00838919 2.84163 1 533.118 282.703 284.33 204.9
12 0.0346164 -0.00494456 2.56576 2 493.222 282.185 263.052 204.524
13 0.0333327 -0.4125 2.74163 2 492.324 357.411 262.573 259.046
14 -0.0351006 -0.789011 2.9324 1 475.687 417.998 253.7 302.959
15 0.0861733 -0.820565 2.86033 2 504.784 427.147 269.218 309.59
16 0.0926173 0.0418939 2.63452 2 508.104 273.173 270.989 197.992
17 0.10155 -0.289629 2.67995 1 510.013 335.896 272.007 243.453
18 0.0657897 -0.669215 2.824 2 500.034 401.555 266.685 291.041
19 0.10958 -0.766917 2.86142 2 510.415 417.472 272.221 302.578
20 0.0162509 0.47653 2.42834 2 488.569 181.692 260.57 131.688
21 0.186993 -0.181284 2.52658 2 534.838 317.508 285.247 230.126
22 0.0732513 -0.115983 2.51856 2 503.937 304.49 268.766 220.69
23 0.207037 -0.0568443 2.8582 1 533.731 291.267 284.657 211.106
24 0.212828 -0.00286838 2.83081 1 535.619 281.723 285.663 204.189
0
0
0.434719 -0.133606 0.876293 -0.158993
0.42796 -0.132378 0.879614 -0.160017
0.418309 -0.148939 0.874068 -0.197081
0 0 0 0
-0.148578 0.770978 -0.438296 0.43751
-0.0681398 0.869703 0.0669164 0.484248
-0.293744 -0.491721 0.0592329 0.817567
-0.278865 -0.521236 0.187432 0.784485
0.387118 0.649291 0.606737 0.245829
0.214744 0.685348 0.371662 0.588261
-0.0213054 0.393802 0.231363 0.889347
0.084055 0.386294 0.172075 0.902276
-0.308326 0.659071 -0.505268 0.463967
0.191975 0.931597 -0.0637856 -0.302001
0.199355 0.933899 -0.141391 -0.260959
0 0 0 0
0.190967 0.413964 0.88463 -0.0979582
0.00948295 0.324494 0.0686865 0.943343
0.0888821 0.249768 0.162569 0.950414
0 0 0 0
0.419951 -0.139517 0.878993 -0.177617
0 0 0 0
0 0 0 0
0 0 0 0
0 0 0 0
