13318778
0 0.0641686 0.0161271 2.61489 2 500.811 278.094 267.099 201.559
1 0.0402293 0.277252 2.50172 2 495.014 225.136 264.007 163.176
2 0.0160814 0.53117 2.37632 2 488.625 167.752 260.6 121.584
3 0.0643921 0.636622 2.36857 2 502.739 144.566 268.128 104.779
4 -0.0415757 0.405097 2.33858 2 471.713 193.423 251.58 140.191
5 0.000109867 0.163231 2.32606 2 483.989 245.73 258.128 178.102
6 0.0815146 -0.0255088 2.41763 2 507.115 286.544 270.461 207.683
7 0.100436 -0.097892 2.47096 2 511.88 301.238 273.003 218.333
8 0.0754588 0.453923 2.4789 1 504.929 188.378 269.295 136.534
9 0.138427 0.302739 2.66798 1 519.643 223.781 277.143 162.193
10 0.179698 0.0650756 2.75973 1 528.696 269.289 281.971 195.177
11 0.177848 -0.0269783 2.7882 1 527.781 286.103 281.483 207.363
12 0.0376309 -0.00881748 2.53951 2 494.133 282.965 263.538 205.089
13 0.0374884 -0.416999 2.73131 2 493.404 358.538 263.149 259.863
14 0.0283056 -0.782262 2.88989 2 490.724 418.83 261.719 303.562
15 0.114295 -0.828426 2.85206 2 511.665 428.996 272.888 310.931
16 0.0888975 0.0411164 2.62052 2 507.257 273.281 270.537 198.07
17 0.101306 -0.329538 2.67998 2 509.959 343.451 271.978 248.928
18 0.0630932 -0.692957 2.82899 2 499.352 405.637 266.321 294
19 0.114819 -0.777713 2.87254 2 511.576 418.87 272.84 303.591
20 0.0221545 0.468838 2.4098 2 490.292 182.551 261.489 132.31
21 0.16416 -0.156775 2.49272 2 529.221 313.02 282.251 226.873
22 0.0457383 -0.101537 2.48746 2 496.587 301.843 264.846 218.772
23 0.176536 -0.0557369 2.78644 1 527.486 291.324 281.326 211.147
24 0.171106 -0.0300724 2.75707 1 526.595 286.725 280.85 207.814
0
0
0.48823 -0.138185 0.847811 -0.154116
0.443618 -0.130009 0.871984 -0.161073
0.394806 -0.139427 0.88487 -0.204192
0 0 0 0
-0.156089 0.772251 -0.445199 0.425515
-0.0670153 0.842876 0.0584272 0.530713
-0.259337 -0.395187 0.115587 0.873619
-0.234469 -0.422007 0.226078 0.846063
0.351617 0.721362 0.540494 0.252722
0.245705 0.705336 0.370729 0.551987
0.196283 0.946902 0.032074 -0.252628
0.142203 0.957318 -0.0467545 -0.247255
-0.330622 0.646037 -0.491636 0.481268
0.210882 0.944856 -0.0547369 -0.244499
0.192652 0.942894 -0.0660786 -0.263572
0 0 0 0
0.278966 0.384769 0.879261 -0.0320972
0.00502813 0.263701 0.0809664 0.961187
0.0497352 0.00169716 0.19256 0.980023
0 0 0 0
0.396625 -0.129782 0.889869 -0.184335
0 0 0 0
0 0 0 0
0 0 0 0
0 0 0 0
