13349965
0 -0.0253462 -0.0809497 2.44279 2 476.83 297.959 254.309 215.957
1 -0.0516646 0.177255 2.31262 2 468.604 242.452 249.922 175.726
2 -0.0686352 0.438913 2.17766 2 462.23 178.972 246.523 129.716
3 -0.0550732 0.550912 2.15311 2 466.293 151.188 248.689 109.579
4 -0.0926992 0.285015 2.1409 2 454.164 213.807 242.221 154.964
5 -0.0138437 0.0867941 2.15577 2 479.546 260.861 255.758 189.069
6 0.0497685 -0.11334 2.29761 2 498.837 306.147 266.046 221.891
7 0.0630797 -0.184596 2.3548 2 502.366 320.853 267.929 232.55
8 0.054681 0.26432 2.20231 1 501.033 220.469 267.218 159.793
9 -0.0316969 0.0894423 2.13964 2 473.781 260.081 252.683 188.503
10 -0.0060361 -0.102729 2.30113 1 482.155 303.776 257.149 220.172
11 -0.00286865 -0.171163 2.34164 1 483.115 318.17 257.661 230.605
12 -0.0766524 -0.0784186 2.38529 2 461.882 297.828 246.337 215.862
13 -0.0660561 -0.493362 2.56469 2 466.207 378.759 248.644 274.52
14 -0.078651 -0.86658 2.73629 2 464.067 442.472 247.502 320.697
15 0.0159992 -0.887506 2.73428 2 488.006 446.521 260.27 323.632
16 0.0275649 -0.0792476 2.43459 2 491.733 297.662 262.258 215.742
17 0.0203648 -0.383732 2.5611 1 489.429 357.091 261.029 258.815
18 -0.0849849 -0.714525 2.75216 2 462.629 413.162 246.735 299.454
19 -0.0265147 -0.73612 2.83185 2 477.49 413.318 254.661 299.567
20 -0.0622222 0.375594 2.21515 2 464.612 195.287 247.793 141.541
21 0.104003 -0.244388 2.38489 2 513.942 333.059 274.103 241.397
22 0.0269626 -0.181444 2.35285 2 491.831 320.206 262.31 232.081
23 0.0232581 -0.238972 2.37636 2 490.685 332.082 261.699 240.688
24 0.0454935 -0.145205 2.29764 2 497.561 313.162 265.366 226.975
1
1
0.181577 -0.0888952 0.954813 -0.217853
0.170661 -0.0864015 0.956824 -0.218854
0.155359 -0.0869161 0.951043 -0.252639
0 0 0 0
-0.281994 0.903063 -0.215081 0.242273
-0.117796 0.647532 0.150538 0.737676
-0.278508 -0.543238 0.166003 0.774447
-0.256721 -0.557863 0.219636 0.758052
-0.0471294 0.918452 0.392605 0.00924828
0.270198 -0.525389 -0.0136211 0.806706
0.19691 0.649608 0.283597 0.677355
0.165362 0.659258 0.206713 0.703779
0.196775 -0.587388 0.691154 -0.372238
0.174852 0.812898 -0.103009 -0.545906
0.212639 0.975447 -0.026765 -0.0507175
0 0 0 0
0.114732 0.661745 0.70903 -0.214957
0.11753 0.542772 0.156737 0.816712
0.0365483 -0.352072 0.285091 0.890748
0 0 0 0
0.160322 -0.0614111 0.960481 -0.219091
0 0 0 0
0 0 0 0
0 0 0 0
0 0 0 0
