13375773
0 1.21368 0.167137 3.25875 2 742.086 255.053 395.779 184.859
1 1.20309 0.418333 3.12013 2 751.364 212.79 400.727 154.228
2 1.1879 0.662815 2.97282 2 761.174 167.39 405.959 121.322
3 1.15026 0.777194 2.91034 2 758.131 144.895 404.336 105.018
4 1.08481 0.626122 3.11759 2 725.247 178.732 386.798 129.543
5 1.06316 0.403635 3.26404 2 709.551 218.187 378.427 158.139
6 1.06751 0.194837 3.32261 2 706.339 251.344 376.714 182.171
7 1.06536 0.142239 3.32898 2 705.442 259.451 376.236 188.046
8 1.29221 0.550171 2.93266 2 789.615 185.449 421.128 134.411
9 1.34396 0.315577 3.00071 2 794.677 227.523 423.828 164.905
10 1.30686 0.117002 3.07911 2 778.363 261.815 415.127 189.76
11 1.28989 0.0570391 3.10812 2 771.793 271.845 411.623 197.029
12 1.15587 0.172383 3.26397 2 729.292 254.287 388.956 184.304
13 1.18987 -0.0434204 3.41577 2 725.224 287.689 386.786 208.513
14 1.25428 -0.342791 3.57414 2 727.11 330.11 387.792 239.259
15 1.20657 -0.412236 3.56388 2 718.499 340.177 383.199 246.556
16 1.24778 0.156526 3.19021 2 755.141 256.178 402.742 185.675
17 1.32038 -0.107601 3.31713 2 759.965 297.762 405.315 215.814
18 1.36265 -0.374711 3.45748 2 757.279 336.517 403.882 243.903
19 1.29242 -0.441365 3.38852 2 748.445 347.675 399.171 251.99
20 1.19258 0.602499 3.0115 2 758.685 179.079 404.632 129.794
21 1.06778 0.0855872 3.35425 2 704.249 268.218 375.6 194.4
22 1.03079 0.139067 3.32623 2 698.363 259.925 372.461 188.39
23 1.29071 -0.0121543 3.13801 2 769.219 283.187 410.25 205.25
24 1.29773 0.0399433 3.07564 2 776.624 274.582 414.199 199.013
1
1
-0.317193 0.0636834 0.9148 -0.241813
-0.339405 0.0695606 0.906794 -0.240188
-0.361061 0.0742045 0.888621 -0.272913
0 0 0 0
0.427032 0.639673 -0.628342 -0.116822
0.20869 0.779885 -0.200454 -0.555019
-0.0726136 -0.46285 0.115781 0.875838
-0.0103331 -0.468238 0.062677 0.881316
-0.0643519 0.706829 0.552665 -0.436822
0.151434 0.975582 0.0853931 -0.13422
0.203671 0.918089 -0.0179065 0.339573
0.249037 0.905466 -0.0425338 0.341032
-0.216788 -0.659988 0.7057 -0.13931
-0.188542 -0.405637 0.24259 0.860849
-0.160507 -0.276126 0.200135 0.926249
0 0 0 0
-0.263798 0.578813 0.601463 -0.483352
0.14749 0.883859 0.202002 0.395266
0.185935 0.879682 0.16457 0.405592
0 0 0 0
-0.36158 0.0750428 0.894093 -0.253428
0 0 0 0
0 0 0 0
0 0 0 0
0 0 0 0
