13281747
0 1.13425 0.156628 3.22706 2 727.436 256.47 387.966 185.886
1 1.1044 0.404864 3.08676 2 731.958 214.311 390.378 155.329
2 1.07211 0.648874 2.93385 2 737.44 168.32 393.301 121.996
3 1.0102 0.759777 2.90206 2 725.437 147.567 386.9 106.955
4 1.01229 0.601863 3.10213 2 710.142 182.254 378.742 132.095
5 1.02828 0.447303 3.24891 1 703.146 211.05 375.011 152.966
6 1.04431 0.145364 3.25976 1 705.682 258.5 376.363 187.357
7 1.07506 0.0832408 3.27338 1 711.3 268.258 379.36 194.429
8 1.13652 0.533691 2.86639 2 759.017 186.166 404.809 134.931
9 1.02827 0.331718 2.84676 2 734.322 221.778 391.639 160.742
10 0.822021 0.192469 2.84534 2 683.734 246.791 364.658 178.87
11 0.737724 0.171527 2.83078 2 663.992 250.408 354.129 181.492
12 1.09387 0.17265 3.24558 2 717.34 254.105 382.581 184.172
13 1.14811 -0.061486 3.38838 2 718.577 290.457 383.241 210.519
14 1.22089 -0.370969 3.50232 2 725.494 335.216 386.93 242.96
15 1.22859 -0.421098 3.53574 2 724.738 341.939 386.527 247.832
16 1.15182 0.138338 3.14232 2 737.966 258.762 393.582 187.547
17 1.24018 -0.109721 3.25921 2 747.72 298.382 398.784 216.263
18 1.38368 -0.406464 3.43486 2 763.367 341.608 407.129 247.593
19 1.36455 -0.486323 3.42337 2 760.439 353.719 405.567 256.371
20 1.08025 0.588805 2.97354 2 735.916 180.153 392.488 130.573
21 1.08617 0.0429323 3.29004 2 712.493 274.564 379.996 199
22 1.08278 0.096953 3.22136 2 716.686 265.877 382.232 192.704
23 0.684956 0.15078 2.83261 2 650.893 254.17 347.143 184.219
24 0.727079 0.139567 2.82971 2 661.426 256.143 352.76 185.649
1
3
-0.497932 0.0843979 0.827638 -0.244857
-0.497575 0.0842922 0.827853 -0.244894
-0.491541 0.0968479 0.820308 -0.275867
0 0 0 0
0.488513 0.631196 -0.553233 -0.238495
-0.285986 -0.644858 0.238066 0.667604
0.0109658 0.969696 0.0300607 0.242209
0.0412221 0.939618 0.242043 0.238401
-0.202349 0.641082 0.501836 -0.544269
-0.0594 0.967102 -0.239558 -0.061622
0.408164 0.430474 -0.23158 0.771016
0.488941 0.367185 -0.376888 0.695749
-0.370944 -0.574325 0.729389 -0.0232965
-0.159797 -0.220481 0.236033 0.932814
-0.145599 -0.217457 0.143568 0.954412
0 0 0 0
-0.353942 0.557887 0.520902 -0.540508
0.17282 0.943708 0.199082 0.199786
0.153833 0.877799 0.281229 0.35597
0 0 0 0
-0.494566 0.0899594 0.823757 -0.262177
0 0 0 0
0 0 0 0
0 0 0 0
0 0 0 0
