13318546
0 1.32596 0.187234 3.30517 2 762.16 252.304 406.485 182.866
1 1.30591 0.440417 3.16817 2 769.9 210.25 410.613 152.386
2 1.28713 0.684512 3.01377 2 780.205 165.278 416.11 119.791
3 1.25222 0.786312 2.93969 2 779.349 144.72 415.653 104.891
4 1.17514 0.647812 3.14649 2 743.022 176.122 396.279 127.651
5 1.16139 0.446969 3.28196 2 729.235 211.749 388.925 153.472
6 1.17017 0.161395 3.35369 2 725.644 256.682 387.01 186.039
7 1.18724 0.121696 3.36982 1 728.009 262.803 388.271 190.476
8 1.40492 0.576917 2.99605 2 809.11 182.959 431.525 132.606
9 1.48757 0.375083 3.09125 2 817.701 219.287 436.107 158.937
10 1.45176 0.186318 2.97353 2 822.583 249.231 438.711 180.639
11 1.41634 0.133015 2.89679 2 823.08 257.775 438.976 186.832
12 1.26085 0.191077 3.3061 2 748.331 251.729 399.11 182.45
13 1.31733 -0.0442203 3.42584 2 750.516 287.795 400.275 208.59
14 1.37343 -0.303924 3.53223 2 753.567 325.113 401.902 235.637
15 1.32867 -0.395235 3.55535 2 743.044 337.922 396.29 244.921
16 1.3662 0.18032 3.24074 2 776.378 252.81 414.068 183.233
17 1.37837 -0.0791217 3.34633 2 769.631 293.277 410.47 212.564
18 1.41578 -0.390058 3.45988 2 767.795 338.754 409.491 245.524
19 1.35161 -0.437269 3.47134 2 753.984 345.494 402.125 250.409
20 1.29143 0.624556 3.05446 2 777.269 176.83 414.543 128.164
21 1.22273 0.098791 3.37471 2 735 266.285 392 193
22 1.20901 0.126396 3.332 2 735.372 261.869 392.199 189.799
23 1.39803 0.0889186 2.88384 2 820.221 265.473 437.451 192.411
24 1.37613 0.159874 2.8684 2 816.746 252.761 435.598 183.198
1
0
-0.261586 0.0316306 0.932876 -0.245588
-0.282875 0.0372447 0.926643 -0.2448
-0.296968 0.0616803 0.908178 -0.288475
0 0 0 0
0.413162 0.647119 -0.63778 -0.0614173
0.213102 0.75695 -0.201818 -0.583852
0.0922385 0.815206 0.0823057 0.565824
0.0362436 0.785463 0.261417 0.559817
0.0136783 0.721181 0.570066 -0.393364
0.0820372 0.817722 0.263064 0.505369
-0.278637 0.839119 0.0591762 -0.463399
-0.480883 0.757401 0.0450071 -0.439397
-0.184204 -0.666029 0.703935 -0.164162
-0.203594 -0.456962 0.150952 0.852613
-0.116208 -0.083173 0.181092 0.973028
0 0 0 0
-0.220969 0.574825 0.637064 -0.463571
0.156199 0.854208 0.113678 0.482709
0.171598 0.982787 0.0621403 0.0286843
0 0 0 0
-0.300687 0.0522858 0.913269 -0.269802
0 0 0 0
0 0 0 0
0 0 0 0
0 0 0 0
