13348321
0 0.065455 0.0129033 2.6288 2 501.058 278.73 267.231 202.02
1 0.0646223 0.295328 2.52805 2 501.536 222.092 267.486 160.97
2 0.062895 0.570292 2.41583 2 501.924 161.332 267.693 116.931
3 0.0822314 0.674391 2.41145 2 507.526 138.977 270.68 100.728
4 -0.0383676 0.482865 2.44591 2 473.145 181.088 252.344 131.25
5 0.0875621 0.256704 2.37695 2 509.288 226.564 271.62 164.211
6 0.18578 0.0381488 2.46968 2 535.648 273.4 285.679 198.157
7 0.200172 -0.0316623 2.52018 2 538.54 287.564 287.221 208.422
8 0.147944 0.356305 2.36446 1 527.035 204.866 281.086 148.484
9 0.173266 0.162331 2.34059 1 534.847 246.126 285.252 178.389
10 0.195817 -0.00946293 2.52174 1 537.317 283.108 286.569 205.193
11 0.216355 -0.0842324 2.57762 2 541.647 297.738 288.879 215.797
12 0.0273351 0.024174 2.55422 2 491.306 276.428 262.03 200.351
13 0.0392178 -0.422871 2.66486 2 494.088 361.595 263.513 262.079
14 -0.0453378 -0.859885 2.76817 2 472.626 439.348 252.067 318.434
15 0.0480687 -0.882072 2.74458 2 496.077 444.878 264.575 322.442
16 0.101128 0.00180415 2.6353 2 510.315 280.865 272.168 203.567
17 0.000760987 -0.523001 2.95154 1 484.134 371.02 258.205 268.91
18 -0.0651923 -0.913837 2.96247 1 468.733 438.239 249.991 317.63
19 0.022887 -0.900562 2.83658 2 489.54 442.869 261.088 320.985
20 0.0634508 0.502687 2.44598 2 501.841 176.951 267.648 128.252
21 0.237395 -0.0939535 2.55763 2 547.764 299.793 292.141 217.286
22 0.182891 -0.036929 2.52032 2 533.82 288.62 284.704 209.187
23 0.220724 -0.129372 2.61616 2 541.953 306.225 289.042 221.947
24 0.242965 -0.0839776 2.52612 2 550.078 298.028 293.375 216.006
1
1
0.342579 -0.0606004 0.923886 -0.159377
0.0886236 -0.0167387 0.981363 -0.169686
-0.17441 0.0333503 0.962402 -0.205552
0 0 0 0
0.0757555 0.766154 -0.631437 0.0924985
-0.270328 0.655892 0.0692837 0.701376
-0.261314 -0.426833 0.0799556 0.862053
-0.224584 -0.463071 0.223545 0.827741
-0.149653 0.901477 0.295916 -0.278166
-0.0029958 -0.701317 -0.0885855 0.707317
0.335924 0.831778 0.210919 0.388348
0.238809 0.86606 0.227635 0.375624
0.321276 -0.52109 0.680779 -0.402227
0.11525 0.900781 -0.0390204 -0.41688
0.100881 0.980293 -0.107882 -0.131188
0 0 0 0
0.156584 0.800968 0.573703 -0.0692578
0.149727 0.24792 0.234425 0.927989
0.0801835 0.46815 -0.0269956 0.879589
0 0 0 0
-0.175163 0.030769 0.966555 -0.184779
0 0 0 0
0 0 0 0
0 0 0 0
0 0 0 0
