13274836
0 1.43415 0.197609 3.37915 2 778.359 251.361 415.125 182.183
1 1.40768 0.451674 3.23441 2 785.896 209.921 419.144 152.148
2 1.3749 0.698681 3.08326 2 793.202 165.573 423.041 120.005
3 1.36488 0.774226 3.01849 2 797.398 150.377 425.279 108.991
4 1.24415 0.671742 3.19788 2 753.858 173.979 402.057 126.097
5 1.22414 0.425276 3.34502 2 737.658 216.355 393.417 156.811
6 1.2454 0.209823 3.39542 2 738.147 249.698 393.678 180.977
7 1.2528 0.164005 3.40256 1 739.117 256.631 394.196 186.003
8 1.50592 0.58853 3.09031 2 821.719 184.078 438.25 133.417
9 1.596 0.387338 3.16622 2 833.385 218.808 444.472 158.589
10 1.65917 0.16336 3.0127 2 865.258 253.585 461.471 183.795
11 1.62448 0.0818614 2.94781 2 865.53 267.062 461.616 193.563
12 1.36287 0.198027 3.36994 2 764.425 251.223 407.693 182.083
13 1.37075 -0.0182743 3.50234 2 755.302 283.873 402.828 205.747
14 1.43101 -0.297213 3.65042 2 755.783 322.755 403.084 233.928
15 1.36976 -0.342352 3.69636 2 740.824 328.453 395.106 238.058
16 1.47946 0.19338 3.32618 2 792.533 251.531 422.684 182.306
17 1.4779 -0.0533217 3.40252 2 785.272 289.21 418.812 209.616
18 1.49262 -0.348006 3.54419 2 776.103 331.333 413.921 240.145
19 1.44103 -0.425911 3.45897 2 772.959 344.065 412.245 249.374
20 1.38407 0.638146 3.12261 2 791.399 176.903 422.079 128.217
21 1.28601 0.0865817 3.43493 2 743.436 268.356 396.499 194.501
22 1.20211 0.168635 3.39531 2 729.232 255.892 388.924 185.467
23 1.61458 0.0350476 2.91322 2 867.662 275.082 462.753 199.376
24 1.60791 0.0661093 3.03429 2 851.172 270.101 453.958 195.765
1
0
-0.169882 -0.00104879 0.950692 -0.259468
-0.203301 0.00810147 0.94411 -0.259344
-0.238567 0.00665719 0.926809 -0.289944
0 0 0 0
-0.373717 -0.629707 0.681012 -0.00525022
0.210633 0.831027 -0.165398 -0.487515
-0.0965337 -0.469659 0.0778453 0.874095
-0.105919 -0.466408 0.0303433 0.877681
0.09015 0.754713 0.555656 -0.336938
-0.0116728 0.709591 0.261493 0.654191
-0.0757261 -0.138568 -0.304256 0.939411
0.189313 -0.0601816 -0.304996 0.931406
-0.131693 -0.670274 0.696829 -0.218678
-0.170079 -0.55707 0.211738 0.784802
-0.0588214 0.149934 0.250471 0.954633
0 0 0 0
-0.149593 0.582702 0.668841 -0.436729
0.123824 0.807452 0.0837821 0.570675
0.176325 0.827607 0.136889 0.515013
0 0 0 0
-0.238417 0.0114339 0.932456 -0.271207
0 0 0 0
0 0 0 0
0 0 0 0
0 0 0 0
