13316368
0 1.31391 0.186858 3.30722 2 759.445 252.381 405.037 182.922
1 1.28712 0.43372 3.15519 2 766.935 211.044 409.032 152.961
2 1.25797 0.676996 2.99537 2 775.292 165.839 413.489 120.198
3 1.20768 0.789724 2.94881 2 768.024 144.522 409.613 104.747
4 1.17766 0.641827 3.16359 2 742.166 177.658 395.822 128.764
5 1.17604 0.408606 3.328 2 728.865 218.596 388.728 158.435
6 1.16942 0.194034 3.36741 2 724.505 251.841 386.403 182.531
7 1.17674 0.153351 3.38817 1 724.515 258.142 386.408 187.098
8 1.34887 0.569306 2.94516 2 801.593 182.562 427.516 132.318
9 1.42453 0.358199 3.00261 2 813.027 220.323 433.614 159.687
10 1.21215 0.185333 2.96515 2 767.481 249.312 409.323 180.698
11 1.19127 0.161233 2.95792 2 763.25 253.395 407.067 183.657
12 1.26574 0.193197 3.31285 2 748.822 251.462 399.372 182.256
13 1.30348 -0.0462643 3.4356 2 746.934 288.079 398.365 208.796
14 1.37233 -0.299489 3.54251 2 752.561 324.345 401.366 235.081
15 1.33043 -0.393668 3.56187 2 742.909 337.594 396.218 244.683
16 1.33837 0.177011 3.23969 2 770.488 253.325 410.927 183.606
17 1.36937 -0.0819939 3.32225 2 769.825 293.806 410.573 212.947
18 1.41836 -0.386534 3.45346 2 768.844 338.341 410.05 245.225
19 1.35332 -0.430365 3.46761 2 754.619 344.547 402.463 249.723
20 1.26609 0.616619 3.03644 2 773.227 177.542 412.388 128.68
21 1.18748 0.115103 3.39247 2 726.413 263.917 387.42 191.284
22 1.19773 0.127973 3.34315 2 732.169 261.696 390.49 189.673
23 1.17554 0.134307 2.96227 2 759.126 258.077 404.867 187.05
24 1.16052 0.198565 2.97282 2 754.629 247.132 402.469 179.118
1
0
-0.365099 0.0588771 0.889178 -0.269442
-0.395863 0.0682308 0.875915 -0.267227
-0.425577 0.0787641 0.854273 -0.28792
0 0 0 0
0.486091 0.624162 -0.586547 -0.173495
-0.205222 -0.654159 0.221856 0.693354
0.0891648 0.91229 0.0224032 0.399093
0.182035 0.894152 0.164666 0.374486
-0.111474 0.66299 0.555302 -0.489548
0.103456 0.968964 0.182581 0.130651
0.406433 -0.452003 0.148628 0.78001
0.353602 -0.491831 0.0800197 0.791622
-0.249471 -0.643484 0.708919 -0.145348
-0.154388 -0.366946 0.188503 0.897765
-0.14695 -0.115271 0.177704 0.966198
0 0 0 0
-0.288041 0.54117 0.59086 -0.524454
0.119074 0.910655 0.111833 0.379504
0.199175 0.97675 0.0778697 0.0150219
0 0 0 0
-0.425695 0.0808742 0.858023 -0.275753
0 0 0 0
0 0 0 0
0 0 0 0
0 0 0 0
