6067601
0 -0.320861 -0.231664 2.3732 2 390.862 330.671 208.46 239.666
1 -0.291051 0.0160986 2.27586 2 395.989 277.63 211.194 201.223
2 -0.260155 0.259385 2.16879 2 401.355 220.608 214.056 159.894
3 -0.227885 0.367424 2.16773 2 411.499 195.245 219.466 141.511
4 -0.289014 0.130099 2.12144 2 390.196 250.153 208.104 181.308
5 -0.239443 -0.100429 2.13077 2 406.671 305.064 216.891 221.106
6 -0.163743 -0.286037 2.20325 2 432.808 346.959 230.831 251.471
7 -0.157243 -0.348699 2.28046 2 436.477 358.688 232.788 259.972
8 -0.117452 0.190019 2.27702 1 448.499 238.998 239.199 173.223
9 -0.36019 0.037266 2.32956 2 377.527 273.108 201.348 197.945
10 -0.430964 -0.164726 2.5181 1 366.054 314.372 195.229 227.853
11 -0.428964 -0.20928 2.56123 1 368.566 322.636 196.569 233.842
12 -0.358989 -0.232982 2.30401 2 376.611 332.475 200.859 240.973
13 -0.201628 -0.536289 2.43053 1 426.71 393.254 227.579 285.025
14 -0.224052 -0.929678 2.57479 2 423.653 465.338 225.948 337.27
15 -0.145784 -0.965018 2.61188 2 445.274 469.633 237.479 340.383
16 -0.274964 -0.223348 2.38511 2 404.617 328.633 215.796 238.189
17 -0.260217 -0.640446 2.4906 2 411.754 411.974 219.602 298.593
18 -0.212079 -0.975807 2.59473 2 427.297 473.046 227.892 342.857
19 -0.171961 -0.965896 2.64794 2 438.953 467.223 234.108 338.637
20 -0.268084 0.199299 2.19746 2 399.989 235.277 213.327 170.525
21 -0.122801 -0.412867 2.30572 2 447.262 371.992 238.54 269.615
22 -0.212593 -0.345457 2.27582 2 419.614 358.148 223.794 259.581
23 -0.431029 -0.214249 2.55704 1 367.814 323.692 196.167 234.607
24 -0.426336 -0.207162 2.53859 1 368.249 322.583 196.4 233.804
0
1
0.36546 -0.0163535 0.910452 -0.192998
0.382451 -0.019966 0.903447 -0.192658
0.396936 -0.0340839 0.889108 -0.225317
0 0 0 0
-0.277152 0.769089 -0.305607 0.488153
-0.0371789 0.853074 0.100868 0.510596
-0.252709 -0.58976 0.0273627 0.766533
-0.307952 -0.589917 0.301232 0.682952
0.284175 0.724784 0.626136 0.0434367
0.404391 -0.324302 0.272989 0.810416
0.38194 0.87025 -0.00604741 0.311047
0.353452 0.886123 0.126574 0.27173
0.262778 -0.553073 0.650083 -0.449945
0.242776 0.909278 0.15764 -0.299035
0.176734 0.97439 -0.00220762 0.139016
0 0 0 0
0.242567 0.641642 0.72631 -0.0439242
0.0337405 0.398151 0.120033 0.908807
-0.12799 -0.439612 0.10263 0.883078
0 0 0 0
0.399573 -0.0281954 0.892748 -0.20627
0 0 0 0
0 0 0 0
0 0 0 0
0 0 0 0
