6111661
0 0.711661 -0.305912 3.67011 2 617.657 323.502 329.417 234.47
1 0.676552 -0.103513 3.63512 2 612.192 295.648 326.502 214.282
2 0.643002 0.0971702 3.58985 2 607.342 267.49 323.916 193.873
3 0.590516 0.205627 3.55698 2 598.299 251.912 319.093 182.583
4 0.513235 0.0430059 3.67896 2 579.945 275.292 309.304 199.528
5 0.506787 -0.124823 3.83899 2 574.778 297.671 306.548 215.748
6 0.565595 -0.0827096 3.66062 1 590.313 292.655 314.833 212.113
7 0.575807 -0.0724398 3.61384 1 593.648 291.365 316.612 211.178
8 0.765143 0.0840046 3.54011 2 633.015 269.169 337.608 195.09
9 0.845349 -0.144011 3.59421 2 646.277 301.559 344.681 218.566
10 0.732619 -0.0598264 3.37793 2 633.533 290.199 337.884 210.332
11 0.684275 -0.0797521 3.31278 2 626.364 293.424 334.061 212.67
12 0.66469 -0.309231 3.66604 2 608.927 323.993 324.761 234.825
13 0.420509 -0.276525 3.35815 2 570.138 322.913 304.074 234.043
14 0.29523 -0.621571 3.22646 2 547.053 378.962 291.762 274.667
15 0.251831 -0.693799 3.14043 2 539.293 393.392 287.623 285.125
16 0.749201 -0.297259 3.62173 2 626.645 322.87 334.211 234.012
17 0.893986 -0.275401 3.27018 2 672.93 324.048 358.896 234.866
18 1.08357 -0.486178 3.28186 2 712.714 356.738 380.114 258.559
19 1.03448 -0.559671 3.19679 1 708.195 370.482 377.704 268.52
20 0.651637 0.0474034 3.60284 2 608.549 274.541 324.56 198.984
21 0.63329 -0.0937757 3.558 2 606.562 294.57 323.5 213.5
22 0.526243 -0.0214805 3.61389 2 584.165 284.221 311.554 205.999
23 0.675791 -0.0796673 3.29443 1 625.376 293.478 333.534 212.709
24 0.667485 -0.0914214 3.27919 1 624.282 295.353 332.95 214.068
1
0
-0.227525 -0.0632142 0.966376 -0.101758
-0.229592 -0.0629964 0.965887 -0.101893
-0.2271 -0.0525625 0.962051 -0.141851
0 0 0 0
0.260177 0.711685 -0.646834 -0.0861315
0.312949 0.80078 -0.200856 -0.469543
0.715698 -0.622321 -0.311728 0.0576063
0.723586 -0.620537 -0.285095 0.10039
-0.0964629 0.559627 0.791522 -0.225845
-0.00218415 0.806359 0.199282 0.556837
-0.197966 -0.135095 0.789903 -0.564458
0.219866 0.212991 -0.576538 0.75756
0.0228724 0.726251 -0.681445 0.0875725
0.669652 -0.3084 -0.305022 0.602841
0.231031 -0.495206 -0.0651919 0.834952
0 0 0 0
-0.246219 0.549003 0.71368 -0.358654
0.706155 -0.554166 0.173327 -0.405219
-0.119509 0.859345 0.338062 0.364634
0 0 0 0
-0.229239 -0.0541219 0.964437 -0.119924
0 0 0 0
0 0 0 0
0 0 0 0
0 0 0 0
