6049549
0 -0.1818 -0.157279 2.5375 2 434.71 312.561 231.845 226.54
1 -0.104514 0.091169 2.44574 2 454.6 262.367 242.453 190.16
2 -0.0295564 0.335715 2.34823 2 475.295 208.82 253.491 151.35
3 0.034489 0.429677 2.35954 2 494.026 188.9 263.48 136.912
4 -0.0901699 0.200524 2.2825 2 456.801 236.773 243.627 171.61
5 -0.055456 -0.031829 2.27958 2 467.248 288.267 249.199 208.932
6 -0.0165525 -0.236069 2.37883 2 479.173 331.41 255.559 240.201
7 -0.0132383 -0.293228 2.43548 1 480.218 342.141 256.116 247.979
8 0.0650825 0.254635 2.43889 1 502.304 228.388 267.896 165.533
9 -0.163667 0.0847201 2.50279 1 439.022 264.095 234.145 191.413
10 -0.226927 -0.142799 2.52866 1 422.257 309.781 225.204 224.525
11 -0.207416 -0.182634 2.49836 1 426.873 318.197 227.665 230.625
12 -0.221254 -0.156336 2.47322 2 422.446 313.193 225.305 226.998
13 -0.0701537 -0.54041 2.59428 2 465.312 386.898 248.166 280.418
14 -0.118804 -0.87937 2.72003 2 453.725 445.872 241.987 323.162
15 -0.0673756 -0.915048 2.75071 2 466.999 450.679 249.066 326.646
16 -0.137339 -0.153964 2.54089 2 446.812 311.853 238.3 226.027
17 -0.0781249 -0.586609 2.61294 2 463.33 395.175 247.109 286.418
18 -0.115686 -0.894829 2.72598 2 454.578 448.425 242.442 325.012
19 -0.0818087 -0.928653 2.76895 2 463.5 452.081 247.2 327.662
20 -0.0482293 0.27538 2.37443 2 469.988 222.522 250.66 161.281
21 0.0271516 -0.358787 2.46946 2 491.523 354.783 262.146 257.142
22 0.0076469 -0.239932 2.40721 2 486.14 331.63 259.275 240.361
23 -0.205601 -0.230386 2.54671 2 428.433 326.993 228.498 237
24 -0.227853 -0.180333 2.5244 2 421.889 317.358 225.007 230.017
0
1
0.329747 0.0775043 0.917344 -0.209141
0.35981 0.0705675 0.905975 -0.211582
0.38732 0.0502014 0.889481 -0.237248
0 0 0 0
-0.232672 0.73754 -0.384998 0.503661
-0.054773 0.733539 0.050266 0.675569
0.0967256 0.691069 0.217688 0.682407
0.241433 0.626589 0.294788 0.67985
0.29635 0.759935 0.577581 0.0328148
0.451168 0.0968339 0.0743466 0.884049
0.132434 -0.0367744 0.0600057 0.98869
-0.129855 -0.187686 -0.335202 0.914085
0.205653 -0.524972 0.681146 -0.467067
0.199321 0.909515 0.117444 -0.345342
0.183753 0.970795 -0.0405175 0.148829
0 0 0 0
0.16175 0.673094 0.714778 -0.0993667
-0.0257842 0.425404 0.102776 0.898779
-0.00125407 -0.316372 0.183338 0.93075
0 0 0 0
0.391245 0.0572246 0.891828 -0.219762
0 0 0 0
0 0 0 0
0 0 0 0
0 0 0 0
