6064995
0 0.641341 -0.278826 3.71333 2 602.957 319.281 321.577 231.41
1 0.654079 -0.0731427 3.66711 2 606.817 291.321 323.636 211.145
2 0.668964 0.130312 3.61138 2 611.589 262.916 326.181 190.558
3 0.626009 0.236178 3.5723 2 604.694 247.692 322.504 179.524
4 0.493273 0.079408 3.69322 2 575.844 270.326 307.117 195.928
5 0.476216 -0.0729741 3.87815 2 568.414 290.734 303.154 210.72
6 0.440603 -0.259409 3.94851 2 560.715 314.466 299.048 227.92
7 0.434818 -0.258856 3.94595 1 559.754 314.415 298.536 227.884
8 0.773278 0.0960171 3.58231 2 632.826 267.609 337.507 193.959
9 0.695804 -0.00727843 3.35511 2 626.934 282.311 334.365 204.615
10 0.539462 -0.0783801 3.164 2 601.375 293.764 320.734 212.916
11 0.475503 -0.0957671 3.11239 2 589.121 296.796 314.198 215.114
12 0.594456 -0.277204 3.70505 2 594.466 319.131 317.049 231.302
13 0.381096 -0.300534 3.36747 2 561.832 326.402 299.644 236.571
14 0.24873 -0.62276 3.19493 2 537.634 380.105 286.738 275.495
15 0.216206 -0.695108 3.10613 2 531.988 394.842 283.727 286.176
16 0.679582 -0.276381 3.66929 2 611.613 319.414 326.194 231.507
17 0.862434 -0.325695 3.29778 2 664.696 331.436 354.504 240.221
18 1.021 -0.552456 3.22941 2 702.991 368.422 374.928 267.027
19 0.982789 -0.625568 3.14157 2 700.75 382.753 373.733 277.414
20 0.665366 0.0795178 3.6271 2 610.336 270.097 325.513 195.762
21 0.406894 -0.291907 3.93955 2 555 318.715 296 231
22 0.415735 -0.285262 3.922 2 556.871 318.026 296.998 230.501
23 0.413928 -0.122068 3.08587 2 576.25 301.239 307.333 218.334
24 0.461927 -0.13246 3.10121 2 586.484 302.845 312.791 219.498
0
0
-0.188174 0.0506704 0.975467 -0.102408
-0.178873 0.0496925 0.977215 -0.102886
-0.169243 0.0592181 0.973609 -0.141192
0 0 0 0
0.203539 0.705342 -0.676959 -0.0528222
-0.239683 -0.57331 0.354116 0.698906
0.181955 0.978596 -0.0799659 0.0533564
-0.489401 0.643591 -0.551366 -0.205604
-0.0655416 0.625248 0.752076 -0.197864
-0.523436 0.835123 -0.168451 -0.0144343
0.239065 0.218366 -0.551806 0.768553
0.321386 0.270936 -0.541497 0.72807
-0.0191565 -0.680927 0.718786 -0.13899
0.611234 -0.371139 -0.311822 0.625632
0.279319 -0.55183 -0.0867925 0.780981
0 0 0 0
-0.261758 0.612431 0.672628 -0.322464
0.63208 -0.537538 0.203334 -0.519792
-0.222856 0.88536 0.229212 0.337541
0 0 0 0
-0.168902 0.0571971 0.976681 -0.119563
0 0 0 0
0 0 0 0
0 0 0 0
0 0 0 0
