6104356
0 -0.274861 -0.243945 2.39264 2 404.886 332.851 215.939 241.246
1 -0.249966 0.0147559 2.29942 2 409.213 277.964 218.247 201.464
2 -0.225812 0.26775 2.19473 2 413.126 219.41 220.334 159.026
3 -0.197003 0.373381 2.19702 2 422.167 195.036 225.156 141.359
4 -0.278994 0.150837 2.17425 2 395.653 246.081 211.015 178.356
5 -0.310119 -0.0401773 2.27267 2 390.073 290.161 208.039 210.305
6 -0.129598 -0.255684 2.23202 2 444.017 339.193 236.809 245.843
7 -0.106504 -0.332698 2.26822 2 451.637 355.503 240.873 257.664
8 -0.115057 0.0966242 2.15685 1 447.303 258.561 238.562 187.401
9 -0.126573 -0.153152 2.16737 2 443.816 316.95 236.702 229.721
10 -0.136351 -0.347314 2.25188 1 442.265 359.355 235.875 260.456
11 -0.10488 -0.390602 2.28835 1 452.389 367.722 241.274 266.52
12 -0.332441 -0.245838 2.35671 2 386.802 334.078 206.295 242.135
13 -0.331049 -0.637477 2.58835 2 395.57 406.452 210.971 294.591
14 -0.30752 -0.920414 2.70824 2 405.291 454.465 216.155 329.39
15 -0.317977 -0.989248 2.6109 1 399.51 474.531 213.072 343.934
16 -0.211169 -0.235832 2.36723 2 422.588 331.643 225.38 240.37
17 -0.138674 -0.601985 2.46919 2 445.182 405.071 237.43 293.59
18 -0.0768294 -0.945191 2.61008 2 463.561 465.843 247.233 337.637
19 -0.113022 -1.0164 2.5791 2 453.572 482.281 241.905 349.551
20 -0.231741 0.205376 2.22293 2 412.228 234.434 219.855 169.914
21 -0.0692282 -0.391147 2.28951 2 463.132 367.79 247.004 266.569
22 -0.159169 -0.311552 2.29989 2 436.323 349.819 232.705 253.544
23 -0.107254 -0.425272 2.30346 2 451.873 374.822 240.999 271.666
24 -0.0969564 -0.370466 2.26064 2 454.423 364.249 242.359 264.003
1
1
0.0615883 0.0349836 0.982182 -0.174072
0.0594151 0.0353687 0.982316 -0.173994
0.0547029 0.0323329 0.975136 -0.212301
0 0 0 0
-0.237213 0.880237 -0.361193 0.196093
0.204902 0.932991 -0.134681 -0.263444
-0.304659 -0.258696 -0.16684 0.901346
-0.206902 -0.374923 0.143112 0.892269
-0.160354 0.894732 0.399176 -0.119999
-0.00125786 0.710235 -0.0311492 -0.703274
0.123978 0.498368 0.16328 0.842377
-0.0215444 0.559261 0.406621 0.722096
0.0750883 -0.645531 0.693127 -0.311813
0.19591 0.712163 -0.176806 -0.650525
-0.160856 -0.649225 0.122858 0.733169
0 0 0 0
-0.0289754 0.626057 0.746931 -0.222051
0.0196382 0.663874 0.162694 0.729669
0.138813 0.888235 0.156477 0.409004
0 0 0 0
0.055835 0.034218 0.979339 -0.191328
0 0 0 0
0 0 0 0
0 0 0 0
0 0 0 0
