6086294
0 0.70895 -0.322657 3.67488 2 616.979 325.76 329.056 236.106
1 0.679561 -0.107441 3.63457 2 612.785 296.199 326.819 214.681
2 0.646079 0.104677 3.58716 2 608.03 266.419 324.283 193.097
3 0.601646 0.21369 3.54208 2 600.96 250.631 320.512 181.654
4 0.514027 0.0456863 3.67713 2 580.142 274.92 309.409 199.258
5 0.510027 -0.127065 3.84565 2 575.203 297.938 306.775 215.942
6 0.584994 -0.277334 3.98372 1 585.057 316.48 312.03 229.38
7 0.592319 -0.317895 4.03059 1 585.145 321.173 312.077 232.782
8 0.763677 0.0713776 3.53855 2 632.792 270.974 337.489 196.398
9 0.766131 0.0330862 3.31227 1 643.549 276.139 343.226 200.142
10 0.813522 -0.0477459 3.14506 1 662.6 288.926 353.387 209.41
11 0.762974 -0.0409482 2.8999 2 665.691 288.388 355.035 209.02
12 0.661027 -0.331232 3.67148 2 608.059 326.971 324.298 236.984
13 0.40321 -0.325771 3.34059 2 567.039 330.605 302.421 239.618
14 0.272706 -0.66626 3.20499 2 542.652 386.732 289.414 280.298
15 0.250039 -0.730667 3.09405 2 539.75 401.184 287.867 290.773
16 0.746872 -0.308828 3.62728 2 625.985 324.426 333.859 235.139
17 0.856231 -0.298803 3.26231 2 665.337 327.788 354.847 237.576
18 1.11109 -0.538649 3.342 2 714.346 363.398 380.984 263.386
19 1.06119 -0.611437 3.25764 2 709.73 376.935 378.523 273.197
20 0.654838 0.0519998 3.60067 2 609.241 273.89 324.928 198.512
21 0.588816 -0.330401 4.05233 1 584.006 322.522 311.47 233.759
22 0.590672 -0.316032 4.01366 1 585.289 321.106 312.154 232.733
23 0.739831 -0.0576282 2.85686 2 662.81 291.462 353.499 211.248
24 0.780422 -0.0795171 2.879 2 671.254 295.253 358.002 213.996
0
0
-0.209164 -0.0461167 0.971256 -0.103855
-0.224263 -0.0444939 0.967881 -0.104561
-0.237204 -0.0483101 0.960156 -0.139643
0 0 0 0
0.254781 0.715623 -0.644515 -0.0870056
0.376354 0.925625 -0.0223049 -0.0328398
0.31989 0.912706 0.228193 0.112096
0.394087 0.892359 0.140507 0.169259
-0.0988351 0.602438 0.752753 -0.246297
0.262472 -0.318168 -0.589651 0.694399
-0.236342 0.150029 -0.483003 0.829664
0.146037 -0.277084 0.701603 -0.64004
0.0329395 0.761007 -0.641138 0.0934123
0.648119 -0.326259 -0.294025 0.62213
-0.24971 0.714824 -0.00646708 -0.653168
0 0 0 0
-0.25182 0.525218 0.739848 -0.336685
0.69905 -0.608505 0.156459 -0.341425
-0.0538249 0.828005 0.403723 0.38538
0 0 0 0
-0.238962 -0.0483976 0.962515 -0.118825
0 0 0 0
0 0 0 0
0 0 0 0
0 0 0 0
