6068232
0 0.645936 -0.30833 3.70794 2 604.002 323.377 322.134 234.379
1 0.600467 -0.093232 3.6691 2 596.64 294.085 318.208 213.149
2 0.552764 0.118076 3.6214 2 589.026 264.695 314.147 191.848
3 0.519872 0.225558 3.57421 2 584.085 249.243 311.512 180.648
4 0.443098 0.0543155 3.7057 2 566.191 273.793 301.968 198.442
5 0.445035 -0.129339 3.86427 2 563.16 298.149 300.352 216.094
6 0.429662 -0.277333 4.03974 1 557.114 315.958 297.127 229.002
7 0.424872 -0.326748 4.1011 1 555.223 321.541 296.119 233.048
8 0.707659 0.0941445 3.57458 2 620.408 267.853 330.885 194.136
9 0.788288 -0.0489018 3.43287 2 642.388 288.443 342.607 209.06
10 0.847369 -0.184268 3.22234 2 665.632 310.282 355.003 224.888
11 0.879113 -0.248503 3.15907 2 676.343 321.228 360.716 232.822
12 0.598331 -0.311997 3.70235 2 595.286 323.928 317.486 234.779
13 0.364296 -0.355276 3.35678 2 558.651 334.814 297.947 242.669
14 0.226756 -0.674951 3.18614 2 533.049 388.737 284.293 281.751
15 0.188703 -0.746258 3.09883 2 525.997 403.55 280.532 292.488
16 0.684842 -0.300628 3.66122 2 612.903 322.863 326.882 234.007
17 0.825408 -0.315045 3.28032 2 657.797 330.036 350.825 239.205
18 1.05168 -0.563534 3.20626 1 711.272 370.841 379.345 268.781
19 1.00749 -0.635925 3.11995 2 707.794 385.176 377.49 279.17
20 0.565045 0.0657184 3.63486 2 590.964 272.053 315.181 197.18
21 0.42378 -0.290766 4.18051 1 553.677 316.411 295.294 229.331
22 0.423086 -0.335138 4.0565 1 555.708 323.033 296.377 234.13
23 0.910273 -0.277383 3.08424 2 688.125 326.992 367 236.999
24 0.891118 -0.283875 3.15518 2 679.257 326.992 362.271 236.999
0
2
-0.210653 -0.0817618 0.968171 -0.107631
-0.214032 -0.0813855 0.96743 -0.107916
-0.213619 -0.0829938 0.962595 -0.14453
0 0 0 0
0.268876 0.729898 -0.622422 -0.0868677
0.18298 0.501581 0.296789 0.79174
0.420761 0.906447 -0.0362312 0.00135296
0.431086 0.901679 -0.033768 -0.000244616
-0.0489544 0.604259 0.766741 -0.211147
-0.41199 0.765936 -0.0225386 0.49305
-0.170038 0.0727331 -0.455967 0.870569
-0.199347 0.045367 -0.352504 0.913205
0.0111474 0.727066 -0.679513 0.0975341
0.60093 -0.368059 -0.295485 0.645062
0.274822 -0.467856 -0.109934 0.832766
0 0 0 0
-0.221953 0.554466 0.716645 -0.360173
0.667162 -0.57938 0.192744 -0.426688
-0.228539 0.873671 0.294507 0.312625
0 0 0 0
-0.215788 -0.0823418 0.964896 -0.125024
0 0 0 0
0 0 0 0
0 0 0 0
0 0 0 0
