6072161
0 -0.117404 -0.0807216 2.74986 2 454.628 296.049 242.468 214.572
1 -0.0301971 0.182488 2.71682 2 476.32 247.251 254.037 179.204
2 0.055605 0.43965 2.67422 2 498.273 197.914 265.746 143.445
3 0.131351 0.525923 2.69962 2 517.494 182.4 275.997 132.201
4 0.0145437 0.298101 2.55809 2 487.866 222.242 260.195 161.078
5 0.0323001 0.0458635 2.54039 2 492.689 272.087 262.767 197.205
6 0.088637 -0.134814 2.63543 1 507.063 307.072 270.434 222.561
7 0.0566164 -0.178196 2.69444 1 498.394 314.648 265.81 228.053
8 0.194044 0.345244 2.74316 1 532.634 217.481 284.071 157.627
9 -0.0515374 0.180798 2.74857 1 471.073 247.953 251.239 179.713
10 0.0864079 0.130601 2.99068 1 503.804 259.136 268.696 187.818
11 0.22303 0.0727187 3.24432 1 531.193 269.878 283.303 195.604
12 -0.151331 -0.0759608 2.67877 2 445.144 295.547 237.41 214.208
13 -0.0383749 -0.530635 2.7324 2 474.278 379.692 252.948 275.195
14 -0.112719 -0.85878 2.75412 2 455.639 439.969 243.007 318.883
15 -0.0351674 -0.883876 2.75801 2 475.132 444.409 253.404 322.102
16 -0.080935 -0.0836403 2.75933 2 463.809 296.532 247.365 214.922
17 0.0316225 -0.439243 2.78518 1 491.773 361.098 262.279 261.719
18 -0.0677012 -0.852421 2.76271 2 467.004 438.278 249.069 317.658
19 -0.133184 -0.903983 2.72902 2 450.169 449.966 240.09 326.129
20 0.0343576 0.376222 2.68669 2 492.756 210.31 262.803 152.43
21 0.0561202 -0.21024 2.70636 2 498.207 320.494 265.71 232.29
22 0.0322212 -0.156782 2.656 2 492.291 311.052 262.555 225.447
23 0.249216 0.0268929 3.30719 1 535.738 277.099 285.727 200.838
24 0.254825 0.120719 3.21251 1 538.474 262.206 287.186 190.043
0
1
0.405644 0.119689 0.898191 -0.119923
0.396101 0.120953 0.902439 -0.118647
0.379806 0.110496 0.906548 -0.147336
0 0 0 0
-0.378137 0.745223 -0.315658 0.449461
-0.0485838 0.828718 0.00958231 0.557472
0.270603 0.80051 -0.0145479 -0.534552
0.205905 0.710512 -0.431539 -0.516285
0.202925 0.767969 0.607344 0.0133868
0.394937 -0.464267 0.256655 0.750072
0.0037316 0.383684 0.641359 0.664403
0.0126822 0.380427 0.633523 0.67362
0.278824 -0.509596 0.672621 -0.458421
0.0915976 0.943514 0.0975128 -0.303121
0.0343535 0.993142 -0.110414 0.0172767
0 0 0 0
0.152469 0.733626 0.661919 0.0202528
-0.148265 0.0962153 0.0496728 0.983002
0.00546714 0.957333 -0.120404 0.262652
0 0 0 0
0.382972 0.11748 0.906978 -0.130081
0 0 0 0
0 0 0 0
0 0 0 0
0 0 0 0
