6049060
0 -0.203534 -0.171127 2.49243 2 427.812 315.947 228.166 228.994
1 -0.143561 0.0781355 2.39895 2 442.839 264.743 236.181 191.882
2 -0.0791629 0.320467 2.29507 2 460.221 210.506 245.451 152.572
3 -0.0171034 0.415025 2.30137 2 478.837 189.8 255.38 137.565
4 -0.13456 0.189719 2.23929 2 442.645 238.35 236.077 172.753
5 -0.0961139 -0.0310353 2.24062 2 454.491 288.212 242.395 208.892
6 -0.0644778 -0.223157 2.32524 2 464.894 329.758 247.944 239.004
7 -0.0624827 -0.263028 2.37565 1 465.871 337.234 248.464 244.423
8 0.015658 0.239373 2.38576 1 488.468 230.456 260.516 167.031
9 -0.212878 0.0695652 2.44965 1 424.227 266.848 226.254 193.408
10 -0.275853 -0.157844 2.47551 1 407.306 313.485 217.23 227.21
11 -0.236791 -0.198205 2.46086 1 417.773 321.976 222.812 233.364
12 -0.246046 -0.173456 2.42059 2 414.044 317.478 220.823 230.104
13 -0.0995315 -0.53666 2.56912 2 457.243 387.201 243.863 280.638
14 -0.115754 -0.823592 2.69661 2 454.262 436.68 242.273 316.5
15 -0.0452126 -0.884291 2.62886 2 472.049 452.59 251.759 328.031
16 -0.155871 -0.164141 2.50296 2 441.154 314.378 235.282 227.857
17 -0.126327 -0.64092 2.60508 2 450.476 406.206 240.254 294.412
18 -0.116976 -0.917908 2.73799 2 454.375 452.02 242.333 327.618
19 -0.0532313 -0.894431 2.7824 2 470.716 444.917 251.049 322.47
20 -0.0955227 0.260836 2.3229 2 455.676 224.386 243.027 162.632
21 -0.0330185 -0.33161 2.40858 2 474.525 350.916 253.08 254.339
22 -0.0222374 -0.210046 2.40286 2 477.596 325.42 254.718 235.86
23 -0.22603 -0.244109 2.46783 2 420.945 331.286 224.504 240.112
24 -0.251035 -0.21261 2.48183 2 414.373 324.576 220.999 235.248
0
1
0.361126 0.0397562 0.909012 -0.204218
0.373201 0.0370329 0.904122 -0.204729
0.380999 0.0312135 0.891364 -0.24359
0 0 0 0
-0.22905 0.74649 -0.377239 0.497975
-0.0594748 0.696674 0.0623377 0.712196
-0.00427056 0.323813 0.217955 0.920664
0.107194 0.255662 0.422486 0.862932
0.289632 0.762517 0.577279 0.0378253
0.451096 0.0967779 0.0744465 0.884084
0.130731 -0.0560087 0.0625428 0.987857
-0.320745 -0.225504 -0.222404 0.89264
0.224298 -0.544186 0.660112 -0.466695
0.241165 0.883084 0.0909782 -0.392079
0.177091 0.887509 -0.111011 -0.410662
0 0 0 0
0.227966 0.652511 0.720323 -0.058275
0.0146885 0.401844 0.108485 0.909141
-0.0866041 -0.315862 0.204744 0.922394
0 0 0 0
0.384503 0.0355821 0.894841 -0.223943
0 0 0 0
0 0 0 0
0 0 0 0
0 0 0 0
