6098805
0 -0.218392 -0.235885 2.38845 2 421.051 331.207 224.561 240.055
1 -0.208678 0.0197608 2.29488 2 421.456 276.856 224.777 200.661
2 -0.198801 0.269462 2.18848 2 421.432 218.849 224.764 158.619
3 -0.164689 0.372904 2.19072 2 432.164 194.914 230.487 141.271
4 -0.31485 0.15834 2.19526 2 385.219 244.672 205.45 177.335
5 -0.462182 -0.0301755 2.34221 2 347.956 287.745 185.577 208.553
6 -0.208678 -0.119967 2.21065 2 419.053 308.667 223.495 223.718
7 -0.176675 -0.145512 2.2124 2 429.056 314.484 228.83 227.933
8 -0.103884 0.0971144 2.15155 1 450.783 258.391 240.418 187.278
9 -0.0713868 -0.128707 2.15402 2 461.186 311.421 245.966 225.714
10 -0.0594668 -0.340421 2.21059 1 465.439 359.214 248.234 260.353
11 -0.0500179 -0.4039 2.23996 2 468.574 372.613 249.906 270.065
12 -0.273977 -0.224341 2.38132 2 404.776 328.92 215.88 238.397
13 -0.314359 -0.612838 2.56402 2 399.255 402.717 212.936 291.884
14 -0.305348 -0.91769 2.70835 2 405.852 453.939 216.455 329.009
15 -0.32415 -0.98669 2.61304 1 397.942 473.872 212.236 343.456
16 -0.158069 -0.242558 2.33353 2 437.367 333.818 233.262 241.947
17 -0.111756 -0.618237 2.47111 2 452.728 408.334 241.455 295.955
18 -0.0804989 -0.942508 2.61396 2 462.62 465.039 246.731 337.054
19 -0.0953683 -1.01477 2.55403 1 458.065 483.939 244.301 350.752
20 -0.201177 0.208048 2.21734 2 421.544 233.716 224.824 169.394
21 -0.104393 -0.189788 2.13971 2 450.417 326.08 240.222 236.338
22 -0.166505 -0.20123 2.25813 2 433.251 326.304 231.067 236.5
23 -0.063748 -0.467282 2.26284 2 464.534 385.976 247.751 279.75
24 -0.0262934 -0.418792 2.25091 2 475.909 375.536 253.818 272.183
1
0
-0.200072 0.053186 0.963955 -0.167134
-0.147091 0.0439723 0.973448 -0.16979
-0.0875417 0.0373989 0.971903 -0.215271
0 0 0 0
-0.0158651 0.823939 -0.550016 0.13548
0.21456 0.890868 -0.343893 -0.205075
-0.482549 -0.111167 -0.342327 0.798499
-0.422236 -0.255824 -0.100396 0.863824
-0.132313 0.888931 0.373046 -0.230502
0.0460074 0.810664 0.054869 -0.581117
0.0357715 0.457887 0.127981 0.879022
0.0383553 0.452648 0.221006 0.863015
-0.0889429 -0.613262 0.770044 -0.151759
-0.0802533 -0.539554 0.207561 0.812009
-0.151615 -0.628059 0.158951 0.746518
0 0 0 0
-0.167115 0.64904 0.656743 -0.3457
0.115399 0.830149 0.142452 0.526539
0.133446 0.767682 0.162462 0.605361
0 0 0 0
-0.0875616 0.0360072 0.976908 -0.191541
0 0 0 0
0 0 0 0
0 0 0 0
0 0 0 0
