6080016
0 0.727906 -0.284191 3.57519 2 624.375 321.552 333 233.056
1 0.662277 -0.081343 3.53944 2 612.88 292.863 326.869 212.263
2 0.603465 0.113798 3.50711 2 602.466 264.766 321.315 191.899
3 0.51336 0.212273 3.45996 2 586.102 250.131 312.588 181.291
4 0.52455 0.0282514 3.62774 2 583.458 277.267 311.178 200.96
5 0.537342 -0.0450931 3.7846 1 581.654 287.244 310.216 208.19
6 0.643872 -0.188774 3.8235 1 599.939 306.233 319.968 221.953
7 0.647166 -0.223972 3.86859 1 599.179 310.554 319.562 225.085
8 0.698693 0.0924589 3.42474 2 624.602 267.515 333.121 193.891
9 0.658391 -0.00953996 3.26153 2 623.104 282.694 332.322 204.893
10 0.531127 -0.124826 3.07318 2 602.996 301.797 321.598 218.739
11 0.439539 -0.203156 2.9717 2 585.789 315.845 312.421 228.92
12 0.685148 -0.304101 3.58732 2 615.638 324.219 328.34 234.989
13 0.391906 -0.341346 3.35821 2 564.285 332.695 300.952 241.133
14 0.321115 -0.623471 3.2434 2 552.234 378.759 294.525 274.519
15 0.254242 -0.681601 3.18205 2 539.08 389.955 287.509 282.634
16 0.760603 -0.259203 3.51258 2 633.349 318.673 337.786 230.97
17 0.745478 -0.378172 3.19027 2 645.354 341.458 344.189 247.484
18 1.07873 -0.52339 3.30317 2 710.229 361.996 378.789 262.37
19 1.09068 -0.60699 3.28272 2 714.253 375.521 380.935 272.173
20 0.618518 0.0658649 3.51727 2 605.077 271.72 322.708 196.939
21 0.643514 -0.236635 3.89034 1 597.885 312.039 318.872 226.161
22 0.645462 -0.222309 3.84778 1 599.499 310.494 319.733 225.042
23 0.397572 -0.199431 2.95846 2 576.447 315.35 307.438 228.562
24 0.443158 -0.164638 2.93588 2 587.875 309.619 313.533 224.408
0
2
-0.313957 -0.119357 0.933061 -0.128772
-0.347435 -0.11463 0.921119 -0.132997
-0.377746 -0.0991372 0.908225 -0.150357
0 0 0 0
0.341918 0.761595 -0.507513 -0.213297
0.501247 0.7593 -0.193748 -0.366985
0.067908 0.935261 0.32081 0.133255
0.401375 0.845525 0.178168 0.303714
-0.20736 0.522452 0.75042 -0.34773
-0.481003 0.870551 -0.0963323 -0.038702
-0.464781 0.846345 -0.240445 -0.0993223
-0.41844 0.855404 -0.276261 -0.12989
0.140881 0.839204 -0.525112 -0.0120609
0.613158 -0.179896 -0.272477 0.719326
0.172263 -0.325705 -0.138659 0.919247
0 0 0 0
-0.278546 0.425747 0.767574 -0.389848
-0.550306 0.799015 -0.155534 0.185867
0.00788557 0.79087 0.556045 0.255495
0 0 0 0
-0.382756 -0.103614 0.909866 -0.122093
0 0 0 0
0 0 0 0
0 0 0 0
0 0 0 0
