6122591
0 0.0258357 -0.0378272 2.8121 2 490.266 288.009 261.475 208.745
1 0.0191126 0.215402 2.7104 2 488.802 241.023 260.695 174.69
2 0.0123629 0.462575 2.59695 2 487.236 190.93 259.859 138.383
3 0.0613373 0.579962 2.57524 2 500.388 166.888 266.874 120.958
4 -0.0632921 0.332185 2.54734 2 466.864 215.198 248.994 155.972
5 -0.0712096 0.0974088 2.57394 2 464.953 262.082 247.975 189.953
6 -0.0145813 -0.0978738 2.64043 2 480.164 299.946 256.087 217.396
7 0.0155909 -0.165283 2.67361 2 487.963 312.464 260.247 226.47
8 0.0842595 0.376677 2.85803 1 504.239 214.49 268.928 155.459
9 0.137356 0.131838 2.98976 1 515.521 258.917 274.944 187.66
10 0.135332 -0.0609024 3.07919 1 514.147 291.208 274.212 211.064
11 0.11356 -0.131799 3.11844 1 508.973 302.576 271.452 219.303
12 -0.00415433 -0.0395228 2.72756 2 482.911 288.534 257.552 209.125
13 -0.0185647 -0.436317 2.83387 2 479.447 359.194 255.705 260.339
14 -0.105556 -0.781051 2.9443 2 459.19 416.063 244.901 301.557
15 -0.0247948 -0.816316 2.90559 2 478.059 424.095 254.965 307.378
16 0.0553283 -0.0355371 2.8344 2 497.363 287.547 265.26 208.41
17 0.072673 -0.401129 3.0588 1 500.301 347.597 266.827 251.933
18 0.0289446 -0.677 3.19054 2 490.212 388.875 261.446 281.851
19 0.104018 -0.674113 3.209 2 506.308 387.8 270.031 281.072
20 0.0140469 0.401672 2.62738 2 487.636 203.78 260.073 147.697
21 0.049726 -0.23191 2.69379 2 496.644 324.751 264.877 235.375
22 0.0356577 -0.120402 2.66958 2 493.132 304.008 263.004 220.341
23 0.124098 -0.164794 3.15925 1 510.945 307.582 272.504 222.932
24 0.123654 -0.164204 3.14794 1 510.945 307.582 272.504 222.932
1
0
0.475217 -0.102822 0.859074 -0.159962
0.475349 -0.102846 0.859001 -0.159946
0.471294 -0.122291 0.851478 -0.194708
0 0 0 0
-0.133477 0.757287 -0.466256 0.437385
0.0587893 0.952205 0.000920553 0.299747
-0.0338048 0.505121 0.205984 0.837425
-0.0549749 0.497736 0.28405 0.817651
0.464546 0.648641 0.482326 0.361697
0.227329 0.958456 0.125784 0.117737
0.0771619 0.328819 0.201278 0.919462
0.205391 0.304879 0.188032 0.910773
0.360949 -0.551177 0.600222 -0.453491
0.120716 0.953903 -0.0525071 -0.269703
0.11845 0.953101 -0.151613 -0.233625
0 0 0 0
0.330647 0.674279 0.649294 0.120152
0.0558421 0.269205 0.266652 0.923746
0.0430202 -0.12917 0.226932 0.964348
0 0 0 0
0.473767 -0.111888 0.855627 -0.175862
0 0 0 0
0 0 0 0
0 0 0 0
0 0 0 0
