6089522
0 -0.211503 -0.205871 2.50005 2 425.778 322.882 227.081 234.02
1 -0.211533 0.0337458 2.39221 2 423.181 274.076 225.696 198.647
2 -0.210113 0.268412 2.27382 2 420.36 221.428 224.192 160.488
3 -0.15079 0.368486 2.22349 2 437.244 197.211 233.197 142.936
4 -0.318496 0.167883 2.23203 2 385.719 243.107 205.717 176.2
5 -0.405232 -0.0762205 2.22079 2 358.242 298.61 191.063 216.429
6 -0.439511 -0.298357 2.20665 2 346.486 349.88 184.793 253.588
7 -0.452867 -0.370065 2.18858 2 341.01 367.166 181.872 266.117
8 -0.088446 0.19648 2.44993 2 459.144 240.651 244.877 174.42
9 -0.0190808 0.0172843 2.6028 2 478.922 277.855 255.425 201.385
10 0.0968797 -0.129747 2.7012 2 508.597 305.493 271.251 221.417
11 0.147013 -0.179706 2.73566 2 520.889 314.431 277.808 227.896
12 -0.257148 -0.209752 2.42863 2 411.11 324.935 219.259 235.509
13 -0.235685 -0.588459 2.5185 2 419.343 399.924 223.649 289.859
14 -0.231053 -0.931319 2.63794 2 423.269 461.214 225.743 334.281
15 -0.168864 -0.980844 2.57872 2 438.562 475.237 233.9 344.445
16 -0.160732 -0.196731 2.51035 2 439.94 320.854 234.635 232.551
17 -0.18018 -0.546051 2.61259 2 436.39 387.288 232.741 280.701
18 -0.16907 -0.842235 2.84579 1 442.867 431.833 236.196 312.987
19 -0.0688704 -0.857875 2.85281 2 467.26 434.252 249.205 314.74
20 -0.210699 0.210511 2.30537 2 421.088 234.99 224.58 170.318
21 -0.468607 -0.436634 2.17066 2 334.68 383.561 178.496 278
22 -0.421983 -0.379185 2.16221 2 349.156 370.343 186.217 268.42
23 0.173459 -0.228081 2.74469 2 527.405 323.25 281.283 234.287
24 0.175369 -0.166784 2.68395 2 528.866 312.639 282.062 226.597
4
0
0.329039 -0.0706868 0.920697 -0.19762
0.33393 -0.0717368 0.918934 -0.197242
0.336473 -0.0814198 0.908746 -0.233106
0 0 0 0
-0.0712389 0.71965 -0.582705 0.370787
-0.0304834 0.984002 -0.16844 -0.049384
0.0173827 0.820723 -0.080757 0.565323
-0.0484646 0.811213 -0.143293 0.564847
0.391668 0.708986 0.556456 0.185181
-0.0772732 0.197649 0.359352 0.908752
0.0885412 0.818707 0.380309 0.421003
0.0602523 0.809826 0.423126 0.401892
0.25255 -0.585193 0.642922 -0.424758
0.116564 0.893349 -0.0257109 -0.433219
0.154179 0.895212 -0.0640357 -0.413187
0 0 0 0
0.231658 0.639068 0.73021 -0.0686989
0.0846246 0.420448 0.116843 0.895773
-0.00709267 0.0245172 0.327523 0.944498
0 0 0 0
0.338007 -0.0765068 0.913517 -0.213035
0 0 0 0
0 0 0 0
0 0 0 0
0 0 0 0
