6076452
0 -0.190131 -0.167173 2.49113 2 431.487 315.158 230.126 228.423
1 -0.16176 0.0802432 2.39662 2 437.577 264.281 233.375 191.547
2 -0.133294 0.321708 2.29064 2 443.905 210.08 236.749 152.263
3 -0.109199 0.432395 2.27823 2 450.924 184.962 240.493 134.058
4 -0.167455 0.195533 2.25881 2 432.979 237.409 230.922 172.071
5 -0.120166 -0.0266658 2.25042 2 447.274 287.201 238.546 208.159
6 -0.05942 -0.22185 2.31264 2 466.294 329.736 248.69 238.988
7 -0.0617635 -0.283864 2.39209 2 466.199 341.266 248.639 247.345
8 0.0179826 0.23711 2.37348 1 489.165 230.676 260.888 167.191
9 -0.217778 0.0677606 2.41453 1 421.959 267.016 225.045 193.53
10 -0.0605764 -0.0487889 2.62228 1 468.091 290.614 249.648 210.633
11 0.0673161 -0.161234 2.79427 1 500.508 310.382 266.938 224.961
12 -0.24032 -0.170873 2.41811 2 415.605 316.973 221.656 229.738
13 -0.110457 -0.521151 2.58808 2 454.534 383.361 242.418 277.855
14 -0.174082 -0.868427 2.79526 2 440.863 439.401 235.127 318.472
15 -0.0570131 -0.859547 2.80491 2 469.896 437.196 250.611 316.874
16 -0.134913 -0.159792 2.50127 2 446.888 313.517 238.34 227.233
17 -0.136985 -0.600352 2.64083 2 448.164 396.64 239.021 287.479
18 -0.0954131 -0.870454 2.7816 2 460.223 440.538 245.452 319.296
19 -0.0157975 -0.859107 2.84268 2 480.113 435.021 256.06 315.297
20 -0.140448 0.262221 2.31917 2 442.3 223.981 235.893 162.338
21 -0.0316898 -0.353624 2.4114 2 474.913 355.473 253.287 257.642
22 -0.0688755 -0.32807 2.38443 2 464.081 350.874 247.51 254.309
23 0.10999 -0.205678 2.8289 1 510.677 317.978 272.361 230.466
24 0.105865 -0.167066 2.81539 1 509.793 311.213 271.89 225.563
0
1
0.323562 -0.00831668 0.927219 -0.188425
0.326881 -0.00899159 0.926054 -0.188394
0.325853 -0.0217098 0.917617 -0.226555
0 0 0 0
-0.236376 0.820115 -0.298446 0.427164
-0.0782056 0.790499 0.0718993 0.60318
0.192603 0.90615 0.0785922 -0.368265
0.416433 0.86105 -0.137898 -0.257217
0.212299 0.757719 0.617082 -0.000844321
0.388474 -0.338604 0.245483 0.82108
-0.175644 0.26312 0.51475 0.796838
-0.163928 0.266774 0.490746 0.813097
0.225386 -0.580175 0.65448 -0.429248
0.263259 0.879989 0.063013 -0.390311
0.268672 0.958489 -0.0603418 0.0739799
0 0 0 0
0.207847 0.656222 0.722479 -0.0647851
0.0693562 0.435455 0.136152 0.887148
-0.139268 -0.299099 0.203184 0.921879
0 0 0 0
0.328587 -0.0152474 0.921654 -0.205797
0 0 0 0
0 0 0 0
0 0 0 0
0 0 0 0
