6110884
0 0.71116 -0.307424 3.67043 2 617.552 323.707 329.361 234.618
1 0.671245 -0.105372 3.63737 2 611.101 295.898 325.92 214.463
2 0.628189 0.0930905 3.59612 2 604.273 268.091 322.279 194.309
3 0.590205 0.205165 3.55624 2 598.262 251.972 319.073 182.626
4 0.513107 0.0436472 3.67907 2 579.918 275.204 309.29 199.464
5 0.495858 -0.0893945 3.79615 2 573.816 293.132 306.035 212.458
6 0.530143 -0.0246491 3.61812 1 584.792 284.661 311.889 206.318
7 0.557997 0.0425405 3.61423 1 590.227 275.249 314.788 199.497
8 0.764704 0.0844631 3.54056 2 632.91 269.104 337.552 195.043
9 0.839559 -0.145351 3.59453 2 645.142 301.745 344.076 218.701
10 0.729114 -0.0536764 3.38033 2 632.705 289.269 337.442 209.658
11 0.714115 0.0165586 3.35019 2 630.941 278.703 336.502 202
12 0.663779 -0.311748 3.66917 2 608.649 324.304 324.613 235.051
13 0.422726 -0.280715 3.3601 2 570.545 323.522 304.291 234.484
14 0.296662 -0.622157 3.21992 2 547.49 379.256 291.995 274.88
15 0.253405 -0.694346 3.13385 2 539.757 393.72 287.87 285.363
16 0.748816 -0.298958 3.62015 2 626.635 323.127 334.205 234.198
17 0.894404 -0.275373 3.26955 2 673.057 324.053 358.964 234.869
18 1.08292 -0.486665 3.28431 2 712.404 356.756 379.949 258.572
19 1.034 -0.560131 3.1992 2 707.921 370.487 377.558 268.524
20 0.639445 0.0437865 3.60808 2 606.027 275.06 323.214 199.36
21 0.611513 0.0371489 3.57132 2 601.875 275.94 321 199.997
22 0.550125 0.0614437 3.60562 2 588.974 272.58 314.12 197.562
23 0.704552 0.0162593 3.33114 2 629.794 278.734 335.89 202.023
24 0.699267 0.00478588 3.31686 1 629.319 280.479 335.637 203.287
1
0
-0.246804 -0.0735368 0.960942 -0.101346
-0.240712 -0.0741773 0.962486 -0.100878
-0.230962 -0.0793953 0.959705 -0.138991
0 0 0 0
0.268218 0.702129 -0.653895 -0.0865754
0.243731 0.733075 -0.258853 -0.57982
0.734391 -0.556049 -0.358925 0.15051
0.877178 -0.111482 -0.437933 -0.162315
-0.0917593 0.559368 0.793098 -0.222899
0.00387674 0.807971 0.189726 0.557828
-0.208981 -0.123547 0.796301 -0.554046
-0.276115 -0.0385094 0.935218 -0.218278
0.0429988 0.735512 -0.672845 0.0667292
0.66588 -0.309012 -0.309947 0.604192
0.235148 -0.461385 -0.0836438 0.851372
0 0 0 0
-0.247906 0.546016 0.710856 -0.367551
0.707837 -0.551966 0.173121 -0.405377
-0.114534 0.858633 0.338083 0.367875
0 0 0 0
-0.233276 -0.0780551 0.962192 -0.116943
0 0 0 0
0 0 0 0
0 0 0 0
0 0 0 0
