6093461
0 0.705931 -0.309795 3.67378 2 616.443 323.994 328.77 234.826
1 0.676824 -0.102784 3.63394 2 612.285 295.551 326.552 214.211
2 0.647115 0.102527 3.58407 2 608.338 266.71 324.447 193.308
3 0.597598 0.206729 3.54881 2 599.945 251.685 319.971 182.418
4 0.514054 0.0379294 3.67873 2 580.104 275.99 309.389 200.034
5 0.528035 -0.135833 3.8442 2 578.472 299.102 308.519 216.785
6 0.583331 -0.295973 4.01733 1 583.927 318.535 311.428 230.87
7 0.610276 -0.392261 4.12734 1 585.796 329.378 312.424 238.729
8 0.764537 0.0806285 3.53947 2 632.923 269.65 337.559 195.439
9 0.83864 -0.129854 3.59444 2 644.965 299.556 343.981 217.114
10 0.780081 -0.0515726 3.35679 1 644.308 289.012 343.631 209.472
11 0.724872 0.00857999 3.34242 2 633.519 279.908 337.877 202.874
12 0.657432 -0.313954 3.6703 2 607.413 324.593 323.953 235.261
13 0.404989 -0.326359 3.34055 2 567.408 330.696 302.618 239.684
14 0.282783 -0.670886 3.2138 2 544.658 387.18 290.484 280.623
15 0.253385 -0.722082 3.12366 2 539.952 398.632 287.974 288.923
16 0.744467 -0.301168 3.62548 2 625.591 323.373 333.649 234.376
17 0.900996 -0.271644 3.26876 2 674.507 323.485 359.737 234.457
18 1.09199 -0.49385 3.2851 2 714.281 357.86 380.95 259.372
19 1.04285 -0.567107 3.20023 2 709.782 371.577 378.55 269.314
20 0.655061 0.0516191 3.59803 2 609.376 273.938 325.001 198.547
21 0.606771 -0.404649 4.14911 1 584.679 330.638 311.829 239.642
22 0.607791 -0.390664 4.11054 1 585.796 329.378 312.424 238.729
23 0.710313 -0.00164138 3.31144 2 631.875 281.462 337 204
24 0.703473 -0.0299262 3.28563 1 631.601 285.833 336.854 207.167
0
0
-0.221088 -0.046149 0.968244 -0.107207
-0.225057 -0.0457089 0.967329 -0.107396
-0.226023 -0.043075 0.962161 -0.145958
0 0 0 0
0.260478 0.730475 -0.624635 -0.0915886
0.361038 0.916132 0.0904329 0.148917
0.36757 0.90001 0.185331 0.143272
0.384838 0.89455 0.167454 0.153748
-0.0881413 0.577502 0.778457 -0.229626
-0.0201024 0.725108 0.204116 0.657382
-0.161751 -0.0235585 0.791298 -0.589177
-0.273833 -0.315039 0.887584 -0.194834
0.0359782 0.730896 -0.675346 0.0916745
0.633279 -0.336544 -0.289876 0.633772
0.233475 -0.651952 -0.0160506 0.721242
0 0 0 0
-0.24466 0.553666 0.713637 -0.352587
0.712208 -0.539518 0.174776 -0.413682
-0.109834 0.861126 0.330674 0.370207
0 0 0 0
-0.227247 -0.0408234 0.964797 -0.125933
0 0 0 0
0 0 0 0
0 0 0 0
0 0 0 0
