521340
0 -0.266279 -0.103617 2.47581 2 409.997 302.388 218.665 219.167
1 -0.310531 0.171475 2.37916 2 394.129 244.71 210.202 177.363
2 -0.351716 0.439896 2.2709 2 377.033 182.805 201.084 132.494
3 -0.317929 0.559056 2.24901 2 386.237 154.768 205.993 112.174
4 -0.381448 0.297647 2.20283 2 364.525 212.635 194.413 154.115
5 -0.352159 0.0755913 2.20155 2 373.824 263.815 199.373 191.21
6 -0.274192 -0.115841 2.26973 2 400.855 307.046 213.789 222.542
7 -0.242768 -0.1845 2.34261 2 412.669 321.077 220.09 232.712
8 -0.208143 0.322265 2.37851 1 423.71 212.572 225.979 154.069
9 -0.275782 0.0760185 2.35608 1 403.454 264.882 215.176 191.983
10 -0.260575 -0.114356 2.4548 1 410.961 304.784 219.179 220.903
11 -0.290383 -0.153652 2.5348 1 405.153 311.894 216.082 226.056
12 -0.304682 -0.106262 2.40808 2 396.913 303.549 211.687 220.008
13 -0.249627 -0.492319 2.56263 2 416.782 378.699 222.284 274.476
14 -0.221352 -0.898118 2.74457 2 428.116 447.932 228.328 324.655
15 -0.114775 -0.922075 2.69625 2 454.477 455.485 242.388 330.129
16 -0.219071 -0.0888952 2.47367 2 423.081 299.388 225.643 216.992
17 -0.266958 -0.560301 2.62315 2 413.725 389.678 220.653 282.433
18 -0.380942 -0.825481 2.89859 2 393.027 426.203 209.614 308.906
19 -0.279048 -0.855673 2.80902 2 415.21 436.331 221.445 316.247
20 -0.341849 0.373936 2.30005 2 381.446 198.698 203.438 144.013
21 -0.186716 -0.263246 2.36126 2 429.553 337.652 229.095 244.726
22 -0.204487 -0.130253 2.35643 2 424.298 309.174 226.292 224.085
23 -0.285801 -0.156777 2.52854 1 406.206 312.595 216.643 226.564
24 -0.288491 -0.151125 2.51182 1 404.951 311.665 215.974 225.891
1
1
0.313149 -0.125437 0.931843 -0.133684
0.333072 -0.128277 0.924909 -0.130962
0.355798 -0.139395 0.909136 -0.165674
0 0 0 0
-0.296037 0.792973 -0.344119 0.406372
-0.0317792 0.893148 0.0573725 0.444954
-0.114262 0.348766 0.217219 0.904501
-0.039975 0.278112 0.413863 0.865894
0.181005 0.792387 0.556003 0.173843
0.137245 -0.502233 0.0295101 0.853261
0.212646 0.78524 -0.109616 -0.571107
0.29691 0.679796 -0.45032 -0.496925
-0.350217 0.621518 -0.600305 0.36152
0.198232 0.878831 -0.0230855 -0.433391
0.210562 0.949036 -0.0184399 -0.233784
0 0 0 0
0.119509 0.581572 0.79651 -0.114297
0.113759 0.456523 0.112528 0.875205
0.269749 0.292871 0.308075 0.864032
0 0 0 0
0.355776 -0.134465 0.913439 -0.144818
0 0 0 0
0 0 0 0
0 0 0 0
0 0 0 0
