525020
0 -0.207012 -0.138791 2.43684 2 425.555 310.023 226.963 224.701
1 -0.236739 0.144889 2.32407 2 413.903 249.662 220.748 180.951
2 -0.262812 0.420212 2.19692 2 401.433 184.117 214.097 133.445
3 -0.238218 0.539708 2.18073 2 408.484 155.388 217.858 112.623
4 -0.293854 0.277452 2.14584 2 389.603 215.656 207.788 156.305
5 -0.241195 0.0365015 2.1344 2 406.251 272.557 216.667 197.546
6 -0.160363 -0.156441 2.2288 2 434.494 316.717 231.73 229.552
7 -0.132566 -0.223702 2.29954 2 444.316 330.434 236.968 239.494
8 -0.155225 0.307435 2.31831 1 437.877 214.053 233.534 155.143
9 -0.0910029 0.0739924 2.42344 1 458.162 265.778 244.353 192.632
10 -0.0768186 -0.115883 2.52179 1 463.03 304.44 246.949 220.654
11 -0.106176 -0.15451 2.60046 1 455.902 311.253 243.148 225.592
12 -0.239057 -0.133339 2.37568 2 414.76 309.611 221.205 224.402
13 -0.197351 -0.544463 2.54906 2 430.545 389.641 229.624 282.406
14 -0.229836 -0.90103 2.74043 2 425.884 448.737 227.138 325.238
15 -0.119593 -0.920011 2.69734 2 453.252 455.021 241.735 329.793
16 -0.168727 -0.140465 2.42771 2 436.187 310.474 232.633 225.027
17 -0.308308 -0.501408 2.71512 2 405.646 374.927 216.345 271.742
18 -0.361047 -0.818096 2.86419 2 396.744 426.625 211.597 309.212
19 -0.247979 -0.854993 2.79707 2 422.607 436.86 225.39 316.63
20 -0.256821 0.352552 2.231 2 404.624 201.074 215.799 145.735
21 -0.09673 -0.300143 2.33131 2 455.411 346.387 242.886 251.057
22 -0.121519 -0.27537 2.27724 2 447.247 342.423 238.532 248.184
23 -0.102312 -0.157643 2.59414 1 456.857 311.937 243.657 226.087
24 -0.106882 -0.153764 2.57888 1 455.479 311.358 242.922 225.668
0
0
0.268681 -0.0988269 0.943535 -0.166691
0.327212 -0.109067 0.924867 -0.160179
0.39029 -0.129725 0.89041 -0.194975
0 0 0 0
-0.2598 0.786155 -0.343653 0.443132
-0.0804551 0.815572 0.0747089 0.568145
0.25473 0.926369 0.121525 -0.24937
0.405504 0.890655 0.0648996 -0.195163
0.248384 0.782702 0.52793 0.216732
0.223875 0.955787 0.0876171 -0.169337
0.211205 0.785594 -0.111339 -0.570823
0.296946 0.680012 -0.450388 -0.496546
0.330819 -0.552031 0.655684 -0.39484
0.195782 0.855887 -0.0544173 -0.475568
0.23084 0.951234 -0.0870006 -0.185197
0 0 0 0
0.0539853 0.687068 0.689814 -0.221763
0.27638 0.400207 0.22187 0.845117
0.133655 0.270513 0.186554 0.934964
0 0 0 0
0.390996 -0.124667 0.895338 -0.173059
0 0 0 0
0 0 0 0
0 0 0 0
0 0 0 0
