537134
0 0.820059 0.239404 3.16892 2 662.743 242.804 353.463 175.981
1 0.822408 0.528003 3.05367 2 670.332 193.162 357.51 140.001
2 0.823435 0.80872 2.92822 2 678.928 140.305 362.095 101.691
3 0.800486 0.925591 2.88253 2 676.584 117.313 360.845 85.0271
4 0.728383 0.720862 3.11401 2 645.869 163.297 344.464 118.356
5 0.668129 0.514969 3.32743 2 622.604 202.575 332.056 146.823
6 0.568022 0.325184 3.40513 2 598.906 232.787 319.417 168.721
7 0.532801 0.291229 3.38972 2 592.225 237.663 315.853 172.255
8 0.915038 0.688514 2.85341 2 706.326 158.088 376.707 114.58
9 0.704595 0.634278 2.62845 2 669.679 158.186 357.162 114.651
10 0.521832 0.770861 2.58091 2 624.039 128.94 332.821 93.454
11 0.470077 0.783847 2.55583 2 611.374 124.868 326.066 90.5024
12 0.768211 0.246174 3.20498 2 649.454 242.186 346.375 175.533
13 0.758361 -0.0719733 3.39523 2 638.034 291.971 340.285 211.617
14 0.824198 -0.372259 3.55621 2 643.993 334.4 343.463 242.368
15 0.791961 -0.45735 3.56011 2 637.578 346.492 340.042 251.132
16 0.85475 0.227378 3.06317 2 676.865 243.449 360.994 176.449
17 0.946713 -0.0450777 3.22267 2 687.081 288.328 366.443 208.976
18 1.18127 -0.322904 3.4595 2 720.487 328.788 384.26 238.301
19 1.10549 -0.378437 3.40033 2 709.101 337.924 378.187 244.923
20 0.823733 0.739714 2.96143 2 676.73 153.827 360.923 111.492
21 0.516152 0.269213 3.39194 2 588.75 240.991 314 174.667
22 0.558295 0.281924 3.39271 2 597.324 239.085 318.573 173.286
23 0.433329 0.833249 2.54904 2 601.758 114.526 320.937 83.0071
24 0.485176 0.822029 2.54956 2 615.844 116.781 328.45 84.6415
3
0
-0.470705 0.0938848 0.86184 -0.163871
-0.45014 0.0899734 0.872758 -0.166051
-0.427218 0.0956538 0.876371 -0.20077
0 0 0 0
0.397532 0.691059 -0.538393 -0.273017
-0.0934854 -0.448441 0.388666 0.799437
0.282137 0.394378 0.0676285 0.871946
0.30274 0.29594 -0.278128 0.862214
-0.182003 0.699368 0.544692 -0.425523
-0.408154 0.759411 -0.496702 0.0999656
0.779385 -0.31322 0.430792 0.329956
0.697556 -0.496029 0.351484 0.37925
-0.327324 -0.660651 0.667945 0.101232
-0.0628045 -0.275258 0.259009 0.92369
-0.167186 -0.296345 0.198445 0.919156
0 0 0 0
-0.368443 0.583444 0.557251 -0.46186
0.208805 0.925566 0.205229 0.240021
0.185882 0.854811 0.381208 0.299041
0 0 0 0
-0.428297 0.0918831 0.880306 -0.182155
0 0 0 0
0 0 0 0
0 0 0 0
0 0 0 0
