524944
0 1.23577 0.312936 3.32214 2 741.812 233.162 395.633 168.993
1 1.23335 0.585415 3.20266 2 751.085 187.91 400.579 136.194
2 1.22595 0.850504 3.07237 2 760.736 139.915 405.726 101.409
3 1.19579 0.972951 3.00347 2 759.986 115.946 405.326 84.0358
4 1.10171 0.797839 3.22133 2 721.18 154.797 384.629 112.194
5 1.08466 0.550563 3.40014 2 704.954 198.666 375.976 143.99
6 1.06477 0.346794 3.4979 2 694.612 230.724 370.46 167.226
7 1.03568 0.307245 3.48077 2 689.801 236.275 367.894 171.249
8 1.33857 0.719264 3.01978 2 791.342 159.67 422.049 115.727
9 1.4146 0.508387 3.06382 2 804.2 196.521 428.906 142.436
10 1.33211 0.344192 2.91115 2 801.397 220.856 427.412 160.073
11 1.24345 0.285996 2.7747 2 794.856 228.592 423.923 165.68
12 1.17199 0.318588 3.328 2 727.97 232.401 388.251 168.441
13 1.2052 -0.0268229 3.49313 2 722.895 285.124 385.544 206.654
14 1.34275 -0.28959 3.71972 2 734.107 320.91 391.524 232.591
15 1.31392 -0.370723 3.64921 2 733.493 333.02 391.196 241.368
16 1.27452 0.301054 3.24902 2 755.981 233.929 403.19 169.549
17 1.33198 -0.0410242 3.34122 2 760.379 287.476 405.535 208.358
18 1.36497 -0.33281 3.55583 2 750.113 328.963 400.06 238.428
19 1.31723 -0.40817 3.53191 2 742.52 340.168 396.011 246.549
20 1.22868 0.785365 3.10697 2 758.302 152.173 404.427 110.293
21 1.03268 0.265712 3.49856 2 688.125 242.554 367 175.8
22 1.01576 0.324196 3.45239 2 687.493 233.409 366.663 169.172
23 1.23066 0.266805 2.74179 2 795.352 231.533 424.188 167.812
24 1.24449 0.260151 2.74271 2 798.742 232.789 425.996 168.722
1
0
-0.316074 0.062319 0.926279 -0.1955
-0.333768 0.0660543 0.920052 -0.194269
-0.35108 0.0696171 0.904445 -0.232111
0 0 0 0
0.376133 0.668131 -0.628432 -0.131142
-0.176429 -0.614725 0.253651 0.725705
0.165891 0.833404 -0.153004 -0.504487
-0.295547 0.827052 -0.179952 -0.443006
-0.0861557 0.737348 0.528623 -0.411647
0.00963203 0.871658 0.195877 0.449168
-0.0650553 0.563621 -0.390025 0.725245
0.0601481 -0.514617 0.572718 -0.635253
-0.183887 -0.666636 0.714241 -0.107899
-0.135404 -0.421708 0.179597 0.878392
-0.344915 -0.495295 0.170376 0.778902
0 0 0 0
-0.28494 0.609108 0.589705 -0.447265
0.0828884 0.893361 0.128786 0.422434
0.262556 0.862819 0.173021 0.395817
0 0 0 0
-0.351594 0.0697199 0.909557 -0.210304
0 0 0 0
0 0 0 0
0 0 0 0
0 0 0 0
