530255
0 -0.135881 -0.109917 2.37649 2 444.668 304.597 237.156 220.768
1 -0.170865 0.136081 2.26111 2 432.012 250.769 230.406 181.754
2 -0.204495 0.375932 2.13282 2 417.869 191.811 222.863 139.022
3 -0.175599 0.491773 2.10382 2 426.334 162.462 227.378 117.75
4 -0.228137 0.240044 2.08544 2 408.648 222.903 217.946 161.557
5 -0.164824 0.0172895 2.07282 2 429.313 276.993 228.967 200.761
6 -0.0339673 -0.215761 2.17876 2 473.239 331.305 252.394 240.126
7 0.0025305 -0.287358 2.21674 2 484.742 346.827 258.529 251.376
8 -0.0831981 0.330672 2.46969 1 460.779 213.423 245.749 154.686
9 -0.295882 0.146258 2.35013 1 397.329 249.701 211.909 180.98
10 -0.328155 -0.107429 2.41993 1 390.645 303.689 208.344 220.11
11 -0.31925 -0.14249 2.35566 1 390.687 311.843 208.366 226.02
12 -0.155775 -0.111493 2.31091 2 437.631 305.609 233.403 221.501
13 -0.180758 -0.556143 2.5068 2 434.201 393.857 231.574 285.462
14 -0.208246 -0.901118 2.70766 2 430.699 450.792 229.706 326.728
15 -0.0985462 -0.925484 2.68844 2 458.57 456.645 244.571 330.97
16 -0.112177 -0.104758 2.3719 2 451.463 303.54 240.78 220.001
17 -0.0719886 -0.453863 2.69067 1 465.532 366.687 248.284 265.77
18 -0.137776 -0.788212 2.78619 1 449.773 425.117 239.879 308.119
19 -0.0767238 -0.88249 2.72581 2 464.475 446.1 247.72 323.327
20 -0.196351 0.317018 2.16714 2 421.561 207.08 224.832 150.089
21 0.0404365 -0.334214 2.24648 2 496.345 356.555 264.717 258.426
22 -0.0190265 -0.320726 2.21284 2 478.04 354.604 254.955 257.012
23 -0.317311 -0.188152 2.34035 2 390.624 321.935 208.333 233.334
24 -0.331541 -0.127673 2.381 2 388.125 308.366 207 223.5
3
1
0.424159 -0.153132 0.87696 -0.166076
0.478872 -0.163347 0.848323 -0.15604
0.53293 -0.194622 0.803105 -0.182018
0 0 0 0
-0.232397 0.751267 -0.340726 0.515263
-0.0947123 0.847902 0.103884 0.511174
0.30253 0.724036 0.0563754 -0.617308
0.311077 0.729851 0.0220175 -0.608329
0.410552 0.568021 0.59377 0.395267
0.444193 -0.376587 -0.0347022 0.812201
0.0287643 -0.230946 0.143783 0.961854
0.0509408 -0.201928 -0.509611 0.834822
-0.436177 0.58932 -0.546123 0.405218
0.187842 0.931152 -0.088064 -0.29986
0.254058 0.958124 -0.0661708 -0.114346
0 0 0 0
0.102921 0.596182 0.770631 -0.200257
-0.0359506 0.0245319 0.361665 0.931292
0.141163 0.394747 0.0876829 0.903637
0 0 0 0
0.535012 -0.183445 0.808743 -0.161381
0 0 0 0
0 0 0 0
0 0 0 0
0 0 0 0
