516441
0 0.856699 0.196233 3.05372 2 677.897 248.522 361.545 180.125
1 0.845624 0.492855 2.94523 2 682.722 195.965 364.119 142.033
2 0.828382 0.78323 2.82644 2 687.195 139.809 366.504 101.332
3 0.809715 0.902529 2.81565 2 683.444 117.592 364.504 85.2289
4 0.746501 0.727795 3.06818 1 652.429 160.347 347.962 116.218
5 0.745043 0.489603 3.24938 1 642.392 204.597 342.609 148.289
6 0.780647 0.30978 3.37685 1 643.557 234.607 343.23 170.04
7 0.789268 0.243725 3.42006 1 643.242 245.017 343.062 177.585
8 0.882669 0.604898 2.73805 2 707.455 168.504 377.31 122.13
9 0.66069 0.607767 2.50772 2 666.478 157.661 355.455 114.27
10 0.515773 0.746189 2.38397 2 633.92 121.563 338.09 88.1071
11 0.512312 0.790216 2.37218 2 633.702 111.248 337.975 80.6308
12 0.812878 0.196692 3.10771 2 664.665 249.035 354.488 180.497
13 0.842786 -0.116154 3.28457 2 661.164 299.182 352.621 216.843
14 0.927191 -0.418387 3.42926 2 670.924 343.292 357.826 248.814
15 0.898209 -0.506096 3.4222 2 665.481 356.473 354.923 258.367
16 0.862506 0.18231 2.9166 2 688.489 249.398 367.194 180.76
17 0.968762 -0.0783861 3.06324 2 702.794 294.24 374.823 213.261
18 1.23711 -0.339657 3.28276 2 745.227 333.996 397.454 242.075
19 1.14983 -0.389419 3.24133 1 729.813 342.481 389.234 248.226
20 0.833475 0.711677 2.85811 2 686.104 154.198 365.922 111.761
21 0.780224 0.234978 3.42754 1 641.052 246.396 341.895 178.585
22 0.785557 0.241633 3.39067 1 643.872 245.015 343.398 177.584
23 0.519041 0.867312 2.34527 2 637.479 92.4398 339.989 66.9991
24 0.546393 0.782755 2.37722 2 643.338 113.196 343.114 82.043
0
0
-0.587759 0.0897995 0.78983 -0.150482
-0.568421 0.0861217 0.803858 -0.152617
-0.546814 0.0879515 0.810704 -0.189783
0 0 0 0
0.46778 0.603148 -0.562615 -0.317582
0.317637 0.942966 -0.0341097 -0.0935901
0.286803 0.941845 0.122705 0.12496
0.273752 0.947899 0.0954146 0.132075
-0.212826 0.714355 0.370102 -0.55446
-0.321105 0.664853 -0.633542 0.231272
0.762227 -0.431022 0.461371 0.142715
0.82466 -0.129531 0.549117 -0.0403402
0.386424 0.670539 -0.59496 -0.216971
-0.0793878 -0.140626 0.244826 0.956024
-0.192825 -0.332976 0.159662 0.909095
0 0 0 0
-0.45912 0.530477 0.488614 -0.518709
0.218539 0.946969 0.203951 0.117879
0.198543 0.872489 0.399577 0.199205
0 0 0 0
-0.548639 0.0833794 0.814193 -0.170683
0 0 0 0
0 0 0 0
0 0 0 0
0 0 0 0
