531360
0 -0.201261 -0.0869499 2.4276 2 426.974 299.326 227.72 216.947
1 -0.239321 0.167871 2.31479 2 412.843 244.505 220.183 177.214
2 -0.274977 0.415773 2.19036 2 397.349 184.848 211.919 133.976
3 -0.251592 0.534369 2.17816 2 404.151 156.483 215.547 113.417
4 -0.293933 0.275532 2.13964 2 389.304 215.921 207.629 156.497
5 -0.208812 0.0408841 2.13378 2 416.684 271.518 222.231 196.793
6 -0.0975729 -0.193139 2.24907 2 454.135 324.648 242.205 235.3
7 -0.0642576 -0.254361 2.29423 2 464.697 337.311 247.838 244.478
8 -0.153429 0.370437 2.52738 1 442.166 206.964 235.822 150.005
9 -0.429121 0.277645 2.44265 1 362.832 223.543 193.51 162.021
10 -0.625352 0.0558309 2.45585 1 308.117 269.659 164.329 195.445
11 -0.691391 -0.0176603 2.46396 1 290.022 284.856 154.678 206.46
12 -0.213846 -0.0838121 2.35422 2 421.516 299.219 224.808 216.87
13 -0.198949 -0.540632 2.52911 1 429.687 389.729 229.167 282.47
14 -0.209249 -0.906289 2.70826 2 430.451 451.736 229.574 327.412
15 -0.107437 -0.922234 2.68678 2 456.264 456.134 243.341 330.599
16 -0.182774 -0.0877241 2.43172 2 432.302 299.454 230.561 217.04
17 -0.263043 -0.53105 2.6176 2 414.632 384.198 221.137 278.461
18 -0.355947 -0.782215 2.83958 2 397.258 421.409 211.871 305.432
19 -0.244937 -0.8255 2.77763 2 422.952 432.503 225.574 313.472
20 -0.266479 0.35488 2.22361 2 401.356 200.266 214.057 145.15
21 -0.035729 -0.30583 2.32149 2 473.369 347.899 252.463 252.152
22 -0.126569 -0.231127 2.33456 2 446.677 331.305 238.228 240.125
23 -0.693242 -0.0608275 2.46442 1 289.528 293.764 154.415 212.916
24 -0.725523 -0.00184222 2.5271 1 285.49 281.582 152.261 204.086
2
1
0.510617 -0.166523 0.832025 -0.138837
0.528556 -0.169497 0.820745 -0.13519
0.54374 -0.190194 0.799962 -0.168028
0 0 0 0
-0.245706 0.750032 -0.324839 0.521115
-0.118445 0.764137 0.126774 0.621284
-0.272823 -0.37871 0.113956 0.877018
-0.315388 -0.37966 0.17877 0.851134
0.406199 0.56204 0.599144 0.400175
0.587755 -0.286235 0.037577 0.755779
0.342008 -0.187716 0.0944038 0.915904
0.341677 -0.181007 0.112235 0.915367
-0.5091 0.564006 -0.511735 0.401051
0.180636 0.958693 -0.0252499 -0.218268
0.222445 0.966697 -0.0406564 -0.119844
0 0 0 0
0.204854 0.719049 0.661526 -0.0581925
0.120329 0.188448 0.175234 0.958802
0.22738 0.238232 0.295399 0.896818
0 0 0 0
0.545286 -0.18039 0.805179 -0.147677
0 0 0 0
0 0 0 0
0 0 0 0
0 0 0 0
