990748
0 -0.011108 -0.0662977 2.5691 2 480.987 294.253 256.526 213.27
1 -0.0355434 0.214224 2.45272 2 473.997 237.038 252.798 171.802
2 -0.0558784 0.487578 2.32512 2 467.386 174.814 249.273 126.703
3 -0.0131965 0.614157 2.29086 2 479.977 144.926 255.988 105.04
4 -0.131778 0.327741 2.2629 2 443.871 207.85 236.731 150.647
5 -0.178567 0.0820668 2.29277 2 430.43 263.109 229.563 190.698
6 -0.185625 -0.141031 2.34508 2 429.543 311.632 229.089 225.867
7 -0.197904 -0.220221 2.37337 2 426.604 328.173 227.522 237.855
8 0.0736702 0.447361 2.54277 2 503.913 192.038 268.753 139.187
9 0.271197 0.46553 2.61585 2 555.429 190.931 296.229 138.384
10 0.384691 0.601763 2.48077 2 591.157 157.816 315.284 114.383
11 0.388005 0.576681 2.49398 1 591.474 163.622 315.453 118.591
12 -0.0428792 -0.0763087 2.47248 2 472.045 296.81 251.757 215.124
13 -0.144865 -0.475845 2.62252 2 445.895 373.209 237.811 270.497
14 -0.315485 -0.820219 2.818 2 406.502 429.39 216.801 311.216
15 -0.243726 -0.888717 2.78615 2 423.4 443.695 225.813 321.584
16 0.0205066 -0.0562911 2.59873 2 489.376 292.158 261.001 211.752
17 0.0478951 -0.413767 2.81202 2 495.678 355.726 264.362 257.825
18 0.0181857 -0.726718 2.96607 2 488.189 405.665 260.367 294.021
19 0.0825374 -0.784565 2.95577 2 503.247 416.141 268.398 301.613
20 -0.0511875 0.420442 2.35908 2 469.011 190.875 250.139 138.344
21 -0.183163 -0.289018 2.40067 2 431.457 342.17 230.11 248
22 -0.163378 -0.220677 2.3676 2 436.504 328.375 232.802 238.002
23 0.424185 0.616543 2.41194 2 605.625 151.081 323 109.502
24 0.384389 0.579408 2.44914 2 592.441 160.882 315.969 116.605
0
3
0.50427 -0.135367 0.840273 -0.146045
0.474551 -0.130173 0.857408 -0.150693
0.444213 -0.134323 0.864852 -0.191477
0 0 0 0
-0.149151 0.767657 -0.425033 0.455855
0.085555 0.945484 -0.0705329 0.306213
0.0825246 0.607724 0.0813593 0.785648
0.161633 0.600102 0.0892425 0.778324
0.401444 0.608851 0.631667 0.262945
-0.595691 0.18358 0.433737 0.650633
0.837036 -0.212452 0.323967 -0.386369
0.0701754 0.494072 0.235936 0.833848
-0.390942 0.597923 -0.546064 0.43757
0.147416 0.957387 -0.151665 -0.196664
0.176374 0.915536 -0.263736 -0.247244
0 0 0 0
0.36732 0.600847 0.691079 0.16269
0.0307872 0.231903 0.265713 0.935238
0.0931874 0.218187 0.210559 0.948354
0 0 0 0
0.445395 -0.127659 0.86937 -0.171821
0 0 0 0
0 0 0 0
0 0 0 0
0 0 0 0
