1000664
0 0.742427 0.133633 3.00389 2 654.603 258.609 349.122 187.436
1 0.731178 0.375368 2.86748 2 660.225 214.623 352.12 155.556
2 0.720479 0.609038 2.72274 2 667.22 167.215 355.851 121.195
3 0.704124 0.711577 2.69982 2 664.693 146.808 354.503 106.405
4 0.627335 0.518419 2.94217 2 631.302 191.611 336.694 138.877
5 0.604815 0.309938 3.06934 2 619.871 229.959 330.598 166.671
6 0.569407 0.121262 3.11453 2 609.917 261.472 325.289 189.511
7 0.549433 0.0446174 3.11823 2 605.317 273.959 322.836 198.562
8 0.81245 0.514642 2.67451 2 694.415 183.112 370.354 132.717
9 0.636 0.5131 2.51959 2 658.662 177.496 351.287 128.647
10 0.45131 0.617525 2.3724 2 615.612 148.652 328.327 107.741
11 0.348193 0.652318 2.30615 2 588.444 137.168 313.837 99.4177
12 0.697332 0.137419 3.02306 2 643.134 258.129 343.005 187.088
13 0.743848 -0.201576 3.21994 2 643.393 313.004 343.143 226.861
14 0.809959 -0.497553 3.35712 2 650.718 356.592 347.05 258.453
15 0.759721 -0.563405 3.36693 2 639.908 366.314 341.284 265.499
16 0.774035 0.127899 2.92649 2 666.679 258.994 355.562 187.715
17 0.85333 -0.262221 3.0613 2 676.68 324.789 360.896 235.403
18 1.05057 -0.491041 3.28477 2 705.499 357.408 376.266 259.045
19 1.04402 -0.55171 3.27418 2 704.874 367.116 375.933 266.081
20 0.723648 0.551834 2.76053 2 665.418 179.386 354.89 130.016
21 0.55349 -0.013282 3.13311 2 605.632 283.359 323.004 205.375
22 0.572942 0.0406135 3.124 2 610.303 274.62 325.495 199.041
23 0.338537 0.679637 2.29018 2 586.289 130.039 312.687 94.2504
24 0.393101 0.702188 2.2556 2 604.689 122.517 322.501 88.7984
0
0
-0.39379 0.0842698 0.883192 -0.240416
-0.392377 0.0838852 0.883821 -0.240551
-0.386965 0.0941584 0.875779 -0.272769
0 0 0 0
0.44251 0.720266 -0.473258 -0.247849
-0.125013 -0.581682 0.243552 0.765963
0.138188 0.521554 0.0505601 0.840434
0.120989 0.511034 -0.0452757 0.849798
-0.127436 0.682368 0.582862 -0.422381
-0.28295 0.676173 -0.645488 0.214649
0.512566 -0.545652 0.66293 -0.008017
0.471666 -0.60174 0.643483 0.037012
0.316071 0.678691 -0.662278 0.0294172
-0.147248 -0.335237 0.221268 0.903867
-0.127871 -0.121433 0.197606 0.96429
0 0 0 0
-0.296945 0.543227 0.614496 -0.489002
0.119374 0.919789 0.147156 0.343632
0.174222 0.810465 0.406415 0.384212
0 0 0 0
-0.388545 0.0911857 0.881107 -0.25371
0 0 0 0
0 0 0 0
0 0 0 0
0 0 0 0
