1484653
0 0.507621 -0.122076 2.23004 2 641.03 309.007 341.882 223.964
1 0.534002 0.204319 2.19873 2 651.694 233.984 347.57 169.589
2 0.555051 0.51918 2.1545 2 662.408 158.384 353.284 114.794
3 0.666719 0.601759 2.19901 2 694.221 141.563 370.251 102.603
4 0.502224 0.367621 2.04846 2 653.535 189.871 348.552 137.616
5 0.564434 0.122961 1.97 2 682.062 249.454 363.766 180.801
6 0.724814 -0.00727284 2.00955 2 733.849 283.056 391.386 205.155
7 0.762825 -0.03921 2.02814 2 744.642 291.071 397.142 210.964
8 0.721095 0.446299 2.44763 1 687.993 188.287 366.929 136.467
9 0.469713 0.286611 2.4107 1 618.381 220.854 329.803 160.072
10 0.627038 0.116611 2.22347 1 678.904 254.533 362.082 184.482
11 0.775026 -0.0530164 2.03411 2 748.065 294.505 398.968 213.453
12 0.462993 -0.118684 2.15795 2 631.944 309.125 337.037 224.05
13 0.571161 -0.419674 2.02759 2 679.065 386.702 362.168 280.277
14 0.418356 -0.741422 1.95148 2 632.674 475.152 337.426 344.384
15 0.479777 -0.799861 1.85393 1 663.416 501.367 353.822 363.384
16 0.534982 -0.121303 2.22642 2 649.835 308.887 346.578 223.877
17 0.508528 -0.420611 2.23802 1 641.073 376.837 341.906 273.126
18 0.580399 -0.807321 2.22642 1 664.808 466.321 354.564 337.983
19 0.667953 -0.84346 2.14573 1 699.832 481.802 373.244 349.203
20 0.550662 0.442134 2.16781 2 659.774 177.334 351.88 128.529
21 0.811526 -0.0945726 2.05981 2 757.132 304.636 403.804 220.796
22 0.779356 -0.0877018 2.01107 2 752.627 303.458 401.401 219.942
23 0.792017 -0.0970901 2.03422 2 753.896 305.561 402.078 221.466
24 0.748318 -0.0271308 1.999 2 743.4 288.132 396.48 208.834
1
1
0.368527 0.019733 0.927524 -0.0591433
0.440967 0.0149776 0.895355 -0.0605227
0.516238 -0.0201484 0.851723 -0.0875281
0 0 0 0
-0.272213 0.710462 -0.418964 0.495593
-0.179076 0.940768 0.072012 0.278749
0.275106 0.813946 0.33875 -0.38348
0.335489 0.825531 0.293652 -0.345997
0.393655 0.636417 0.592783 0.297687
0.43325 0.271002 -0.215018 0.832238
-0.289818 0.869246 0.361403 -0.172642
-0.297698 0.869515 0.35079 -0.179627
0.312385 -0.583871 0.649925 -0.372972
-0.18116 0.964079 0.177327 -0.0792944
-0.182751 0.895228 -0.157865 -0.374497
0 0 0 0
-0.0168017 0.693068 0.716738 -0.0752422
0.048088 0.394735 0.000339639 0.917536
-0.0903967 0.381285 0.0214472 0.919777
0 0 0 0
0.518189 -0.00382252 0.852123 -0.0731545
0 0 0 0
0 0 0 0
0 0 0 0
0 0 0 0
