1406830
0 1.05943 -0.19677 2.55543 2 771.519 320.512 411.477 232.303
1 1.08256 0.113633 2.55509 2 777.849 258.51 414.853 187.365
2 1.10452 0.418622 2.54813 2 784.673 197.343 418.492 143.032
3 1.12461 0.566043 2.57639 2 786.724 169.074 419.586 122.543
4 1.0362 0.256688 2.65145 1 754.958 231.811 402.644 168.014
5 1.05011 -0.0132538 2.7394 1 749.681 283.679 399.83 205.606
6 1.00515 -0.221939 2.72515 2 739.604 322.747 394.456 233.923
7 0.990077 -0.260642 2.74669 2 733.767 329.603 391.342 238.892
8 1.12562 0.272288 2.42838 2 805.508 223.974 429.604 162.333
9 0.920447 0.44799 2.30091 2 761.48 181.817 406.123 131.779
10 0.770792 0.601565 2.29169 2 717.263 147.224 382.54 106.706
11 0.740461 0.674804 2.29329 2 707.945 131.004 377.571 94.9499
12 1.0188 -0.199144 2.56921 2 758.941 320.763 404.769 232.485
13 1.01143 -0.442123 2.61671 2 752.061 367.449 401.099 266.322
14 1.15838 -0.772422 2.57758 2 795.275 433.967 424.147 314.533
15 1.08902 -0.840961 2.50202 2 785.356 452.477 418.856 327.949
16 1.07242 -0.189164 2.4754 2 784.502 320.22 418.401 232.091
17 1.02079 -0.471449 2.3639 2 783.518 383.017 417.876 277.605
18 1.0089 -0.77326 2.29196 2 788.711 453.087 420.646 328.391
19 0.946446 -0.851281 2.22841 2 777.754 475.663 414.802 344.754
20 1.09999 0.343477 2.55195 2 782.995 212.5 417.597 154.017
21 0.9799 -0.299741 2.73468 2 732.297 337.109 390.558 244.332
22 0.990394 -0.236548 2.7001 2 738.184 325.892 393.698 236.202
23 0.723241 0.741851 2.26777 2 705.212 114.211 376.113 82.7783
24 0.710477 0.661011 2.2603 2 701.999 131.935 374.4 95.6249
0
0
-0.502464 0.0324089 0.863798 0.0182246
-0.504253 0.0323711 0.862755 0.0182918
-0.506701 0.0387597 0.861225 -0.00657694
0 0 0 0
0.209783 0.775226 -0.400067 -0.441544
-0.0940337 -0.453866 0.127776 0.876833
-0.0243689 0.99021 -0.108188 0.0847661
0.251605 0.953652 -0.151919 0.0645287
-0.370495 0.740117 0.342166 -0.44484
0.622674 -0.443028 0.637493 0.0980105
-0.44939 -0.3179 0.809823 -0.202914
-0.509277 -0.172014 0.838149 -0.092486
0.104518 0.715374 -0.679303 -0.125951
0.0114751 -0.0357323 0.096828 0.994593
-0.178951 -0.307866 -0.117468 0.927037
0 0 0 0
-0.498104 0.52744 0.546436 -0.41846
-0.153471 0.939598 -0.134156 0.274964
-0.104842 0.943535 -0.0546764 0.309453
0 0 0 0
-0.50643 0.0360843 0.861423 0.0132983
0 0 0 0
0 0 0 0
0 0 0 0
0 0 0 0
