1541575
0 0.601206 -0.106956 2.24647 2 668.865 305.417 356.728 221.362
1 0.62043 0.212115 2.22794 2 676.511 232.769 360.806 168.708
2 0.632888 0.516217 2.19887 2 683.421 161.493 364.491 117.048
3 0.722532 0.618912 2.21948 2 709.776 138.873 378.547 100.653
4 0.568915 0.354877 2.09093 2 672.252 194.782 358.534 141.175
5 0.551061 0.121247 2.02541 2 671.984 250.768 358.391 181.753
6 0.7215 -0.0265584 1.99675 2 734.306 287.992 391.63 208.733
7 0.758244 -0.0752813 2.00709 2 745.812 300.341 397.766 217.683
8 0.798518 0.443493 2.49202 1 705.992 190.468 376.529 138.049
9 0.560545 0.308243 2.35941 1 648.103 214.79 345.655 155.677
10 0.613534 0.0503745 2.22136 1 674.824 269.679 359.906 195.46
11 0.547106 0.0193303 2.1195 2 662.224 276.576 353.186 200.458
12 0.555275 -0.104103 2.18185 2 659.719 305.458 351.85 221.392
13 0.64182 -0.409566 2.02035 2 704.137 384.601 375.54 278.753
14 0.448141 -0.717806 1.95512 2 642.962 468.621 342.913 339.65
15 0.495712 -0.783802 1.85263 1 669.515 497.108 357.075 360.297
16 0.627234 -0.107047 2.2367 2 677.796 305.554 361.491 221.461
17 0.60706 -0.424895 2.24634 2 671.029 377.56 357.882 273.65
18 0.645063 -0.810793 2.2291 2 684.716 466.894 365.182 338.398
19 0.729496 -0.848089 2.14486 1 719.708 482.89 383.845 349.992
20 0.630539 0.442044 2.20793 2 681.751 179.174 363.6 129.863
21 0.818794 -0.112169 2.00557 2 767.102 309.753 409.121 224.505
22 0.70578 -0.146031 1.99654 2 728.874 318.5 388.733 230.844
23 0.554055 0.00273915 2.09537 2 666.605 280.546 355.523 203.336
24 0.518928 0.056672 2.1254 2 652.5 267.666 348 194.001
0
1
0.318602 0.0192418 0.946969 -0.0370355
0.403318 0.0157975 0.914107 -0.0386304
0.494375 -0.0164017 0.866983 -0.0605413
0 0 0 0
-0.241371 0.749702 -0.40812 0.461654
-0.134886 0.989599 -0.0409837 0.0286533
-0.264521 -0.598748 -0.324128 0.682986
-0.286167 -0.661234 -0.156536 0.675555
0.386609 0.63229 0.59391 0.31307
0.450323 0.0319704 -0.273621 0.849305
0.045584 -0.500567 -0.253327 0.826548
0.576104 -0.473001 -0.210785 0.632411
0.303192 -0.603179 0.652727 -0.343797
-0.217059 0.955728 0.155261 -0.123951
-0.19681 0.872033 -0.211047 -0.395326
0 0 0 0
-0.114368 0.694654 0.696623 -0.138177
0.0351026 0.444109 -0.000516384 0.895285
-0.0538144 0.388138 -0.00143646 0.920027
0 0 0 0
0.495515 -0.00248548 0.867241 -0.0485017
0 0 0 0
0 0 0 0
0 0 0 0
0 0 0 0
