1459911
0 1.22996 -0.207863 2.95189 2 772.972 317.152 412.252 229.868
1 1.24542 0.101236 2.97539 2 774.284 263.845 412.951 191.231
2 1.24945 0.400442 2.98304 2 774.525 212.684 413.08 154.151
3 1.22956 0.510973 3.00212 2 768.089 194.323 409.647 140.843
4 1.13309 0.23505 3.11218 2 736.271 242.696 392.678 175.903
5 1.124 -0.0152938 3.15963 2 730.389 283.678 389.541 205.606
6 1.06407 -0.220082 3.14202 2 718.496 316.906 383.198 229.69
7 1.02652 -0.289339 3.12321 2 711.553 328.416 379.495 238.032
8 1.28156 0.333947 2.85595 2 795.266 221.518 424.142 160.553
9 1.16362 0.319281 2.66087 2 787.344 219.955 419.917 159.42
10 0.949795 0.333825 2.51529 2 745.796 213.491 397.758 154.736
11 0.86012 0.364765 2.45706 2 726.599 205.491 387.52 148.937
12 1.18433 -0.219185 2.969 2 760.583 318.883 405.644 231.122
13 1.21099 -0.537034 2.97217 2 766.619 373.45 408.864 270.672
14 1.28573 -0.835566 2.99446 2 781.649 423.57 416.88 306.998
15 1.23535 -0.937138 2.9283 2 776.307 444.405 414.03 322.099
16 1.24798 -0.193684 2.86401 2 786.248 315.733 419.332 228.839
17 1.27174 -0.435886 2.73683 2 806.254 362.497 430.002 262.733
18 1.35299 -0.711261 2.80035 1 818.578 410.653 436.575 297.636
19 1.31906 -0.810413 2.82373 1 807.454 427.462 430.642 309.819
20 1.24964 0.326113 2.98371 2 774.491 225.419 413.062 163.381
21 1.01089 -0.341595 3.10129 2 709.689 337.34 378.501 244.499
22 1.03258 -0.273787 3.08743 2 715.58 326.403 381.643 236.572
23 0.798533 0.411536 2.42135 2 712.5 194.54 380 141
24 0.872679 0.32238 2.43589 2 732.291 213.705 390.555 154.891
0
0
-0.493439 0.00295448 0.868597 0.0452566
-0.49754 0.00274049 0.866255 0.0452701
-0.501989 0.00114736 0.864862 -0.00452618
0 0 0 0
0.185734 0.764271 -0.482792 -0.385103
-0.020504 -0.393558 0.0929476 0.914359
-0.00706067 0.961194 -0.147304 0.233146
-0.0592684 0.934969 -0.262597 0.231005
-0.428817 0.526338 0.588053 -0.439633
-0.628403 0.72255 -0.270202 -0.100107
-0.207881 -0.433524 0.696314 -0.532906
-0.241031 -0.381823 0.76216 -0.463926
0.0850758 0.76392 -0.616133 -0.171954
-0.0416386 -0.266919 -0.00637366 0.962798
-0.126755 -0.379526 -0.0130751 0.916364
0 0 0 0
-0.498248 0.515524 0.574288 -0.395192
-0.218873 0.782222 -0.105211 0.573719
0.102365 0.982683 0.145872 0.0507585
0 0 0 0
-0.502257 -0.00118604 0.86447 0.0206962
0 0 0 0
0 0 0 0
0 0 0 0
0 0 0 0
