1467683
0 1.2769 -0.186569 2.95557 2 783.664 313.434 417.954 227.173
1 1.28228 0.10162 2.97959 2 782.489 263.802 417.327 191.2
2 1.28014 0.392834 2.99155 2 780.826 214.175 416.441 155.231
3 1.2746 0.506996 2.99796 2 778.913 194.878 415.42 141.245
4 1.17099 0.246869 3.0789 2 747.625 240.307 398.733 174.171
5 1.14354 0.00437365 3.11277 2 738.524 280.494 393.88 203.298
6 1.08791 -0.210378 3.03554 2 732.288 316.547 390.553 229.429
7 1.06394 -0.263316 3.00245 2 729.49 325.927 389.062 236.227
8 1.34648 0.295908 2.87369 2 808.987 228.649 431.46 165.722
9 1.29886 0.368408 2.58443 1 832.308 208.504 443.898 151.121
10 1.17452 0.322256 2.40551 1 822.523 212.855 438.679 154.274
11 1.09474 0.329268 2.36516 1 805.025 210.151 429.346 152.314
12 1.22164 -0.199295 2.95654 2 770.551 315.615 410.96 228.753
13 1.23694 -0.541287 2.95134 2 774.719 374.839 413.184 271.678
14 1.29988 -0.836282 2.95368 2 788.992 425.618 420.796 308.482
15 1.23577 -0.935881 2.90147 2 779.064 445.667 415.501 323.013
16 1.30365 -0.169673 2.88856 2 797.061 311.197 425.099 225.552
17 1.31177 -0.430276 2.70281 2 820.461 362.432 437.579 262.686
18 1.40628 -0.772223 2.76625 1 835.443 423.237 445.57 306.757
19 1.33689 -0.842839 2.69139 1 827.24 440.465 441.195 319.243
20 1.27938 0.315292 2.99011 2 780.783 227.383 416.418 164.804
21 1.03765 -0.32412 2.98088 2 725.155 336.65 386.75 243.999
22 1.0645 -0.255789 2.95811 2 733.332 325.305 391.111 235.777
23 1.07009 0.331303 2.35356 1 799.362 209.354 426.326 151.737
24 1.10044 0.326077 2.32192 1 812.661 209.539 433.419 151.871
0
0
-0.343249 -0.00554396 0.938278 0.0422339
-0.376382 -0.0070416 0.925485 0.0420101
-0.410956 0.00067799 0.911595 0.0104288
0 0 0 0
0.16048 0.78813 -0.504816 -0.313461
0.00368984 -0.594493 0.0887335 0.799182
-0.151851 0.970878 -0.140806 0.12046
-0.237496 0.940019 -0.2186 0.110338
-0.352634 0.670783 0.551604 -0.348471
0.750648 -0.549568 -0.237835 0.279172
-0.343062 0.719407 -0.527919 0.293366
0.177328 -0.661889 0.712499 -0.151009
-0.0208266 0.7814 -0.622406 -0.0398905
-0.017072 -0.421825 -0.016311 0.90637
-0.101831 -0.277323 -0.0255196 0.955024
0 0 0 0
-0.45227 0.52114 0.639897 -0.338226
-0.255713 0.775299 -0.166084 0.553117
0.031184 0.911105 0.156916 0.379858
0 0 0 0
-0.410858 -0.0162891 0.911342 0.0196443
0 0 0 0
0 0 0 0
0 0 0 0
0 0 0 0
