1442270
0 1.01102 -0.207404 2.68545 2 744.936 320.607 397.299 232.371
1 0.99283 0.0725187 2.69629 2 739.123 267.496 394.199 193.877
2 0.971213 0.344999 2.69527 2 733.736 215.92 391.326 156.496
3 0.989026 0.503284 2.72316 2 735.828 186.898 392.441 135.461
4 0.927268 0.238751 2.80079 2 713.217 237.774 380.382 172.335
5 0.93388 -0.0155822 2.87261 1 708.968 283.973 378.116 205.82
6 0.913805 -0.226978 2.87607 1 703.881 321.408 375.403 232.952
7 0.851148 -0.282732 2.85416 2 690.291 331.645 368.155 240.372
8 1.03555 0.277391 2.56572 2 763.897 226.031 407.412 163.824
9 0.822125 0.43337 2.46176 2 715.424 191.427 381.56 138.743
10 0.648413 0.559246 2.44307 2 667.79 164.539 356.155 119.256
11 0.640887 0.556734 2.43004 2 666.625 164.444 355.533 119.187
12 0.970244 -0.21847 2.70567 2 732.445 322.383 390.637 233.659
13 1.00356 -0.531627 2.73652 2 738.308 380.359 393.764 275.679
14 1.10503 -0.824906 2.7786 2 759.773 432.72 405.212 313.63
15 1.07019 -0.900901 2.73063 2 755.684 449.532 403.031 325.814
16 1.02655 -0.190996 2.59741 2 758.016 318.732 404.275 231.013
17 1.03351 -0.460429 2.455 2 776.015 376.954 413.875 273.211
18 1.04234 -0.782926 2.36216 2 789.493 450.085 421.063 326.215
19 0.993423 -0.854349 2.2804 2 785.25 471.879 418.8 342.012
20 0.977306 0.277843 2.69765 2 735.05 228.683 392.027 165.746
21 0.840641 -0.315841 2.85324 2 687.812 337.571 366.833 244.667
22 0.848373 -0.313361 2.84275 2 690.469 337.34 368.25 244.5
23 0.613378 0.624617 2.40399 2 660.747 148.736 352.398 107.802
24 0.589267 0.504293 2.39047 2 654.568 173.77 349.103 125.946
0
0
-0.512116 -0.0377444 0.858086 -3.09461e-005
-0.520486 -0.0377423 0.853035 -0.00040019
-0.527138 -0.0291063 0.848393 -0.0388198
0 0 0 0
0.326528 0.704387 -0.481671 -0.406463
-0.0841932 -0.531076 0.108995 0.836056
0.0473373 0.332433 -0.00805111 0.941904
0.298871 0.392845 -0.298487 0.816856
-0.361873 0.577667 0.606204 -0.409713
0.683063 -0.430534 0.554967 0.200192
0.787647 0.167911 -0.414593 0.42371
0.163784 0.201925 -0.625171 0.73591
0.14013 0.765247 -0.601857 -0.180358
-0.0633138 -0.249156 0.0341404 0.965788
-0.178234 -0.378407 -0.000282026 0.908317
0 0 0 0
-0.47458 0.476827 0.604183 -0.427051
-0.235418 0.936942 -0.0514217 0.253128
-0.132556 0.900571 -0.0459534 0.411447
0 0 0 0
-0.528398 -0.0337578 0.848152 -0.0171527
0 0 0 0
0 0 0 0
0 0 0 0
0 0 0 0
