1524552
0 0.565225 -0.115194 2.09545 2 670.35 309.164 357.52 224.077
1 0.548929 0.205662 2.10539 2 664.14 231.535 354.208 167.814
2 0.529093 0.514363 2.10192 2 658.31 156.485 351.099 113.418
3 0.601912 0.626728 2.11779 2 681.068 130.187 363.236 94.3576
4 0.477468 0.352058 1.97944 2 650.774 190.7 347.08 138.217
5 0.534352 0.119949 1.92445 2 675.886 249.508 360.473 180.84
6 0.713931 0.0112079 1.94723 2 738.012 278.276 393.606 201.691
7 0.760351 -0.0197677 1.96179 2 752.648 286.351 401.412 207.543
8 0.695261 0.441365 2.39507 1 684.986 187.304 365.326 135.755
9 0.457568 0.305923 2.26234 1 623.564 212.527 332.568 154.037
10 0.627221 0.0693092 2.23877 1 677.596 265.465 361.384 192.406
11 0.68458 -0.00899667 2.23497 1 695.835 283.26 371.112 205.303
12 0.52289 -0.100381 2.01317 2 663.37 306.555 353.798 222.187
13 0.496876 -0.413318 1.98779 2 656.965 387.11 350.381 280.572
14 0.324032 -0.750089 1.92382 1 600.789 480.221 320.421 348.058
15 0.323427 -0.835546 1.90216 2 601.913 505.446 321.02 366.34
16 0.587193 -0.125904 2.10248 2 677.014 311.671 361.074 225.895
17 0.45187 -0.48041 1.97032 1 642.735 405.427 342.792 293.848
18 0.632824 -0.692726 2.22913 2 680.866 439.822 363.129 318.777
19 0.629651 -0.816355 2.20832 2 681.762 469.926 363.607 340.596
20 0.534643 0.438845 2.10511 2 659.759 175.026 351.871 126.857
21 0.814355 -0.0633389 1.98834 2 768.002 297.467 409.601 215.6
22 0.764448 -0.0627642 1.94133 2 756.981 297.706 403.723 215.773
23 0.690835 -0.0114173 2.22274 1 698.978 283.826 372.788 205.713
24 0.689752 -0.00414509 2.21515 1 699.38 282.163 373.003 204.508
3
1
0.455601 -0.0155176 0.889688 0.0253389
0.476025 -0.0149284 0.87893 0.0256904
0.497722 -0.0422682 0.866306 -5.48957e-006
0 0 0 0
-0.285572 0.762928 -0.390339 0.428981
-0.131413 0.973143 0.0973052 0.162033
0.329323 0.715205 0.366158 -0.49594
0.367276 0.740597 0.310755 -0.469102
0.331303 0.589486 0.627726 0.385623
0.47739 -0.0625137 -0.222225 0.847825
-0.271218 0.562699 0.146362 0.767065
-0.263842 0.556709 0.165329 0.770149
0.413131 -0.56251 0.639028 -0.32334
-0.0510679 0.950304 -0.0270067 -0.305918
-0.144641 0.934009 -0.201161 -0.257371
0 0 0 0
0.0752247 0.83086 0.532696 0.142295
-0.0737522 0.867233 -0.231145 0.434787
0.199904 0.765296 0.425521 0.439649
0 0 0 0
0.497721 -0.0268271 0.866797 0.0147102
0 0 0 0
0 0 0 0
0 0 0 0
0 0 0 0
