1446267
0 1.016 -0.187976 2.58855 2 756.115 318.263 403.261 230.673
1 1.01841 0.127372 2.59207 2 756.374 256.139 403.399 185.646
2 1.01647 0.434555 2.58402 2 756.824 195.371 403.64 141.602
3 1.02106 0.570327 2.61641 2 754.695 169.932 402.504 123.165
4 0.94612 0.251551 2.68692 2 727.938 233.477 388.233 169.221
5 0.947291 0.0613261 2.79535 1 718.609 270.032 383.258 195.716
6 0.859926 -0.133912 2.79893 2 696.51 305.567 371.472 221.471
7 0.872802 -0.130876 2.79737 2 699.844 305.032 373.25 221.083
8 1.04773 0.292427 2.47906 2 777.148 220.996 414.479 160.175
9 0.8369 0.491254 2.42312 2 723.449 177.765 385.84 128.841
10 0.677301 0.631297 2.44039 2 676.327 149.27 360.708 108.189
11 0.684086 0.632948 2.45916 2 676.77 149.936 360.944 108.671
12 0.972651 -0.195376 2.6032 2 742.946 319.492 396.238 231.563
13 0.976839 -0.509098 2.64965 2 739.654 379.271 394.482 274.891
14 1.10354 -0.832959 2.73786 2 763.455 436.451 407.176 316.334
15 1.05174 -0.903495 2.69611 2 754.407 452.17 402.35 327.726
16 1.03375 -0.176421 2.50839 2 769.798 317.107 410.559 229.835
17 1.00637 -0.469949 2.38783 2 776.343 381.681 414.049 276.637
18 1.02422 -0.785054 2.34534 2 786.355 451.77 419.389 327.436
19 0.978617 -0.86238 2.27223 2 781.836 474.37 416.979 343.817
20 1.0178 0.358861 2.58811 2 756.715 210.444 403.581 152.527
21 0.855305 -0.14369 2.76416 2 698.046 307.677 372.291 223
22 0.847754 -0.112247 2.72577 1 699.144 302.176 372.877 219.013
23 0.67174 0.644894 2.43731 2 675 146.25 360 106
24 0.675158 0.641875 2.426 2 676.875 146.25 361 106
0
0
-0.476469 0.00069369 0.879165 0.00673608
-0.475251 0.000703019 0.879824 0.00673512
-0.473447 0.00510554 0.880365 -0.027924
0 0 0 0
0.191358 0.816243 -0.365045 -0.40481
-0.103825 -0.38223 0.234173 0.887854
0.207138 0.16925 -0.027703 0.963162
0.756362 0.0889259 0.204631 -0.614927
-0.347652 0.74987 0.35479 -0.436986
0.71248 -0.325569 0.573758 0.239122
0.903793 -0.00499835 0.108865 0.413863
-0.327492 -0.0773422 0.658766 0.6729
0.101716 0.750686 -0.640173 -0.127683
-0.0274554 -0.286768 0.0684254 0.955159
-0.212099 -0.316031 0.0605785 0.922751
0 0 0 0
-0.473391 0.512165 0.587866 -0.40988
-0.170665 0.933975 -0.100374 0.297471
-0.0724624 0.899532 -0.00354484 0.430789
0 0 0 0
-0.473839 0.00289268 0.880569 -0.00815746
0 0 0 0
0 0 0 0
0 0 0 0
0 0 0 0
