1536928
0 0.354515 -0.0950244 2.09249 2 600.644 304.226 320.343 220.499
1 0.386331 0.229913 2.07885 2 612.116 225.087 326.462 163.14
2 0.414684 0.542168 2.05184 2 623.871 146.604 332.731 106.256
3 0.465458 0.666292 2.0712 2 639.764 117.091 341.208 84.8657
4 0.376642 0.382376 1.91516 2 619.876 179.672 330.601 130.224
5 0.458873 0.165189 1.83274 2 656.915 235.395 350.354 170.611
6 0.626785 0.0258292 1.89247 2 713.235 274.258 380.392 198.779
7 0.668271 -0.00928405 1.91991 2 725.031 283.675 386.683 205.604
8 0.58156 0.468843 2.34505 1 655.567 179.407 349.636 130.031
9 0.344333 0.333062 2.21212 1 591.303 204.805 315.362 148.44
10 0.504217 0.14264 2.04821 1 653.953 245.823 348.775 178.169
11 0.667259 -0.00492996 1.9199 1 724.664 282.519 386.487 204.766
12 0.318275 -0.0916286 2.01319 2 592.808 304.27 316.164 220.531
13 0.406104 -0.40871 1.93061 2 629.424 388.939 335.693 281.898
14 0.315226 -0.767108 1.92269 2 597.687 484.868 318.767 351.426
15 0.393252 -0.823677 1.84435 1 631.836 509.131 336.979 369.011
16 0.377767 -0.0949203 2.09536 2 608.167 304.177 324.356 220.463
17 0.352185 -0.469189 2.14485 1 597.414 392.435 318.621 284.431
18 0.475413 -0.777633 2.1736 2 635.663 463.809 339.02 336.162
19 0.571722 -0.807075 2.10253 1 672.597 477.164 358.718 345.842
20 0.408155 0.465856 2.0609 2 620.925 166.175 331.16 120.441
21 0.703163 -0.0536119 1.93012 2 736.39 295.373 392.741 214.082
22 0.677291 -0.0662054 1.90812 2 729.851 298.898 389.254 216.637
23 0.706673 -0.022694 1.91352 2 739.876 287.258 394.601 208.201
24 0.631183 0.0106743 1.88648 2 715.598 278.328 381.652 201.728
1
1
0.453109 0.0339541 0.889875 -0.0407556
0.498283 0.0318128 0.86539 -0.0424482
0.544749 0.00336968 0.83545 -0.0725286
0 0 0 0
-0.326493 0.683623 -0.386196 0.526226
-0.224668 0.89789 0.0940677 0.366701
0.36367 0.722458 0.244434 -0.534838
0.423928 0.739013 0.178687 -0.492154
0.395813 0.639324 0.589762 0.29458
0.40994 0.1408 -0.329524 0.838772
-0.159017 0.828899 0.39371 -0.364187
-0.124461 0.821356 0.441256 -0.339378
0.35674 -0.56243 0.626255 -0.405233
-0.0866889 0.951947 0.15851 -0.2473
-0.0532239 0.930178 -0.112324 -0.345426
0 0 0 0
0.0621513 0.705112 0.705945 0.0244114
0.0526771 0.311407 0.051713 0.947405
-0.158952 0.361232 0.11022 0.912193
0 0 0 0
0.546419 0.0177955 0.835392 -0.0568331
0 0 0 0
0 0 0 0
0 0 0 0
0 0 0 0
