651407
0 -0.197949 -0.104135 2.45636 2 428.567 302.652 228.569 219.358
1 -0.246089 0.167305 2.35208 2 411.991 245.209 219.729 177.724
2 -0.290774 0.431426 2.23593 2 394.224 183.241 210.253 132.811
3 -0.256384 0.550713 2.21859 2 404.106 154.999 215.523 112.341
4 -0.338819 0.294832 2.18746 2 377.177 212.838 201.161 154.262
5 -0.315129 0.0673082 2.1662 2 383.838 265.475 204.714 192.413
6 -0.243852 -0.144628 2.21725 2 408.307 314.227 217.764 227.747
7 -0.200902 -0.240609 2.2468 2 422.433 335.43 225.298 243.115
8 -0.179156 0.31308 2.3627 1 431.766 214.098 230.275 155.175
9 -0.131808 0.135712 2.59003 1 448.988 254.717 239.46 184.615
10 -0.0949163 -0.0601974 2.72785 1 460.056 292.365 245.363 211.902
11 -0.0658647 -0.107668 2.76685 1 467.605 300.88 249.389 218.074
12 -0.230784 -0.108576 2.38794 2 417.509 304.214 222.672 220.49
13 -0.254448 -0.513923 2.62294 2 417.052 380.647 222.428 275.888
14 -0.264546 -0.851278 2.8212 2 419.073 434.847 223.506 315.171
15 -0.161062 -0.893249 2.76947 2 443.701 445.493 236.641 322.887
16 -0.158623 -0.0999634 2.45702 2 439.594 301.783 234.45 218.728
17 -0.25251 -0.478964 2.59976 2 416.992 374.678 222.396 271.561
18 -0.209278 -0.785669 2.89368 2 433.971 419.296 231.451 303.9
19 -0.132013 -0.821484 2.93655 2 452.884 423.494 241.538 306.943
20 -0.280118 0.366529 2.26704 2 398.781 199.2 212.683 144.377
21 -0.149236 -0.295617 2.25499 2 438.413 347.597 233.82 251.933
22 -0.153248 -0.26491 2.23631 2 436.809 341.183 232.965 247.284
23 -0.0640813 -0.119209 2.75557 1 467.982 303.078 249.59 219.667
24 -0.067007 -0.101923 2.74632 1 467.197 299.97 249.172 217.414
0
0
0.35081 -0.142421 0.915099 -0.138718
0.354892 -0.143039 0.913523 -0.138081
0.360101 -0.151326 0.903514 -0.176326
0 0 0 0
-0.209632 0.799852 -0.403186 0.392087
-0.0650233 0.884284 0.0243518 0.461759
0.00306118 0.806317 0.194833 0.558465
-0.00106517 0.796084 0.246233 0.552828
0.252119 0.788147 0.507027 0.241211
0.259395 0.661725 0.359464 0.604665
-0.0631199 0.053414 0.303044 0.949383
-0.197292 0.0986018 0.33439 0.916262
-0.374561 0.621738 -0.574887 0.377692
0.230041 0.89296 -0.122769 -0.366922
0.24861 0.927424 -0.0852426 -0.266105
0 0 0 0
0.138971 0.659015 0.730359 -0.113845
0.192673 0.534188 0.0839519 0.818824
-0.0630736 -0.0211501 0.369976 0.926657
0 0 0 0
0.359885 -0.146976 0.908168 -0.155281
0 0 0 0
0 0 0 0
0 0 0 0
0 0 0 0
