629474
0 1.13075 0.202581 3.36216 2 716.847 250.508 382.318 181.565
1 1.09232 0.489524 3.22092 2 718.98 203.707 383.456 147.644
2 1.0536 0.770408 3.0697 2 722.035 153.109 385.085 110.971
3 0.990322 0.880675 3.04285 2 709.731 133.469 378.523 96.7368
4 0.924435 0.703816 3.24069 2 681.58 170.495 363.51 123.572
5 0.94472 0.527099 3.41051 2 675.633 202.516 360.337 146.781
6 0.944111 0.324912 3.55685 2 667.408 234.753 355.951 170.146
7 0.959034 0.271962 3.56063 1 670.106 242.367 357.39 175.664
8 1.17996 0.6596 3.03688 2 753.507 170.333 401.87 123.455
9 1.26516 0.438704 3.12067 2 765.181 209.453 408.096 151.809
10 1.28479 0.212206 3.17117 2 764.936 247.061 407.966 179.066
11 1.2743 0.169697 3.19376 2 760.638 254.098 405.673 184.167
12 1.07179 0.203846 3.34601 2 705.667 250.182 376.355 181.328
13 1.05891 -0.0385745 3.53119 2 691.344 286.77 368.717 207.847
14 1.18212 -0.35391 3.67771 2 706.498 330.237 376.799 239.351
15 1.13598 -0.3718 3.7273 2 694.871 332.007 370.598 240.634
16 1.16812 0.196317 3.31424 2 728.125 251.015 388.334 181.932
17 1.19849 -0.10936 3.32765 2 733.492 297.966 391.196 215.962
18 1.27994 -0.366035 3.51874 2 736.077 334.266 392.574 242.272
19 1.23285 -0.434297 3.5518 2 724.485 343.56 386.392 249.008
20 1.06385 0.701247 3.10946 2 721.233 166.122 384.658 120.403
21 0.963155 0.23198 3.58959 2 669.372 248.349 356.999 180
22 0.9245 0.301949 3.553 2 663.75 238 354 172.499
23 1.28687 0.0994804 3.2224 2 760.874 265.459 405.799 192.401
24 1.30471 0.182227 3.1774 2 768.75 251.941 410 182.603
1
1
-0.167524 -0.0215831 0.957774 -0.232676
-0.244512 -0.00267572 0.941068 -0.23366
-0.320389 0.0228152 0.909546 -0.263737
0 0 0 0
0.40361 0.694219 -0.58635 -0.106545
-0.216344 -0.441042 0.306433 0.815338
-0.0987538 -0.308605 0.291919 0.899886
-0.140782 -0.29533 -0.00774699 0.944934
-0.0266028 0.699606 0.594806 -0.39503
0.129321 0.945625 0.208566 0.213472
0.0520475 0.733613 0.104941 0.669395
0.247463 0.694238 0.0857256 0.670408
-0.0522006 -0.659579 0.712474 -0.233692
-0.174554 -0.568992 0.269344 0.757121
-0.0964749 0.31482 0.251582 0.910103
0 0 0 0
-0.173974 0.592928 0.646887 -0.446886
-0.0115527 0.806201 0.0528248 0.589165
0.297346 0.940516 0.151375 0.0640354
0 0 0 0
-0.322006 0.0217969 0.914138 -0.245333
0 0 0 0
0 0 0 0
0 0 0 0
0 0 0 0
