637263
0 1.242 0.244676 3.29481 2 745.264 243.331 397.474 176.363
1 1.23481 0.500954 3.15845 2 755.132 200.257 402.737 145.143
2 1.22422 0.750995 3.01246 2 765.868 153.954 408.463 111.584
3 1.20188 0.865475 2.95059 2 766.433 131.531 408.764 95.3316
4 1.08617 0.728935 3.08872 2 727.879 160.754 388.202 116.512
5 1.07346 0.539537 3.24944 2 712.883 196.542 380.205 142.451
6 1.04869 0.321941 3.37416 2 699.072 232.616 372.839 168.597
7 1.04844 0.21892 3.45946 1 693.615 248.997 369.928 180.469
8 1.35133 0.639451 2.99163 2 797.213 172.133 425.18 124.76
9 1.41949 0.415384 3.08327 2 803.32 212.442 428.437 153.975
10 1.43869 0.213817 3.13004 2 802.832 246.338 428.177 178.543
11 1.43415 0.133321 3.15315 2 799.499 259.626 426.4 188.173
12 1.17705 0.246609 3.28087 2 732.552 242.884 390.694 176.039
13 1.14337 -0.0337049 3.43936 2 714.099 286.203 380.853 207.436
14 1.18256 -0.339555 3.6823 2 706.293 328.188 376.689 237.866
15 1.11426 -0.379883 3.73047 2 690.63 333.059 368.336 241.397
16 1.28264 0.237836 3.24367 2 758.161 243.797 404.353 176.701
17 1.35469 -0.0651012 3.36267 2 763.32 291.09 407.104 210.978
18 1.39199 -0.340518 3.57008 2 754.328 329.88 402.308 239.092
19 1.34337 -0.416878 3.48042 2 751.617 342.331 400.862 248.117
20 1.2277 0.689388 3.05072 2 763.146 165.85 407.011 120.206
21 1.04647 0.195926 3.48259 2 691.807 252.575 368.964 183.063
22 1.02541 0.226166 3.4455 2 689.809 247.801 367.898 179.603
23 1.44591 0.0652707 3.19133 2 798.281 270.77 425.75 196.25
24 1.45344 0.130771 3.1433 2 804.743 259.973 429.196 188.425
1
3
-0.165027 0.0285882 0.956051 -0.240654
-0.192805 0.0355858 0.950839 -0.23972
-0.221307 0.0388048 0.935566 -0.27246
0 0 0 0
-0.302633 -0.603019 0.73395 -0.0780929
-0.191029 -0.579158 0.2877 0.738453
-0.0720208 -0.441604 0.251234 0.858301
-0.148887 -0.415818 0.304479 0.843931
0.004884 0.736142 0.573378 -0.359596
0.130578 0.917381 0.193605 0.322302
0.0277632 0.575041 0.119391 0.80889
0.102578 0.570364 0.0979781 0.809051
-0.0943628 -0.656051 0.711085 -0.234628
-0.105833 -0.569161 0.236471 0.780344
-0.0192689 0.0959428 0.331757 0.938276
0 0 0 0
-0.185191 0.605202 0.643145 -0.431045
0.0898342 0.810534 0.193773 0.545358
0.235265 0.797649 0.218068 0.510738
0 0 0 0
-0.220819 0.0421797 0.940783 -0.253746
0 0 0 0
0 0 0 0
0 0 0 0
0 0 0 0
