636373
0 1.21 0.246401 3.30359 2 737.798 243.174 393.492 176.249
1 1.20313 0.503544 3.16286 2 747.775 199.961 398.813 144.929
2 1.19176 0.75447 3.01151 2 758.494 153.319 404.53 111.123
3 1.16287 0.87305 2.95539 2 756.866 130.441 403.662 94.5421
4 1.07416 0.731259 3.08913 2 725.143 160.39 386.743 116.248
5 1.04029 0.518005 3.21964 2 707.815 199.186 377.502 144.368
6 0.978498 0.288935 3.29438 2 689.435 236.563 367.699 171.458
7 0.975061 0.214961 3.30471 2 688.024 248.106 366.946 179.824
8 1.31553 0.639995 2.99485 2 788.64 172.139 420.608 124.764
9 1.37445 0.410094 3.08175 2 793.366 213.278 423.129 154.581
10 1.36719 0.198002 3.11672 2 788.276 248.78 420.414 180.312
11 1.35485 0.150642 3.13537 2 783.719 256.685 417.983 186.042
12 1.14888 0.248751 3.28853 2 725.983 242.65 387.191 175.87
13 1.14442 -0.025305 3.4538 2 713.34 284.943 380.448 206.523
14 1.18991 -0.361101 3.65586 2 709.332 331.539 378.31 240.295
15 1.14027 -0.43715 3.56727 2 705.307 343.655 376.164 249.077
16 1.24769 0.239324 3.25325 2 749.848 243.681 399.919 176.617
17 1.32162 -0.0549591 3.35955 2 756.708 289.557 403.578 209.867
18 1.38045 -0.341227 3.56718 2 752.29 330.018 401.221 239.193
19 1.32907 -0.417433 3.47919 2 748.844 342.43 399.383 248.189
20 1.19544 0.692747 3.05132 2 755.757 165.31 403.07 119.815
21 0.971249 0.155861 3.33841 2 685.124 257.456 365.4 186.6
22 0.957738 0.182731 3.31975 2 683.435 253.205 364.499 183.519
23 1.35647 0.0731385 3.15845 2 781.874 269.391 417 195.251
24 1.36773 0.151915 3.10536 2 789.51 256.238 421.072 185.717
1
0
-0.168557 0.0311829 0.953979 -0.246051
-0.201305 0.0396366 0.947609 -0.244831
-0.234944 0.0438369 0.929767 -0.280025
0 0 0 0
-0.323441 -0.592021 0.735151 -0.0667154
-0.0836693 -0.5098 0.265294 0.814078
0.0986857 -0.167378 0.172697 0.96562
0.0105103 -0.175359 0.0722228 0.981796
0.0114702 0.741469 0.561402 -0.367315
0.13267 0.933235 0.166067 0.289642
0.0823851 0.934484 0.0124619 0.346116
0.213842 0.909375 -0.0464285 0.353771
-0.0871868 -0.648585 0.714878 -0.246345
-0.148916 -0.556532 0.222934 0.786382
-0.19192 -0.510068 0.193916 0.815717
0 0 0 0
-0.194567 0.601626 0.637362 -0.440409
0.0754274 0.814364 0.19145 0.542649
0.21589 0.8101 0.232648 0.492955
0 0 0 0
-0.234746 0.0464417 0.935604 -0.259582
0 0 0 0
0 0 0 0
0 0 0 0
0 0 0 0
