653304
0 1.30731 0.347063 3.59901 2 735.711 232.03 392.379 168.172
1 1.29966 0.65809 3.48408 2 742.687 184.808 396.1 133.946
2 1.28407 0.955962 3.34989 2 749.862 135.541 399.927 98.2383
3 1.40225 1.01724 3.35865 2 773.398 126.704 412.479 91.8333
4 1.22465 0.810091 3.29411 2 741.871 155.669 395.664 112.827
5 1.27864 0.56359 3.34113 2 749.394 195.118 399.677 141.419
6 1.35518 0.341007 3.4333 2 757.689 230.526 404.101 167.082
7 1.35766 0.295851 3.47549 2 754.829 237.776 402.576 172.337
8 1.40629 0.871908 3.45023 1 766.699 152.215 408.906 110.323
9 1.27702 0.653751 3.41964 1 742.976 183.637 396.254 133.097
10 1.21007 0.55258 3.26092 1 741.302 194.736 395.361 141.142
11 1.1891 0.519535 3.21162 1 740.709 198.664 395.045 143.989
12 1.25099 0.32774 3.51854 2 730.327 233.715 389.508 169.394
13 1.21199 -0.0608946 3.65212 2 713.696 289.705 380.638 209.974
14 1.19954 -0.350231 3.78235 2 703.496 328.378 375.198 238.004
15 1.26712 -0.370549 3.6996 2 721.228 332.268 384.655 240.824
16 1.33938 0.359945 3.61277 2 740.949 230.39 395.173 166.983
17 1.33684 0.0458875 3.60921 2 740.64 274.727 395.008 199.119
18 1.19427 -0.309953 3.80942 2 700.936 322.649 373.833 233.851
19 1.31042 -0.332527 3.77041 2 724.738 326.171 386.527 236.404
20 1.2886 0.880315 3.38577 2 747.995 148.478 398.931 107.615
21 1.37631 0.228226 3.50686 2 756.084 248.005 403.245 179.751
22 1.30985 0.30367 3.47438 2 745.312 236.625 397.5 171.502
23 1.18546 0.512808 3.20176 1 740.709 199.483 395.045 144.582
24 1.18004 0.513448 3.18899 1 740.558 199.053 394.964 144.271
3
1
0.401717 -0.0825316 0.898612 -0.155914
0.373447 -0.0776203 0.910723 -0.158416
0.338705 -0.102183 0.914534 -0.196123
0 0 0 0
-0.208594 0.761361 -0.436437 0.431672
0.0251439 0.850651 0.138607 0.506507
-0.23031 -0.495782 0.0817462 0.833351
-0.22224 -0.518205 0.292523 0.772336
0.260116 0.724367 0.633303 0.0809903
0.140806 0.683945 -0.23046 0.677703
-0.496255 0.814224 -0.0227003 -0.300425
-0.486793 0.819 -0.0233888 -0.30286
-0.242137 0.650631 -0.587243 0.416166
0.137528 0.924546 -0.101748 -0.340511
0.180791 0.88266 -0.108254 -0.420127
0 0 0 0
0.288629 0.571102 0.768018 0.0261571
0.0010611 0.448607 -0.00688464 0.893702
0.207017 0.142961 0.213879 0.943908
0 0 0 0
0.340386 -0.0936895 0.917014 -0.185596
0 0 0 0
0 0 0 0
0 0 0 0
0 0 0 0
