639672
0 -0.251325 -0.11342 2.43529 2 412.993 304.776 220.263 220.898
1 -0.30004 0.153848 2.34106 2 395.763 247.934 211.074 179.699
2 -0.344513 0.412494 2.23512 2 377.573 187.482 201.372 135.884
3 -0.300736 0.530589 2.18961 2 389.038 157.982 207.487 114.503
4 -0.404299 0.282304 2.18385 2 356.244 215.591 189.997 156.257
5 -0.400579 0.056974 2.17689 2 357.179 267.942 190.495 194.201
6 -0.336333 -0.142348 2.24231 2 380.688 313.372 203.033 227.128
7 -0.300737 -0.200605 2.26813 2 392.678 326.015 209.428 236.291
8 -0.220773 0.298485 2.35461 2 419.412 216.998 223.686 157.277
9 -0.165921 0.104897 2.56295 1 439.471 260.515 234.384 188.818
10 -0.130926 -0.0695184 2.70972 2 450.764 294.18 240.408 213.217
11 -0.131487 -0.0639454 2.72291 1 450.784 293.082 240.418 212.422
12 -0.289752 -0.12216 2.36428 2 399.647 307.367 213.145 222.775
13 -0.270296 -0.527825 2.54445 2 410.656 386.539 219.017 280.158
14 -0.244439 -0.905161 2.71908 2 421.699 450.853 224.906 326.772
15 -0.131735 -0.926603 2.67851 2 449.892 457.524 239.942 331.607
16 -0.205706 -0.101705 2.43874 2 425.978 302.305 227.188 219.106
17 -0.270945 -0.602277 2.57865 2 411.398 399.895 219.412 289.838
18 -0.411113 -0.791196 2.93082 2 386.933 418.611 206.364 303.404
19 -0.317145 -0.826036 2.84198 2 406.753 429.18 216.935 311.064
20 -0.333986 0.348962 2.26379 2 382.223 202.993 203.852 147.127
21 -0.278583 -0.273769 2.28393 2 399.959 341.953 213.311 247.843
22 -0.28945 -0.16573 2.27938 2 396.568 318.03 211.503 230.504
23 -0.127647 -0.0796919 2.73335 2 451.875 295.949 241 214.5
24 -0.13353 -0.0787591 2.7015 2 450 295.949 240 214.5
1
0
0.345894 -0.139463 0.919289 -0.125758
0.338348 -0.138428 0.922093 -0.126897
0.331928 -0.143027 0.916755 -0.17008
0 0 0 0
-0.195365 0.793606 -0.443287 0.368129
-0.0174732 0.907748 0.00101853 0.41915
-0.111175 0.222519 0.182751 0.951172
-0.203134 0.234084 0.244285 0.918839
0.235915 0.788301 0.529242 0.206952
0.267694 0.755873 0.306842 0.512682
0.347139 0.929365 0.0367803 -0.12009
0.833256 0.552533 -0.0131101 0.0148095
-0.346198 0.642121 -0.571255 0.376158
0.19905 0.896979 -0.062093 -0.38981
0.216745 0.956607 -0.0116044 -0.194399
0 0 0 0
0.154954 0.6086 0.774608 -0.0746842
0.128446 0.560614 0.0755536 0.814558
0.333309 0.257024 0.407263 0.810543
0 0 0 0
0.331279 -0.139512 0.9215 -0.147065
0 0 0 0
0 0 0 0
0 0 0 0
0 0 0 0
