100165
0 0.909006 0.165871 2.99953 2 693.595 253.062 369.917 183.416
1 0.891503 0.436962 2.87926 2 698.385 203.873 372.472 147.764
2 0.871101 0.701066 2.74945 2 703.672 151.092 375.291 109.51
3 0.819823 0.811016 2.70111 2 694.492 127.953 370.396 92.7384
4 0.786519 0.665982 2.93033 2 669.872 165.371 357.265 119.859
5 0.783648 0.438257 3.08217 2 659.743 208.87 351.863 151.386
6 0.756194 0.241611 3.13865 2 650.314 242.098 346.834 175.47
7 0.745819 0.167644 3.14971 2 647.399 254.177 345.279 184.224
8 0.969535 0.56673 2.67989 2 734.889 173.277 391.941 125.589
9 1.05886 0.314455 2.75219 2 750.742 222.911 400.396 161.563
10 1.07213 0.114158 2.79435 2 749.932 260.371 399.964 188.713
11 1.05823 0.0563996 2.8236 2 743.707 271.024 396.644 196.434
12 0.866631 0.169743 3.00785 2 683.175 252.498 364.36 183.007
13 0.919781 -0.16887 3.23513 2 680.51 307.765 362.938 223.064
14 0.99963 -0.486335 3.39144 2 687.98 354.252 366.923 256.757
15 0.928834 -0.544605 3.38993 2 673.556 363.014 359.23 263.107
16 0.931955 0.158406 2.92382 2 704.559 253.619 375.765 183.82
17 1.02434 -0.228024 3.04525 2 716.906 319.369 382.35 231.474
18 1.14985 -0.558206 3.21104 2 732.253 369.909 390.535 268.105
19 1.10175 -0.618178 3.16341 2 725.455 380.919 386.909 276.085
20 0.876838 0.636163 2.78389 2 702.316 164.635 374.569 119.325
21 0.753966 0.107058 3.16429 2 648.411 264.028 345.819 191.364
22 0.72317 0.134464 3.14954 2 642.394 259.533 342.61 188.106
23 1.06368 -0.0116821 2.84786 2 742.81 283.303 396.165 205.334
24 1.08416 0.0504186 2.79836 2 752.542 272.02 401.355 197.156
1
1
-0.420547 0.0618273 0.882827 -0.199834
-0.439367 0.0660951 0.873613 -0.198464
-0.45513 0.0776222 0.856275 -0.231569
0 0 0 0
-0.464154 -0.60119 0.608227 0.230631
-0.157354 -0.534683 0.243416 0.79379
0.0550879 0.721314 -0.143761 -0.675281
0.0070503 0.729616 -0.100697 -0.676366
-0.130339 0.705363 0.509882 -0.474863
0.114338 0.971219 0.178649 0.108372
0.0641347 0.80173 0.0873512 0.58778
0.246894 0.765173 0.0539418 0.592152
-0.223382 -0.670439 0.703387 -0.0765367
-0.160086 -0.317608 0.250403 0.900442
-0.142896 -0.131818 0.204963 0.959268
0 0 0 0
-0.342818 0.545123 0.579228 -0.499812
0.105752 0.932801 0.154131 0.308126
0.136673 0.882112 0.241301 0.380753
0 0 0 0
-0.45715 0.0736544 0.860815 -0.211156
0 0 0 0
0 0 0 0
0 0 0 0
0 0 0 0
