98110
0 0.916313 0.159728 3.00736 2 694.739 254.174 370.527 184.222
1 0.872571 0.424585 2.86037 2 695.184 205.579 370.765 149.001
2 0.826718 0.683516 2.70418 2 695.933 152.247 371.164 110.347
3 0.756333 0.786616 2.69177 2 678.808 132.088 362.031 95.7358
4 0.787759 0.60107 2.84758 2 675.557 173.635 360.297 125.848
5 0.802287 0.351247 2.85741 1 678.177 218.641 361.694 158.468
6 0.818166 0.221715 3.09323 2 666.723 244.766 355.585 177.403
7 0.82223 0.191023 3.17952 1 662.594 250.672 353.383 181.683
8 0.889212 0.531292 2.64804 2 716.767 178.854 382.276 129.631
9 0.80388 0.303555 2.67969 2 691.561 223.524 368.833 162.007
10 0.591109 0.224409 2.73676 2 632.982 239.579 337.59 173.644
11 0.522913 0.213146 2.76114 2 614.51 242.052 327.739 175.436
12 0.881266 0.169082 3.02281 2 685.559 252.748 365.632 183.188
13 0.929138 -0.172702 3.24766 2 681.756 308.265 363.603 223.426
14 1.00911 -0.483855 3.38935 2 690.058 353.929 368.031 256.523
15 0.927299 -0.54497 3.38521 2 673.507 363.183 359.204 263.23
16 0.930057 0.146618 2.92423 2 704.07 255.677 375.504 185.311
17 1.03116 -0.277023 3.05374 2 717.837 327.446 382.846 237.328
18 1.14904 -0.559081 3.20772 2 732.336 370.14 390.579 268.273
19 1.09895 -0.619265 3.16512 2 724.708 381.039 386.511 276.172
20 0.838574 0.619906 2.74519 2 695.69 166.035 371.035 120.34
21 0.821868 0.154324 3.19059 2 661.875 256.627 353 186
22 0.810633 0.197276 3.168 2 660.702 249.56 352.374 180.878
23 0.47586 0.170094 2.80487 2 600.821 250.472 320.438 181.539
24 0.496588 0.250216 2.75818 2 608.059 235.197 324.298 170.467
1
2
-0.505912 0.0672235 0.822649 -0.250566
-0.496801 0.0644537 0.828183 -0.251293
-0.481845 0.0710659 0.826427 -0.282477
0 0 0 0
0.440796 0.713375 -0.473706 -0.269069
-0.00603843 0.718926 0.0345126 0.694203
-0.119067 -0.144371 0.495508 0.848205
-0.126305 -0.141216 0.56271 0.804651
-0.175777 0.707382 0.393269 -0.560404
0.0441891 0.97503 -0.183713 -0.116676
0.370303 -0.468197 0.440246 0.670709
0.390502 -0.418504 0.520262 0.63379
-0.354842 -0.616694 0.701932 -0.0326809
-0.126923 -0.227645 0.2627 0.929009
-0.142869 -0.124143 0.191065 0.963157
0 0 0 0
-0.35099 0.508642 0.54766 -0.564055
0.117082 0.959691 0.141855 0.212515
0.151925 0.886982 0.254752 0.353953
0 0 0 0
-0.485298 0.0651114 0.830916 -0.264245
0 0 0 0
0 0 0 0
0 0 0 0
0 0 0 0
