75995
0 -0.0540231 0.00272976 2.79721 2 470.693 280.718 251.036 203.46
1 -0.0948345 0.284596 2.68487 2 459.669 227.578 245.157 164.945
2 -0.135155 0.557646 2.56022 2 447.542 170.651 238.689 123.685
3 -0.0945427 0.686866 2.50615 2 457.888 141.844 244.207 102.807
4 -0.195677 0.415032 2.50008 2 430.037 197.057 229.353 142.824
5 -0.202363 0.188457 2.53174 2 428.999 243.549 228.8 176.521
6 -0.134112 -0.0186833 2.60294 2 448.563 284.839 239.233 206.447
7 -0.10807 -0.0913012 2.64884 2 455.929 298.634 243.162 216.446
8 -0.0196374 0.497692 2.74778 2 479.034 189.399 255.485 137.274
9 0.0284487 0.305131 2.89415 1 490.715 227.872 261.715 165.159
10 0.0830448 0.070773 2.95552 1 503.256 269.108 268.403 195.046
11 0.0971101 -0.0308325 2.97343 2 506.389 286.452 270.074 207.616
12 -0.0964464 -0.00950054 2.70777 2 459.492 282.984 245.062 205.103
13 -0.102862 -0.364879 2.91229 2 459.66 344.63 245.152 249.783
14 -0.141861 -0.692408 3.15985 2 452.988 392.437 241.594 284.433
15 -0.0488205 -0.749019 3.07168 2 472.985 405.071 252.259 293.59
16 -0.0100475 0.0132297 2.81866 2 481.509 278.839 256.805 202.099
17 0.0277343 -0.299009 3.0435 2 490.221 330.907 261.451 239.837
18 -0.0636543 -0.662849 3.22087 2 470.332 385.613 250.844 279.487
19 0.0381823 -0.699093 3.20982 2 492.161 391.742 262.486 283.929
20 -0.125186 0.490588 2.59362 2 450.693 185.289 240.37 134.295
21 -0.0860438 -0.16584 2.6771 2 461.873 312.532 246.332 226.519
22 -0.0793224 -0.0582869 2.64168 2 463.332 292.363 247.11 211.9
23 0.0965832 -0.0637464 2.97538 2 506.253 292.039 270.002 211.666
24 0.0897912 -0.0237675 2.93653 2 504.958 285.301 269.311 206.783
1
0
0.423159 -0.14219 0.883888 -0.139497
0.432882 -0.143719 0.879168 -0.137921
0.440815 -0.163721 0.865641 -0.17188
0 0 0 0
-0.189657 0.763137 -0.439305 0.434354
0.0707859 0.964745 0.003459 0.253464
-0.0506233 0.49516 0.214475 0.840389
-0.00123162 0.466046 0.309055 0.829026
0.379832 0.634652 0.612149 0.279675
0.143384 0.653734 0.29838 0.680472
0.150285 0.950995 0.0745415 -0.259745
0.101382 0.958619 0.0426856 -0.262582
-0.350459 0.630621 -0.562023 0.404507
0.242385 0.916749 -0.0891103 -0.304761
0.270919 0.869074 -0.171793 -0.376564
0 0 0 0
0.276973 0.626035 0.726775 0.0562435
0.0520974 0.312789 0.305742 0.897759
0.133945 0.0912262 0.208937 0.964407
0 0 0 0
0.442008 -0.154046 0.870454 -0.15234
0 0 0 0
0 0 0 0
0 0 0 0
0 0 0 0
