78636
0 -0.0458029 -0.00260624 2.81112 2 472.767 281.679 252.142 204.157
1 -0.103117 0.269294 2.6676 2 457.379 230.137 243.936 166.8
2 -0.157165 0.531643 2.51312 2 440.823 173.843 235.105 125.999
3 -0.101514 0.65325 2.46147 2 455.465 146.296 242.915 106.033
4 -0.226143 0.391038 2.46669 2 420.799 200.849 224.426 145.573
5 -0.25121 0.169223 2.49093 2 414.596 246.83 221.118 178.899
6 -0.204362 -0.0508203 2.58587 2 429.646 291.149 229.144 211.021
7 -0.19065 -0.114518 2.62083 2 433.963 303.308 231.447 219.834
8 -0.0497898 0.477786 2.69557 2 471.234 191.373 251.325 138.704
9 0.0194689 0.270103 2.81434 2 488.712 232.665 260.646 168.633
10 0.158107 0.0733614 2.88726 2 521.578 268.366 278.175 194.508
11 0.197299 0.0314774 2.90523 2 530.618 275.733 282.996 199.847
12 -0.0884525 -0.0259583 2.73411 2 461.736 286.009 246.259 207.296
13 -0.117203 -0.395674 2.90394 2 456.185 350.201 243.299 253.821
14 -0.138295 -0.693271 3.14923 2 453.664 392.954 241.954 284.808
15 -0.0669866 -0.742021 3.07821 2 468.936 403.644 250.099 292.555
16 -0.0030098 0.0191761 2.81889 2 483.223 277.773 257.719 201.326
17 0.0840327 -0.316059 3.01272 2 503.135 334.288 268.338 242.287
18 0.0123108 -0.639187 3.21318 2 486.597 382.102 259.519 276.942
19 0.0425206 -0.722011 3.16122 1 493.236 397.162 263.059 287.857
20 -0.143719 0.467127 2.55423 2 445.185 188.479 237.432 136.607
21 -0.185347 -0.191624 2.63639 2 435.626 317.979 232.334 230.467
22 -0.168402 -0.0711943 2.62076 2 439.806 294.946 234.563 213.773
23 0.226197 -0.0164114 2.90335 2 537.494 284.069 286.664 205.889
24 0.181218 0.0165545 2.933 2 526.405 278.357 280.75 201.75
1
2
0.377843 -0.179991 0.889903 -0.181413
0.395296 -0.183529 0.882289 -0.177833
0.41262 -0.200932 0.86315 -0.210577
0 0 0 0
-0.150818 0.769815 -0.458133 0.418036
0.0713559 0.922112 -0.0312051 0.379005
-0.0100344 0.391535 0.222122 0.892895
0.00891136 0.382466 0.263059 0.885686
0.401621 0.630354 0.60831 0.267046
-0.078826 0.237774 0.277241 0.927571
-0.325347 -0.294838 0.0547106 0.896787
-0.386688 -0.283343 0.0455295 0.876422
-0.298086 0.673922 -0.531931 0.417161
0.188296 0.918271 -0.106391 -0.331668
0.294556 0.85495 -0.167279 -0.39283
0 0 0 0
0.25689 0.521205 0.811118 -0.0666389
-0.00982138 0.362315 0.278538 0.889409
0.224941 0.50575 0.178567 0.813469
0 0 0 0
0.413801 -0.191444 0.869406 -0.190396
0 0 0 0
0 0 0 0
0 0 0 0
0 0 0 0
