74093
0 -0.0521477 0.00895317 2.80714 2 471.198 279.599 251.306 202.649
1 -0.0900458 0.291471 2.69362 2 460.97 226.459 245.851 164.134
2 -0.127855 0.566278 2.56688 2 449.595 169.223 239.784 122.65
3 -0.0843709 0.69045 2.51792 2 460.801 141.773 245.761 102.755
4 -0.19028 0.419128 2.50702 2 431.669 196.461 230.224 142.392
5 -0.197402 0.189958 2.54177 2 430.559 243.4 229.632 176.413
6 -0.1317 -0.0120137 2.60878 2 449.277 283.539 239.615 205.505
7 -0.107673 -0.0759627 2.65094 2 456.055 295.695 243.23 214.316
8 -0.0139526 0.499683 2.75152 2 480.463 189.156 256.247 137.098
9 0.0317559 0.307563 2.89906 1 491.488 227.537 262.127 164.916
10 0.0799501 0.0979565 2.9392 1 502.641 264.365 268.075 191.608
11 0.0966834 -0.0283919 2.97842 1 506.252 286.029 270.001 207.31
12 -0.0938738 -0.00555339 2.72124 2 460.263 282.242 245.473 204.565
13 -0.101895 -0.357059 2.9124 2 459.891 343.265 245.275 248.794
14 -0.142086 -0.690638 3.15694 2 452.911 392.253 241.553 284.3
15 -0.0477903 -0.750309 3.06973 2 473.21 405.365 252.379 293.803
16 -0.00940952 0.0235718 2.82337 2 481.668 276.992 256.889 200.76
17 0.0341075 -0.262203 3.0255 2 491.705 325.04 262.242 235.585
18 -0.0488008 -0.658854 3.22238 2 473.517 384.929 252.542 278.991
19 0.0320829 -0.703083 3.20351 2 490.864 392.597 261.794 284.549
20 -0.118656 0.498752 2.60087 2 452.514 183.959 241.341 133.331
21 -0.0868485 -0.156376 2.67703 2 461.667 310.744 246.222 225.223
22 -0.0803558 -0.0343488 2.64287 2 463.073 287.779 246.973 208.579
23 0.0968093 -0.0584798 2.98271 2 506.25 291.12 270 211
24 0.0875991 -0.0323365 2.94667 2 504.375 286.757 269 207.838
1
1
0.41654 -0.137279 0.887067 -0.144084
0.427394 -0.139037 0.881889 -0.142389
0.436575 -0.158832 0.867605 -0.177303
0 0 0 0
-0.183528 0.767418 -0.432132 0.436634
0.0766762 0.970223 0.00233075 0.229745
-0.0489812 0.507492 0.21014 0.834202
0.00209454 0.474759 0.318856 0.820323
0.375979 0.648426 0.60098 0.2775
0.145798 0.646293 0.298435 0.687011
0.125112 0.93015 0.073027 -0.337394
0.161664 0.931499 0.0108366 -0.325663
-0.337038 0.636317 -0.557954 0.412545
0.229885 0.917144 -0.0893965 -0.313062
0.264405 0.871785 -0.169497 -0.375967
0 0 0 0
0.265395 0.589435 0.762797 0.0165075
0.0411952 0.322796 0.305309 0.894926
0.133878 0.174401 0.204604 0.953833
0 0 0 0
0.437595 -0.150288 0.87254 -0.156841
0 0 0 0
0 0 0 0
0 0 0 0
0 0 0 0
