89127
0 0.909759 0.15494 2.96843 2 695.987 254.639 371.193 184.559
1 0.889614 0.426442 2.83769 2 701.083 204.623 373.911 148.308
2 0.869616 0.691001 2.69458 2 707.782 150.338 377.484 108.963
3 0.803024 0.797585 2.67556 2 692.139 129.058 369.141 93.5392
4 0.819745 0.63271 2.89826 2 679.899 169.924 362.613 123.159
5 0.817082 0.426283 2.92456 1 677.27 206.997 361.21 150.029
6 0.788562 0.234197 3.11515 2 658.811 242.998 351.366 176.121
7 0.79376 0.172163 3.18087 2 656.276 253.708 350.014 183.884
8 0.933368 0.549912 2.62035 2 731 174.108 389.867 126.191
9 0.912866 0.327461 2.62034 2 725.377 217.485 386.868 157.63
10 0.688007 0.246586 2.69548 2 660.309 234.701 352.165 170.108
11 0.641052 0.221481 2.71357 2 647.06 239.744 345.098 173.764
12 0.876243 0.163157 2.98619 2 686.879 253.407 366.335 183.666
13 0.91977 -0.157406 3.21864 2 681.52 306.09 363.477 221.85
14 1.00542 -0.486418 3.38551 2 689.534 354.397 367.752 256.862
15 0.934107 -0.544313 3.37994 2 675.209 363.217 360.112 263.255
16 0.9226 0.142842 2.88203 2 705.516 255.969 376.275 185.523
17 1.03638 -0.260762 3.03594 2 720.414 324.99 384.221 235.548
18 1.14911 -0.556398 3.2014 2 732.845 369.889 390.851 268.09
19 1.09847 -0.61888 3.16301 2 724.764 381.044 386.541 276.175
20 0.874944 0.626009 2.73215 2 705.99 164.313 376.528 119.092
21 0.79939 0.13297 3.2018 2 656.35 260.11 350.053 188.524
22 0.815147 0.132285 3.181 2 660.937 260.076 352.5 188.5
23 0.59584 0.183187 2.74626 2 633.635 247.349 337.938 179.275
24 0.581491 0.199649 2.7188 2 631.501 243.934 336.801 176.8
0
2
-0.523543 0.0904807 0.82182 -0.205735
-0.530108 0.0921253 0.817602 -0.205004
-0.530963 0.111614 0.806141 -0.236129
0 0 0 0
0.493211 0.609882 -0.525233 -0.330025
0.0460136 0.648564 0.0439469 0.758496
0.34453 0.760735 0.168287 0.523699
0.314852 0.770344 0.241306 0.49921
-0.201518 0.684197 0.448465 -0.538651
-0.0076768 0.985036 -0.0452913 -0.166114
-0.128273 0.695545 -0.567555 -0.42148
-0.102146 0.719168 -0.516081 -0.453899
-0.343433 -0.627518 0.698506 0.019125
-0.123168 -0.207349 0.287179 0.927019
-0.151191 -0.151212 0.206801 0.95473
0 0 0 0
-0.405578 0.547754 0.516634 -0.518228
0.148811 0.958089 0.161502 0.183952
0.166395 0.891548 0.24149 0.345164
0 0 0 0
-0.533739 0.104377 0.81006 -0.219161
0 0 0 0
0 0 0 0
0 0 0 0
0 0 0 0
