11726592
0 -0.505253 -0.0412498 2.57474 2 348.713 289.336 185.98 209.707
1 -0.516482 0.253119 2.51536 2 342.296 230.124 182.558 166.791
2 -0.52514 0.53915 2.44484 2 335.37 168.957 178.864 122.457
3 -0.521319 0.659989 2.45096 2 336.662 143.993 179.553 104.364
4 -0.548406 0.398953 2.37533 2 324.364 195.779 172.994 141.898
5 -0.427844 0.185845 2.3628 2 359.159 241.321 191.551 174.906
6 -0.401853 -0.0691479 2.45335 1 371.174 295.491 197.959 214.168
7 -0.385022 -0.148929 2.50933 2 378.313 311.28 201.767 225.612
8 -0.436428 0.362779 2.33122 1 354.733 202.168 189.191 146.529
9 -0.386062 0.182082 2.45748 1 375.764 243.662 200.407 176.603
10 -0.155965 0.172023 2.59816 1 442.698 247.725 236.106 179.548
11 -0.131478 0.189459 2.65755 1 449.955 245.157 239.976 177.686
12 -0.547037 -0.0470708 2.52421 2 334.497 290.674 178.398 210.677
13 -0.447556 -0.494358 2.62696 2 366.315 376.83 195.368 273.121
14 -0.460393 -0.917086 2.72905 2 367.033 452.595 195.751 328.035
15 -0.359115 -0.938865 2.70753 2 392.039 458.04 209.088 331.981
16 -0.450043 -0.0343149 2.5567 2 362.718 288.013 193.449 208.748
17 -0.393575 -0.415299 2.67195 1 382.383 360.079 203.937 260.981
18 -0.311747 -0.885427 2.7238 1 404.695 446.865 215.837 323.882
19 -0.351997 -0.932333 2.75036 2 395.284 454.038 210.818 329.081
20 -0.523463 0.468852 2.46458 2 337.141 184.448 179.809 133.685
21 -0.341488 -0.216628 2.54178 2 391.468 324.384 208.783 235.109
22 -0.366049 -0.087952 2.5443 2 384.945 298.717 205.304 216.506
23 -0.128073 0.1865 2.65501 1 450.805 245.687 240.429 178.07
24 -0.134387 0.185001 2.64128 1 448.988 245.788 239.461 178.144
0
0
0.166475 -0.0351312 0.980853 -0.0947579
0.111176 -0.0297589 0.988649 -0.0965798
0.0295363 -0.0156507 0.990141 -0.136029
0 0 0 0
-0.418993 0.892363 -0.15284 0.069091
-0.244685 0.374881 0.0742495 0.891112
-0.012821 0.20194 0.175561 0.963449
-0.0257261 0.197405 0.309858 0.929708
-0.380091 0.880166 0.279918 -0.0498474
-0.176308 -0.198067 0.263363 0.927537
0.693039 0.346395 -0.032567 -0.631385
0.736951 0.434628 -0.296434 -0.424416
-0.258026 0.651695 -0.623867 0.345696
0.152506 0.801636 0.0222474 -0.577604
0.115437 0.98532 -0.0293025 -0.12231
0 0 0 0
-0.0420331 0.641617 0.746666 -0.170444
0.0270195 0.576095 0.159485 0.801217
0.0711585 0.972413 0.0722833 -0.210059
0 0 0 0
0.0291834 -0.0192295 0.992777 -0.114772
0 0 0 0
0 0 0 0
0 0 0 0
0 0 0 0
