11861940
0 -0.0675142 -0.0539665 2.55354 2 465.797 291.892 248.425 211.559
1 -0.0178262 0.236067 2.48039 2 479.016 233.071 255.475 168.927
2 0.0351028 0.517542 2.39713 2 494.055 171.649 263.496 124.409
3 0.110266 0.627673 2.39882 2 515.71 148.206 275.045 107.417
4 -0.0733331 0.375943 2.29315 2 461.937 198.144 246.366 143.612
5 -0.185029 0.131838 2.31738 2 429.07 252.433 228.837 182.96
6 -0.231172 -0.125098 2.36766 2 416.822 307.944 222.305 223.194
7 -0.224033 -0.162562 2.38198 2 419.279 315.745 223.615 228.848
8 0.111644 0.411476 2.62195 2 513.272 201.705 273.745 146.193
9 0.274367 0.385465 2.71944 2 553.441 209.377 295.169 151.754
10 0.450961 0.380381 2.79354 2 595.264 212.124 317.474 153.745
11 0.524224 0.393506 2.83735 2 611.434 210.797 326.098 152.783
12 -0.0939291 -0.0538917 2.43269 2 457.435 292.408 243.965 211.933
13 -0.221807 -0.512876 2.5662 2 424.346 382.636 226.318 277.329
14 -0.377429 -0.867585 2.71357 2 387.622 444.158 206.732 321.92
15 -0.331868 -0.933754 2.6946 2 398.613 457.907 212.594 331.885
16 -0.038534 -0.0532978 2.60424 2 473.794 291.554 252.69 211.314
17 -0.0325723 -0.44137 2.79102 2 475.923 361.318 253.825 261.878
18 -0.0696345 -0.768863 2.94037 2 467.599 414.113 249.386 300.143
19 0.00374609 -0.79602 2.92969 2 484.84 419.352 258.581 303.941
20 0.021801 0.448416 2.41999 2 490.163 187.272 261.42 135.732
21 -0.230973 -0.22884 2.41394 2 418.13 329.202 223.002 238.601
22 -0.263728 -0.15965 2.35091 2 406.786 315.587 216.953 228.733
23 0.57016 0.389745 2.89622 2 619.821 212.87 330.571 154.286
24 0.549429 0.349936 2.8415 2 617.36 218.689 329.259 158.503
1
0
0.569277 -0.00245582 0.808818 -0.147417
0.528467 0.00485763 0.836053 -0.147358
0.483229 0.00242295 0.856435 -0.181666
0 0 0 0
-0.169181 0.690119 -0.513343 0.481241
0.0851978 0.958663 -0.199798 0.183814
0.0292461 0.818186 -0.126094 -0.560194
0.19709 0.781948 -0.0367187 -0.590225
0.433925 0.69807 0.478845 0.308405
-0.489913 0.14234 0.438247 0.740043
0.617862 0.552298 0.324002 -0.456329
0.690622 0.535824 0.314687 -0.370008
0.377107 -0.49589 0.598409 -0.503777
0.113573 0.96801 -0.152676 -0.163549
0.127746 0.930386 -0.236081 -0.249656
0 0 0 0
0.436391 0.65003 0.561505 0.267834
0.0340604 0.179895 0.219889 0.958189
0.0784521 0.1218 0.203252 0.968349
0 0 0 0
0.486451 0.0106113 0.858328 -0.162869
0 0 0 0
0 0 0 0
0 0 0 0
0 0 0 0
