11704752
0 -0.522681 -0.0427574 2.56507 2 343.487 289.666 183.193 209.946
1 -0.53741 0.258265 2.52434 2 337.043 229.258 179.756 166.163
2 -0.547788 0.55087 2.47124 2 330.586 167.718 176.312 121.56
3 -0.523674 0.664635 2.46411 2 336.785 143.764 179.619 104.198
4 -0.57839 0.416531 2.41046 2 318.035 193.284 169.619 140.09
5 -0.492754 0.173354 2.3856 2 341.499 244.332 182.133 177.088
6 -0.440839 -0.0200584 2.41711 2 358.316 285.417 191.102 206.867
7 -0.42804 -0.107052 2.46256 2 364.228 303.245 194.255 219.788
8 -0.529102 0.311539 2.3569 1 328.909 214.033 175.418 155.128
9 -0.428675 0.147735 2.52878 1 367.189 251.599 195.834 182.355
10 -0.473174 0.267891 2.75781 1 365.707 231.947 195.044 168.112
11 -0.488646 0.30813 2.83794 1 365.264 226.136 194.807 163.9
12 -0.53054 -0.044872 2.49376 2 337.253 290.341 179.869 210.435
13 -0.47782 -0.492308 2.61667 2 357.83 376.835 190.843 273.125
14 -0.531868 -0.873748 2.77429 2 351.106 441.806 187.257 320.215
15 -0.60086 -0.930521 2.712 2 330.307 456.306 176.164 330.724
16 -0.500841 -0.0368593 2.56393 2 349.333 288.501 186.311 209.102
17 -0.45058 -0.426197 2.60263 2 364.476 364.372 194.387 264.092
18 -0.490513 -0.876279 2.75042 2 360.384 443.655 192.205 321.555
19 -0.559928 -0.932923 2.6881 2 339.508 458.309 181.071 332.176
20 -0.545802 0.478926 2.48665 2 332.199 183.223 177.173 132.797
21 -0.36869 -0.170108 2.48072 2 381.63 315.952 203.536 228.997
22 -0.409118 -0.0381987 2.46933 2 369.877 289.049 197.268 209.498
23 -0.478474 0.322052 2.85022 1 368.24 223.898 196.394 162.278
24 -0.478685 0.272841 2.83772 1 367.709 232.454 196.112 168.48
0
1
0.550884 -0.0573188 0.831523 -0.0425602
0.349134 -0.0462421 0.934349 -0.054392
0.0375036 -0.0175297 0.993644 -0.104683
0 0 0 0
-0.39681 0.892565 -0.20441 0.0639288
-0.163364 0.593384 0.0622842 0.785702
-0.0737889 0.488275 0.132357 0.859432
0.0519059 0.453555 0.24057 0.856574
-0.324183 0.94497 0.0308125 0.0314273
-0.418628 -0.675805 0.0839622 0.600823
0.852097 0.503886 0.0533954 0.131069
0.847504 0.511204 0.0533634 0.132509
-0.474812 0.543581 -0.509728 0.468243
0.141703 0.969639 0.0294061 -0.19712
-0.02564 -0.431114 0.202859 0.878824
0 0 0 0
0.034514 0.605341 0.7931 -0.0579968
-0.0526551 0.201364 0.0611095 0.976189
0.160776 0.894129 0.0280127 0.417013
0 0 0 0
0.0373032 -0.0219506 0.995552 -0.0836781
0 0 0 0
0 0 0 0
0 0 0 0
0 0 0 0
