11714966
0 -0.498359 -0.111961 2.41418 2 341.619 304.741 182.197 220.872
1 -0.52588 0.1515 2.30061 2 326.205 247.769 173.976 179.58
2 -0.549194 0.409891 2.17995 2 309.646 185.479 165.145 134.433
3 -0.540286 0.530204 2.152 2 310.055 155.633 165.363 112.801
4 -0.596139 0.281643 2.14686 2 291.874 214.433 155.666 155.418
5 -0.512921 0.0685198 2.13677 2 318.27 264.924 169.744 192.013
6 -0.391302 -0.0704633 2.21512 2 362.276 297.334 193.214 215.504
7 -0.347824 -0.0984563 2.24926 2 377.496 303.386 201.331 219.89
8 -0.473458 0.295836 2.41202 1 348.52 218.938 185.877 158.684
9 -0.421667 0.119403 2.30232 2 357.757 254.915 190.804 184.759
10 -0.305414 0.00250486 2.51113 2 400.309 280.706 213.498 203.452
11 -0.271203 -0.0304862 2.591 2 411.994 287.163 219.73 208.132
12 -0.51864 -0.111858 2.3127 2 329.235 305.766 175.592 221.615
13 -0.4762 -0.523466 2.51024 2 352.84 387.269 188.181 280.687
14 -0.467761 -0.908374 2.75158 2 366.147 449.559 195.279 325.834
15 -0.379388 -0.931815 2.70855 2 386.887 456.647 206.34 330.971
16 -0.463339 -0.10821 2.45248 2 353.761 303.585 188.673 220.034
17 -0.48057 -0.570247 2.52833 2 352.527 395.97 188.014 286.994
18 -0.454046 -0.856569 2.85059 2 373.664 434.319 199.287 314.789
19 -0.357178 -0.911621 2.77734 2 394.875 448.515 210.6 325.077
20 -0.543509 0.346458 2.21204 2 314.08 201.527 167.509 146.064
21 -0.281211 -0.160116 2.2877 2 399.375 316.649 213 229.503
22 -0.420428 -0.114595 2.28819 2 357.351 306.604 190.587 222.222
23 -0.210709 -0.0831595 2.60082 2 428.276 297.381 228.414 215.538
24 -0.269824 -0.0620952 2.59225 2 412.392 293.33 219.942 212.601
0
1
0.52408 -0.149101 0.826073 -0.143917
0.495838 -0.144148 0.843327 -0.148878
0.46612 -0.146981 0.852922 -0.183444
0 0 0 0
-0.161606 0.780919 -0.409786 0.442859
-0.103119 0.87776 0.155132 0.441404
-0.390923 -0.441474 0.0281341 0.807149
-0.518294 -0.426096 0.0740198 0.737791
0.414889 0.68885 0.460091 0.37639
0.0456149 -0.53565 -0.293113 0.790622
-0.448395 -0.408332 0.281514 0.743611
-0.456167 -0.4147 0.338277 0.710988
-0.472822 0.566219 -0.526251 0.422961
0.226172 0.950821 -0.0016661 -0.211621
0.269824 0.929866 -0.0604318 -0.242677
0 0 0 0
0.366861 0.64965 0.633609 0.204713
0.0733952 0.751866 0.0393885 0.654033
0.122521 0.342619 0.391809 0.845036
0 0 0 0
0.467806 -0.137976 0.857233 -0.165141
0 0 0 0
0 0 0 0
0 0 0 0
0 0 0 0
