11848610
0 1.40336 0.355664 3.43732 2 767.143 228.399 409.143 165.54
1 1.41912 0.611676 3.2755 2 784.516 185.882 418.408 134.725
2 1.4275 0.862662 3.09764 2 803.213 139.242 428.38 100.92
3 1.41622 0.962024 3.03579 2 806.786 119.843 430.286 86.8603
4 1.2693 0.834418 3.20441 2 758.745 148.285 404.664 107.475
5 1.20684 0.626833 3.36144 2 732.927 186.054 390.894 134.85
6 1.16189 0.362397 3.40555 2 720.311 226.964 384.166 164.5
7 1.16502 0.340423 3.42172 1 719.813 230.498 383.9 167.061
8 1.54329 0.736817 3.09272 2 829.457 159.831 442.377 115.843
9 1.60707 0.516713 3.17019 2 835.221 198.104 445.451 143.583
10 1.67875 0.25548 3.1293 2 855.547 239.598 456.292 173.657
11 1.71154 0.211345 3.10886 2 865.104 246.578 461.389 178.716
12 1.32813 0.365346 3.4308 2 752.396 226.873 401.278 164.435
13 1.26836 0.0269136 3.56941 2 730.114 277.367 389.394 201.032
14 1.25359 -0.270547 3.71666 2 717.542 318.306 382.689 230.704
15 1.18404 -0.274911 3.80066 2 699.546 318.044 373.091 230.514
16 1.45189 0.338729 3.37576 2 782.328 229.988 417.241 166.692
17 1.45861 -0.00221047 3.52448 2 770.986 281.531 411.192 204.05
18 1.46368 -0.299431 3.66797 2 760.69 322.869 405.701 234.011
19 1.54796 -0.341036 3.6466 2 778.432 328.95 415.164 238.419
20 1.42696 0.800861 3.14465 2 798.503 151.307 425.868 109.666
21 1.1972 0.295545 3.46244 2 723.486 237.699 385.859 172.281
22 1.20019 0.35198 3.41813 2 727.256 228.706 387.87 165.763
23 1.77524 0.139959 3.11667 2 877.969 258.353 468.25 187.25
24 1.69486 0.191643 3.19733 2 851.253 250.65 454.002 181.668
0
0
-0.210423 0.0872734 0.936911 -0.265147
-0.219786 0.0899217 0.934759 -0.26426
-0.233326 0.0822171 0.918424 -0.308702
0 0 0 0
-0.33514 -0.632001 0.696621 -0.0545462
0.158696 0.721366 -0.295071 -0.606119
0.108331 0.38335 0.043218 0.916209
0.0766093 0.40096 0.306666 0.859836
0.0250623 0.759867 0.524215 -0.383632
0.0187841 0.685441 0.211395 0.696512
-0.133171 0.0105669 -0.0740874 0.988263
-0.297338 -0.0064985 -0.188171 0.936023
-0.178942 -0.625587 0.729084 -0.212268
-0.0360512 -0.536909 0.205087 0.817538
0.111219 0.38596 0.199937 0.893695
0 0 0 0
-0.192521 0.645916 0.597786 -0.434027
0.168123 0.829462 0.116247 0.519822
0.0390451 0.204351 0.219672 0.953132
0 0 0 0
-0.23075 0.0893121 0.926138 -0.284685
0 0 0 0
0 0 0 0
0 0 0 0
0 0 0 0
