11869897
0 -0.0366294 -0.194285 2.24029 2 472.719 325.071 252.117 235.607
1 -0.0509288 0.096941 2.16532 2 467.8 258.58 249.493 187.415
2 -0.0644109 0.37971 2.07715 2 462.593 188.537 246.716 136.649
3 -0.0353466 0.500276 2.07271 2 472.186 158.622 251.833 114.967
4 -0.132043 0.225898 1.97878 2 438.051 223.422 233.627 161.933
5 -0.108655 -0.0132192 1.99937 2 446.624 284.553 238.199 206.24
6 0.0261523 -0.212586 2.09013 2 492.559 332.663 262.698 241.11
7 0.0619687 -0.275422 2.13232 2 503.949 346.596 268.773 251.208
8 -0.0236534 0.309525 2.26737 1 476.779 212.099 254.282 153.726
9 -0.00584662 0.0541519 2.34084 1 482.241 269.519 257.195 195.344
10 -0.0263538 -0.213321 2.33903 1 476.212 327.338 253.98 237.25
11 -0.031531 -0.304093 2.35125 1 474.732 346.677 253.19 251.267
12 -0.0602089 -0.193226 2.15827 2 464.781 326.494 247.883 236.638
13 -0.00630651 -0.667882 2.28558 2 482.049 429.881 257.093 311.572
14 -0.0773486 -0.987292 2.47911 2 462.322 484.411 246.572 351.095
15 -0.0157947 -1.02766 2.42958 2 479.447 497.104 255.705 360.294
16 -0.0111525 -0.189746 2.25111 2 480.552 323.837 256.294 234.713
17 -0.0865636 -0.621718 2.53009 2 460.337 406.043 245.513 294.295
18 -0.0770815 -0.953213 2.54222 2 462.942 472.438 246.902 342.417
19 -0.0395772 -1.01479 2.50372 2 472.995 488.039 252.264 353.724
20 -0.0611517 0.310288 2.10143 2 463.928 206.431 247.429 149.618
21 0.134774 -0.306377 2.15093 2 527.087 353.359 281.113 256.11
22 0.00517838 -0.32558 2.12737 2 485.632 358.725 259.004 259.999
23 -0.0369277 -0.315395 2.34019 1 473.1 349.44 252.32 253.27
24 -0.0437512 -0.313384 2.31594 1 470.959 349.716 251.178 253.47
0
1
0.503248 -0.0843318 0.85464 -0.0960258
0.52752 -0.0870476 0.839875 -0.0935709
0.549785 -0.111935 0.818081 -0.126296
0 0 0 0
-0.22457 0.729674 -0.440088 0.472724
0.0274991 0.958102 0.0586251 0.27901
-0.328922 -0.668112 -0.0652301 0.664215
-0.352828 -0.683293 0.0169527 0.639011
0.467275 0.574861 0.528595 0.414459
0.101148 0.843687 0.101646 0.517329
-0.0181676 0.918402 -0.0338282 -0.39378
0.0501457 0.916059 -0.0523948 -0.394432
0.413463 -0.550474 0.579009 -0.436779
0.139782 0.957574 0.0202613 -0.251201
0.211993 0.89396 -0.186985 -0.347751
0 0 0 0
0.230296 0.644469 0.726547 0.0612538
-0.0593793 -0.433189 0.284426 0.853184
-0.00547188 0.412488 0.0225551 0.910667
0 0 0 0
0.551651 -0.100024 0.821073 -0.107314
0 0 0 0
0 0 0 0
0 0 0 0
0 0 0 0
