11810673
0 -0.506629 -0.0851815 2.40268 2 338.554 299.2 180.562 216.856
1 -0.508011 0.172688 2.31288 2 332.404 243.302 177.282 176.342
2 -0.511515 0.423325 2.21074 2 323.938 183.762 172.767 133.188
3 -0.500534 0.549406 2.19558 2 326.106 153.715 173.923 111.411
4 -0.562259 0.306891 2.17336 2 305.072 209.363 162.705 151.744
5 -0.533496 0.0642228 2.14396 2 312.153 265.992 166.481 192.787
6 -0.573764 -0.169996 2.21381 2 304.894 320.25 162.61 232.113
7 -0.582146 -0.251706 2.24953 1 305.093 338.119 162.716 245.064
8 -0.330817 0.24019 2.17713 1 379.263 225.277 202.274 163.278
9 -0.456385 0.0525022 2.18202 2 339.743 269.003 181.196 194.97
10 -0.538944 -0.190055 2.24114 2 317.899 324.301 169.546 235.049
11 -0.581949 -0.276535 2.26032 2 305.988 343.44 163.193 248.921
12 -0.558483 -0.0769228 2.3524 2 320.103 297.818 170.722 215.854
13 -0.514157 -0.437532 2.49628 2 341.653 370.319 182.215 268.402
14 -0.508036 -0.84265 2.74031 2 355.516 437.974 189.609 317.437
15 -0.409189 -0.907228 2.72984 2 380.095 450.658 202.718 326.631
16 -0.438454 -0.0847657 2.37646 2 356.837 299.295 190.313 216.925
17 -0.476336 -0.517077 2.53192 2 353.944 385.063 188.77 279.088
18 -0.461396 -0.857541 2.89569 2 373.636 432.089 199.273 313.172
19 -0.381072 -0.904135 2.78686 2 389.242 446.572 207.596 323.669
20 -0.51088 0.361916 2.23839 2 326.22 198.985 173.984 144.221
21 -0.592701 -0.323538 2.26013 2 302.602 354.057 161.388 256.616
22 -0.562114 -0.24573 2.2202 2 308.999 337.491 164.799 244.609
23 -0.594994 -0.344284 2.27289 2 302.901 358.302 161.547 259.692
24 -0.559136 -0.307656 2.28027 2 314.49 349.826 167.728 253.549
1
1
0.0811735 -0.0162865 0.982646 -0.165992
0.0927141 -0.0182358 0.981624 -0.165789
0.105293 -0.0274088 0.972002 -0.208263
0 0 0 0
-0.269143 0.842789 -0.388601 0.257407
-0.0797815 0.463427 -0.0257832 0.882159
0.164923 0.838215 0.00529886 0.519776
0.19915 0.836025 0.0648405 0.507147
-0.102277 0.871608 0.469057 -0.0991214
0.270382 -0.316832 0.106862 0.902824
0.192311 0.385614 0.0424413 0.901397
0.246678 0.375513 0.00533817 0.893371
0.186093 -0.578409 0.722612 -0.329611
0.179867 0.741723 -0.0790461 -0.641284
0.263504 0.943267 -0.0479621 -0.196248
0 0 0 0
-0.0179936 0.664312 0.708888 -0.236312
0.144882 0.653033 0.100483 0.736519
0.165176 0.414542 0.36222 0.818333
0 0 0 0
0.105405 -0.0271368 0.976778 -0.184546
0 0 0 0
0 0 0 0
0 0 0 0
0 0 0 0
