11817525
0 -0.224016 -0.0600048 2.52696 2 423.024 293.221 225.613 212.522
1 -0.223393 0.237852 2.4496 2 421.219 232.057 224.65 168.192
2 -0.222329 0.518938 2.35985 2 418.934 169.532 223.432 122.875
3 -0.199892 0.64548 2.35855 2 425.37 141.999 226.864 102.919
4 -0.280376 0.372994 2.28562 2 399.394 198.43 213.01 143.819
5 -0.226781 0.172952 2.25828 2 414.883 242.448 221.271 175.723
6 -0.201533 -0.0684093 2.34266 2 424.828 295.98 226.575 214.522
7 -0.199357 -0.141749 2.3989 2 426.826 311.102 227.64 225.483
8 -0.0810941 0.33743 2.31962 1 459.896 207.541 245.278 150.423
9 -0.0989624 0.367219 2.57249 1 457.482 208.921 243.99 151.423
10 0.064989 0.4177 2.77359 1 500.084 204.936 266.712 148.535
11 0.143082 0.449671 2.80601 1 519.069 200.011 276.837 144.965
12 -0.286667 -0.0577844 2.44625 2 403.365 293.165 215.128 212.482
13 -0.300518 -0.49377 2.59887 2 404.196 377.645 215.571 273.712
14 -0.443327 -0.876179 2.74259 2 371.972 444.071 198.385 321.857
15 -0.356338 -0.921808 2.74355 2 393.972 452.502 210.118 327.967
16 -0.154712 -0.0587071 2.53757 2 442.068 292.907 235.769 212.295
17 -0.152728 -0.417923 2.80814 2 446.516 356.599 238.142 258.458
18 -0.144536 -0.752074 2.91417 2 449.699 412.381 239.839 298.888
19 -0.123771 -0.81981 2.81106 2 453.511 429.6 241.873 311.369
20 -0.222682 0.449837 2.38472 2 419.573 185.505 223.772 134.451
21 -0.184305 -0.219048 2.42163 2 431.617 326.985 230.196 236.994
22 -0.252633 -0.161249 2.39444 2 411.387 315.295 219.406 228.521
23 0.210586 0.506643 2.83528 1 535.14 190.598 285.408 138.143
24 0.186916 0.449261 2.79208 1 530.063 199.666 282.7 144.715
0
0
0.286383 -0.0356081 0.949698 -0.121616
0.207409 -0.0254985 0.970012 -0.12413
0.110029 -0.0167801 0.978949 -0.171089
0 0 0 0
-0.333857 0.853637 -0.331958 0.222818
-0.143648 0.586243 0.0235427 0.796951
0.16745 0.830514 -0.047519 -0.529101
0.280554 0.807877 -0.156964 -0.49395
-0.162219 0.88824 0.425653 -0.0594468
-0.0321647 -0.0753359 0.746539 0.66028
0.64812 0.632152 0.418842 -0.0699732
0.595816 0.519881 0.567312 -0.229965
0.258739 -0.599754 0.666271 -0.359765
0.140539 0.869189 -0.0924251 -0.464991
0.162888 0.969394 -0.177896 -0.045776
0 0 0 0
0.142949 0.699664 0.699156 -0.0348719
0.153165 0.463988 0.277785 0.827098
0.0899993 0.639512 0.12428 0.753312
0 0 0 0
0.110518 -0.0149205 0.982799 -0.147207
0 0 0 0
0 0 0 0
0 0 0 0
0 0 0 0
