11670848
0 0.853148 0.267432 3.29873 2 662.646 239.994 353.411 173.944
1 0.847426 0.558959 3.14835 2 670.24 190.796 357.461 138.286
2 0.837096 0.842577 2.98683 2 678.286 137.278 361.752 99.4969
3 0.778023 0.948934 2.98308 2 664.838 118.87 354.58 86.1554
4 0.777076 0.75131 3.12104 1 656.391 158.533 350.075 114.902
5 0.765705 0.533292 3.2715 1 645.745 198.295 344.397 143.721
6 0.778392 0.399077 3.49479 1 637.734 223.196 340.125 161.769
7 0.774247 0.352611 3.55035 2 634.466 230.771 338.382 167.26
8 0.877917 0.69781 2.90083 2 693.761 158.499 370.006 114.878
9 0.69594 0.533749 2.82641 2 654.3 185.076 348.96 134.141
10 0.496871 0.424205 2.77181 2 607.659 203.497 324.085 147.492
11 0.417174 0.358279 2.75339 2 588.388 215.214 313.807 155.984
12 0.813954 0.271824 3.30686 2 653.951 239.436 348.774 173.54
13 0.841989 -0.0117148 3.6058 2 645.085 282.86 344.045 205.013
14 0.918979 -0.305049 3.73424 2 653.918 322.726 348.756 233.907
15 0.857495 -0.332236 3.81829 2 638.958 325.402 340.778 235.847
16 0.872875 0.256544 3.21867 2 671.4 240.672 358.08 174.436
17 0.920651 -0.0771572 3.3921 2 671.486 292.776 358.126 212.2
18 1.00198 -0.395567 3.53037 2 680.272 338.241 362.812 245.153
19 0.947213 -0.475848 3.52104 2 670.009 349.988 357.338 253.666
20 0.840426 0.772899 3.0293 2 676.244 151.085 360.663 109.504
21 0.765527 0.321726 3.57109 2 631.871 235.468 336.998 170.664
22 0.766814 0.382899 3.5265 2 634.047 226.062 338.158 163.847
23 0.350319 0.324426 2.74044 2 571.997 221.215 305.065 160.333
24 0.454925 0.336989 2.75046 2 597.982 219.057 318.923 158.77
0
3
-0.445136 0.100064 0.863797 -0.213765
-0.461001 0.103992 0.855435 -0.211882
-0.475151 0.114901 0.837159 -0.245346
0 0 0 0
0.368583 0.724972 -0.518741 -0.263573
0.243999 0.737763 0.171249 0.605676
-0.0574486 -0.0522841 0.489301 0.868649
-0.00379997 -0.0754788 0.42396 0.902522
-0.296487 0.681812 0.409184 -0.528958
-0.179023 0.904693 -0.384188 -0.0433617
0.33525 0.480234 -0.391441 0.709759
0.289055 0.516524 -0.320452 0.739568
-0.246207 -0.661582 0.702793 -0.0881748
-0.158689 -0.287959 0.362661 0.871995
-0.0346977 0.370572 0.231243 0.898888
0 0 0 0
-0.384067 0.571594 0.535764 -0.4886
0.206831 0.927727 0.13076 0.28186
0.165623 0.944853 0.161359 0.231915
0 0 0 0
-0.476987 0.110904 0.842148 -0.225766
0 0 0 0
0 0 0 0
0 0 0 0
0 0 0 0
