11699585
0 0.860314 0.376357 3.47837 2 654.835 226.203 349.246 163.949
1 0.846577 0.652718 3.3522 2 658.717 182.061 351.316 131.955
2 0.829725 0.921877 3.21558 2 662.832 134.967 353.51 97.8222
3 0.775464 1.02923 3.18416 2 652.842 116.269 348.182 84.2699
4 0.741059 0.872693 3.39508 2 635.086 150.248 338.713 108.898
5 0.725711 0.655116 3.54592 2 625.382 187.267 333.537 135.728
6 0.692701 0.42895 3.61461 2 616.157 220.971 328.617 160.157
7 0.680548 0.375227 3.64654 2 612.648 228.999 326.745 165.975
8 0.930689 0.789109 3.1443 2 689.156 153.185 367.55 111.026
9 0.997125 0.556777 3.18952 2 700.537 192.221 373.62 139.319
10 0.960604 0.321899 3.26846 2 687.279 231.075 366.549 167.48
11 0.940562 0.264641 3.29 2 681.65 240.28 363.547 174.152
12 0.808772 0.387003 3.48655 2 644.151 224.805 343.547 162.936
13 0.86585 0.0395085 3.66647 2 646.925 275.739 345.027 199.852
14 0.943059 -0.294057 3.7623 2 657.09 320.936 350.448 232.61
15 0.861884 -0.324462 3.83431 2 639.097 324.187 340.852 234.966
16 0.894297 0.358195 3.39943 2 665.793 227.618 355.089 164.974
17 0.95283 -0.0236295 3.49437 2 672.362 284.649 358.593 206.31
18 1.04233 -0.360091 3.60276 2 684.08 332.085 364.843 240.69
19 1.00065 -0.448973 3.58101 2 677.246 345.028 361.198 250.071
20 0.834491 0.855739 3.25178 2 661.784 147.025 352.951 106.562
21 0.680151 0.308746 3.68318 2 611.25 238.691 326 173
22 0.650694 0.380264 3.62767 2 607.62 228.032 324.064 165.274
23 0.93395 0.202833 3.31906 2 678.483 250.123 361.858 181.286
24 0.965875 0.250119 3.27675 2 687.842 242.36 366.849 175.659
1
1
-0.39156 0.063925 0.89502 -0.203798
-0.416816 0.0696859 0.883541 -0.201901
-0.439533 0.0833006 0.862852 -0.235281
0 0 0 0
0.449972 0.632774 -0.588929 -0.224242
-0.158841 -0.585059 0.254065 0.753609
-0.035444 -0.611927 0.157857 0.77419
-0.0819815 -0.58982 0.267128 0.757651
-0.135503 0.701614 0.521505 -0.46627
0.114936 0.972179 0.119419 -0.165519
0.168327 0.728899 0.0527398 0.661506
0.235141 0.704769 0.00245389 0.66933
-0.224992 -0.626555 0.741157 -0.0865615
-0.152706 -0.342995 0.193174 0.906487
-0.062811 0.302954 0.164203 0.936649
0 0 0 0
-0.292476 0.603357 0.557741 -0.489227
0.0863634 0.925581 0.112246 0.351058
0.104603 0.930873 0.166436 0.307949
0 0 0 0
-0.441567 0.0787654 0.867499 -0.21508
0 0 0 0
0 0 0 0
0 0 0 0
0 0 0 0
