11867233
0 -0.455479 -0.174651 2.33798 2 349.639 319.11 186.474 231.286
1 -0.495903 0.0715966 2.21446 2 329.471 264.798 175.718 191.922
2 -0.527091 0.314669 2.07892 2 308.639 204.194 164.608 147.997
3 -0.485614 0.436474 2.04388 2 319.539 172.467 170.421 125.001
4 -0.587629 0.184283 2.02985 2 283.725 235.004 151.32 170.328
5 -0.568912 -0.0240521 2.0355 2 290.793 287.22 155.09 208.173
6 -0.455527 -0.213857 2.10341 2 334.491 332.845 178.395 241.242
7 -0.401817 -0.279235 2.14659 2 354.816 347.249 189.235 251.681
8 -0.479943 0.278724 2.29275 2 339.471 219.466 181.051 159.066
9 -0.43055 0.0786597 2.41803 2 361.301 264.721 192.694 191.866
10 -0.33184 -0.110711 2.47842 2 391.828 303.828 208.975 220.211
11 -0.288343 -0.154209 2.47836 2 403.921 312.708 215.424 226.647
12 -0.470944 -0.192603 2.25032 2 339.585 324.658 181.112 235.308
13 -0.457444 -0.593529 2.39664 2 351.901 407.292 187.68 295.2
14 -0.467462 -0.918493 2.67958 2 363.024 456.059 193.613 330.546
15 -0.359586 -0.941095 2.67489 2 390.784 460.645 208.418 333.869
16 -0.42761 -0.1474 2.35676 2 358.929 312.924 191.429 226.803
17 -0.265619 -0.600048 2.57775 2 412.803 399.491 220.162 289.546
18 -0.189685 -0.890033 2.70937 2 435.484 448.573 232.258 325.119
19 -0.101712 -0.922043 2.66414 2 457.515 457.596 244.008 331.66
20 -0.519537 0.254503 2.11516 2 314.237 220.033 167.593 159.477
21 -0.336265 -0.349535 2.13939 2 375.525 364.149 200.28 263.93
22 -0.463544 -0.28165 2.17408 2 336.754 347.026 179.602 251.52
23 -0.248304 -0.208009 2.49153 2 415.402 323.47 221.548 234.447
24 -0.322027 -0.170914 2.43882 2 393.081 316.702 209.643 229.541
1
1
0.541888 -0.189616 0.805324 -0.147839
0.526305 -0.186738 0.815593 -0.151457
0.511057 -0.188686 0.81526 -0.196393
0 0 0 0
-0.167567 0.752937 -0.448794 0.45121
0.00018893 0.957396 0.0467718 0.284965
-0.29848 -0.422495 0.0241963 0.855466
-0.386692 -0.419278 0.079703 0.81751
0.471402 0.514645 0.58631 0.411292
0.00295035 0.359763 0.291909 0.886201
0.241365 0.820156 0.122844 -0.50398
0.224847 0.746825 0.309658 -0.543883
-0.430872 0.616979 -0.464225 0.467099
0.174053 0.968484 -0.0155745 -0.177488
0.348404 0.933497 -0.0403112 -0.074649
0 0 0 0
0.383361 0.425085 0.817287 0.066175
-0.109895 0.202106 0.245328 0.941748
-0.0493841 0.300975 0.233836 0.923199
0 0 0 0
0.512879 -0.179228 0.820716 -0.176799
0 0 0 0
0 0 0 0
0 0 0 0
0 0 0 0
