11717584
0 1.32853 0.356791 3.61434 2 738.739 230.861 393.994 167.325
1 1.35296 0.612006 3.42422 2 758.049 189.977 404.293 137.693
2 1.37038 0.858785 3.22234 2 778.874 145.213 415.399 105.249
3 1.40513 0.93085 3.16766 2 791.333 131.373 422.044 95.2174
4 1.23597 0.764231 3.21031 2 751.053 159.683 400.562 115.736
5 1.30796 0.517434 3.19974 2 767.533 198.66 409.351 143.986
6 1.43444 0.356712 3.22556 2 792.478 224.755 422.655 162.899
7 1.50048 0.295848 3.25661 2 803.595 234.836 428.584 170.206
8 1.48527 0.760295 3.35197 1 791.261 165.458 422.006 119.921
9 1.49351 0.568647 3.49268 1 780.616 198.095 416.329 143.577
10 1.49171 0.370069 3.52482 1 777.538 227.617 414.687 164.974
11 1.52627 0.338359 3.44706 2 791.136 231.101 421.939 167.499
12 1.26221 0.365427 3.60322 2 726.679 229.502 387.562 166.34
13 1.14475 -0.004936 3.70531 2 697.682 281.889 372.097 204.309
14 1.0874 -0.259559 3.84728 2 679.365 315.533 362.328 228.694
15 1.12217 -0.346393 3.75742 1 690.585 328.145 368.312 237.835
16 1.36911 0.339697 3.55588 2 750.924 232.469 400.493 168.491
17 1.35859 0.0184019 3.71642 2 737.261 278.686 393.206 201.988
18 1.36427 -0.266522 3.80592 2 732.336 316.916 390.579 229.697
19 1.47052 -0.299044 3.72777 2 757.503 322.145 404.002 233.486
20 1.36719 0.798191 3.27489 2 773.544 156.803 412.557 113.649
21 1.56413 0.260707 3.26455 2 816.299 240.449 435.36 174.274
22 1.50319 0.303362 3.2194 2 807.86 233.11 430.859 168.955
23 1.52281 0.327058 3.44214 1 790.877 232.705 421.801 168.661
24 1.52587 0.326941 3.43726 1 791.93 232.653 422.363 168.624
0
1
-0.206462 0.107722 0.925832 -0.297666
-0.00905212 0.0433458 0.94853 -0.313576
0.185158 -0.0482452 0.918243 -0.346725
0 0 0 0
0.0400095 0.678839 -0.620731 0.390217
-0.0489732 0.969189 0.134215 0.200651
-0.0568482 0.878281 0.327002 0.344181
0.0153298 0.833006 0.423706 0.355442
0.346035 0.793295 0.500497 -0.0211202
0.21841 0.704082 0.222492 0.638014
0.02915 0.309594 0.074784 0.947475
-0.305343 0.119981 -0.481833 0.812531
-0.179019 -0.60661 0.729142 -0.261398
0.0491822 -0.556574 0.191373 0.806959
0.148305 0.795831 -0.22251 -0.543276
0 0 0 0
-0.214806 0.643878 0.580593 -0.449657
0.20186 0.82163 0.110318 0.521543
0.041075 0.327039 0.146226 0.932725
0 0 0 0
0.190218 -0.0358923 0.923673 -0.330692
0 0 0 0
0 0 0 0
0 0 0 0
0 0 0 0
