11863661
0 1.12764 0.36139 3.43792 2 711.106 227.643 379.256 164.992
1 1.09021 0.625254 3.2943 2 713.351 184.401 380.454 133.651
2 1.05528 0.882891 3.13812 2 717.241 137.591 382.528 99.7242
3 1.06703 0.978294 3.06486 2 725.477 118.268 386.921 85.7188
4 0.921141 0.78397 3.16738 2 685.545 154.962 365.624 112.314
5 0.877985 0.577286 3.24092 2 671.455 190.494 358.109 138.067
6 0.983439 0.370623 3.15203 1 699.957 221.31 373.311 160.403
7 1.08572 0.390508 3.21182 2 718.149 219.227 383.013 158.893
8 1.2408 0.805301 3.18715 2 754.044 152.223 402.157 110.329
9 1.33322 0.621538 3.31392 2 763.057 185.466 406.964 134.424
10 1.27711 0.425762 3.22653 2 758.489 213.863 404.527 155.005
11 1.24242 0.366927 3.20388 2 752.872 222.77 401.532 161.461
12 1.04849 0.354404 3.40449 2 697.116 228.193 371.795 165.391
13 1.07059 0.0491142 3.5835 2 690.565 274.236 368.301 198.763
14 1.09475 -0.271266 3.7292 2 686.994 318.232 366.397 230.65
15 1.09821 -0.356782 3.623 2 693.717 331.356 369.982 240.162
16 1.18385 0.358677 3.40013 2 725.203 227.426 386.775 164.836
17 1.29 0.0163713 3.51703 2 738.116 278.837 393.662 202.097
18 1.35913 -0.308924 3.6573 2 741.549 324.294 395.493 235.044
19 1.47311 -0.342531 3.62679 2 765.673 329.413 408.359 238.754
20 1.06453 0.819545 3.17909 2 716.221 149.632 381.985 108.451
21 1.11084 0.371548 3.19073 2 725.199 221.835 386.773 160.783
22 1.05743 0.404405 3.205 2 712.498 216.895 379.999 157.203
23 1.20127 0.301134 3.18832 2 745.159 233.029 397.418 168.896
24 1.27791 0.38479 3.17004 2 763.569 219.257 407.237 158.914
1
1
-0.02163 -0.0584136 0.967121 -0.246569
0.00344943 -0.0647861 0.967357 -0.244972
0.0304813 -0.0724784 0.956965 -0.279349
0 0 0 0
0.130474 0.753455 -0.602456 0.228755
0.115086 0.900951 -0.156674 -0.387937
-0.193948 -0.131544 -0.21563 0.947937
0.669357 0.0177176 -0.367048 -0.645696
0.186744 0.715085 0.65184 -0.169955
0.152227 0.82989 0.310737 0.437667
-0.124899 0.871143 -0.206632 0.427567
-0.0420346 0.862975 -0.299025 0.405083
-0.00371843 -0.675687 0.677837 -0.289775
-0.205735 -0.673113 0.164897 0.690943
-0.173886 -0.688522 0.125249 0.69283
0 0 0 0
-0.0367417 0.618956 0.691839 -0.370003
0.0190882 0.718379 0.213575 0.66178
-0.0561778 0.195862 0.214969 0.955128
0 0 0 0
0.0309733 -0.0670787 0.962478 -0.261108
0 0 0 0
0 0 0 0
0 0 0 0
0 0 0 0
