11762491
0 1.02804 0.424047 3.56031 2 683.731 220.575 364.657 159.869
1 1.0189 0.704521 3.44314 2 688.975 176.897 367.453 128.212
2 1.00592 0.977837 3.31587 2 694.38 130.693 370.336 94.7245
3 0.958681 1.08692 3.28111 2 686.654 112.105 366.215 81.252
4 0.889928 0.918789 3.48083 2 661.118 146.619 352.596 106.267
5 0.872698 0.675449 3.59498 2 651.88 185.574 347.669 134.501
6 0.821189 0.478583 3.63519 2 639.983 214.299 341.324 155.321
7 0.806321 0.411586 3.65685 2 636.178 224.034 339.295 162.377
8 1.11697 0.842329 3.24552 2 722.695 148.731 385.437 107.798
9 1.18359 0.613637 3.27749 2 734.393 185.668 391.676 134.57
10 1.13819 0.394799 3.32918 2 720.83 220.751 384.442 159.997
11 1.10797 0.329377 3.34743 2 713.182 231.067 380.364 167.474
12 0.969103 0.434077 3.5674 2 671.814 219.293 358.301 158.941
13 1.05196 0.0736663 3.70943 2 679.98 271.11 362.656 196.497
14 1.11258 -0.247558 3.83668 2 684.486 314.044 365.059 227.615
15 1.02357 -0.251694 3.90718 2 664.947 313.96 354.638 227.554
16 1.06664 0.405653 3.48317 2 695.923 221.892 371.159 160.824
17 1.15306 0.0332377 3.58995 2 706.239 276.496 376.661 200.4
18 1.25285 -0.31558 3.67388 2 720.166 324.993 384.089 235.55
19 1.2035 -0.397895 3.66747 2 711.221 336.5 379.318 243.891
20 1.00982 0.910652 3.34969 2 693.018 142.481 369.609 103.268
21 0.801248 0.344814 3.6674 2 634.735 233.464 338.525 169.211
22 0.816785 0.371184 3.64053 2 638.838 229.418 340.714 166.279
23 1.09743 0.267063 3.37189 2 709.288 240.86 378.287 174.572
24 1.07661 0.313078 3.31011 2 709.164 233.02 378.221 168.89
1
1
-0.355895 0.0570529 0.913505 -0.188659
-0.373797 0.0607533 0.906327 -0.1875
-0.390217 0.0681737 0.890932 -0.22209
0 0 0 0
0.393219 0.668371 -0.606836 -0.174382
-0.0645218 -0.422493 0.209997 0.879339
0.155541 0.765439 -0.0355295 0.623416
0.185276 0.767091 0.0136443 0.614051
-0.122007 0.72011 0.526509 -0.435138
0.0819823 0.98212 0.132262 -0.10595
0.0601874 0.893354 -0.139251 -0.422972
0.025253 0.877218 -0.243612 -0.412921
-0.195464 -0.639286 0.738307 -0.0895014
-0.168939 -0.373003 0.128717 0.903195
-0.0258177 0.306494 0.203639 0.929476
0 0 0 0
-0.276756 0.618241 0.564912 -0.471231
0.084053 0.909853 0.154367 0.375863
0.0911063 0.971209 0.152818 0.158425
0 0 0 0
-0.391497 0.0657738 0.895404 -0.201634
0 0 0 0
0 0 0 0
0 0 0 0
0 0 0 0
