11852268
0 1.02627 0.258007 3.21938 2 704.617 240.39 375.796 174.231
1 1.00736 0.546557 3.08366 2 710.348 190.825 378.852 138.308
2 0.982681 0.826644 2.93456 2 716.259 137.414 382.005 99.5959
3 0.917845 0.919214 2.94094 2 700.466 121.655 373.582 88.1737
4 0.936562 0.749646 3.10394 1 693.129 158.01 369.669 114.524
5 0.934207 0.550957 3.22253 1 684.674 194.105 365.159 140.684
6 0.964433 0.36945 3.4122 2 679.444 226.106 362.37 163.878
7 0.967807 0.311125 3.47565 2 676.482 235.667 360.791 170.809
8 1.01574 0.682309 2.85054 2 731.137 159.031 389.94 115.263
9 0.830046 0.486605 2.78173 2 690.609 192.064 368.325 139.206
10 0.644348 0.42384 2.71073 2 648.263 201.682 345.74 146.176
11 0.593181 0.418583 2.72965 1 634.073 203.262 338.172 147.321
12 0.993016 0.265554 3.22207 2 697.227 239.243 371.854 173.4
13 1.03682 0.00807733 3.54936 2 685.927 280.053 365.828 202.979
14 1.13379 -0.369226 3.66117 1 698.301 332.575 372.427 241.046
15 1.08594 -0.464111 3.60742 2 692.323 346.74 369.239 251.312
16 1.0377 0.244358 3.1462 2 712.335 241.638 379.912 175.136
17 1.08028 -0.0805583 3.32742 2 708.667 293.541 377.956 212.755
18 1.1491 -0.408351 3.44082 2 715.297 341.705 381.492 247.663
19 1.08637 -0.482516 3.43358 2 703.08 352.827 374.976 255.724
20 0.989776 0.75788 2.97411 2 714.786 151.151 381.219 109.552
21 0.976098 0.271112 3.50925 2 676.248 241.91 360.666 175.333
22 0.970529 0.289866 3.4505 2 678.438 238.469 361.834 172.839
23 0.516084 0.397404 2.71808 2 615 206.958 328 150
24 0.569732 0.436685 2.70461 2 629.471 199.14 335.718 144.334
0
0
-0.48951 0.0830351 0.843823 -0.203587
-0.522717 0.0910746 0.823665 -0.20012
-0.553806 0.109807 0.790562 -0.237176
0 0 0 0
0.448496 0.648854 -0.519193 -0.329057
0.226998 0.813012 0.138371 0.518012
0.375044 0.905685 0.126163 0.152182
0.391111 0.900032 0.0945029 0.167461
-0.295011 0.652604 0.395225 -0.575216
-0.0639173 0.906441 -0.380081 0.172679
-0.459328 0.698064 -0.372143 -0.404022
0.306779 -0.500651 0.598271 0.545259
-0.204092 -0.613755 0.754101 -0.113945
0.200296 0.512617 0.39042 0.738023
-0.168691 -0.403854 0.0779394 0.895751
0 0 0 0
-0.391402 0.558363 0.506152 -0.528057
0.227444 0.935068 0.120121 0.243903
0.142883 0.965606 0.126873 0.176332
0 0 0 0
-0.556595 0.104406 0.795549 -0.215416
0 0 0 0
0 0 0 0
0 0 0 0
0 0 0 0
