11813130
0 -0.518129 -0.100476 2.41147 2 335.771 302.356 179.078 219.144
1 -0.528363 0.16135 2.31619 2 326.523 245.833 174.146 178.177
2 -0.539202 0.419738 2.20577 2 314.845 184.341 167.917 133.608
3 -0.522598 0.541377 2.19222 2 318.872 155.369 170.065 112.609
4 -0.575846 0.303174 2.17001 2 300.434 210.112 160.232 152.286
5 -0.50141 0.0804109 2.13175 2 321.629 262.055 171.535 189.934
6 -0.510129 -0.110302 2.19067 1 323.249 306.781 172.399 222.351
7 -0.524385 -0.156515 2.20308 1 319.631 317.302 170.47 229.976
8 -0.314094 0.242543 2.17701 1 384.567 224.735 205.102 162.885
9 -0.522162 0.0866719 2.12563 1 314.361 260.496 167.659 188.804
10 -0.54945 -0.115441 2.19546 1 311.135 307.93 165.939 223.183
11 -0.525072 -0.182486 2.21263 2 320.109 323.113 170.725 234.188
12 -0.569446 -0.0684351 2.3674 2 317.93 295.893 169.563 214.459
13 -0.499102 -0.392646 2.45396 1 343.494 362.524 183.197 262.752
14 -0.505021 -0.793607 2.70453 2 354.628 430.758 189.135 312.208
15 -0.42842 -0.874258 2.7115 2 374.494 445.582 199.73 322.952
16 -0.451204 -0.13009 2.38667 2 353.664 308.853 188.621 223.853
17 -0.475863 -0.56035 2.54753 2 354.822 393.105 189.239 284.917
18 -0.435585 -0.935498 2.76221 2 374.668 453.928 199.823 329.001
19 -0.347385 -0.924502 2.76315 2 396.861 451.772 211.659 327.438
20 -0.5378 0.356237 2.23532 2 317.63 200.139 169.403 145.058
21 -0.516466 -0.232049 2.2227 2 323.506 334.259 172.536 242.266
22 -0.543317 -0.173119 2.19485 2 312.992 321.296 166.929 232.871
23 -0.518769 -0.260147 2.2363 2 323.745 340.33 172.664 246.667
24 -0.52991 -0.214276 2.19992 2 317.596 330.711 169.385 239.695
1
1
-0.0146246 -0.0160582 0.984541 -0.173801
0.0603406 -0.0292378 0.982799 -0.172075
0.144798 -0.0421746 0.965535 -0.212124
0 0 0 0
-0.30496 0.84201 -0.345991 0.279839
-0.178717 0.440108 -0.00196924 0.879978
-0.0868662 -0.681599 0.123263 0.716019
-0.0103824 0.704419 -0.192608 -0.683073
-0.075516 0.843636 0.523104 -0.0945371
0.451545 -0.298254 0.0449299 0.839722
0.128444 0.912444 -0.121322 -0.369094
0.182303 0.877494 0.0995055 -0.432283
0.147686 -0.460324 0.831995 -0.272167
-0.163533 -0.67835 0.0213804 0.715989
0.26757 0.938065 -0.0665155 -0.209802
0 0 0 0
-0.00431033 0.782036 0.555302 -0.282915
0.145651 0.700194 0.105447 0.690938
-0.0539231 -0.0221811 0.254947 0.965195
0 0 0 0
0.143059 -0.0510306 0.969995 -0.189841
0 0 0 0
0 0 0 0
0 0 0 0
0 0 0 0
