11842388
0 -0.397259 -0.149737 2.4709 2 373.237 311.92 199.059 226.075
1 -0.442538 0.120682 2.34563 2 353.935 255.12 188.766 184.907
2 -0.484555 0.383315 2.20863 2 332.332 192.949 177.243 139.847
3 -0.444239 0.50707 2.179 2 342.919 162.75 182.89 117.959
4 -0.545386 0.240356 2.13809 2 307.672 224.043 164.092 162.383
5 -0.54354 0.0219694 2.13838 2 308.439 275.99 164.501 200.034
6 -0.395263 -0.18948 2.20549 2 360.434 324.783 192.231 235.399
7 -0.340535 -0.239869 2.23644 2 379.051 335.586 202.16 243.228
8 -0.425428 0.323079 2.42747 2 363.08 213.663 193.643 154.86
9 -0.363845 0.138684 2.55158 2 385.809 253.683 205.765 183.866
10 -0.214796 0.00582484 2.53949 2 425.827 280.051 227.108 202.977
11 -0.152361 -0.0367705 2.51939 2 442.408 288.589 235.951 209.166
12 -0.410948 -0.152031 2.37494 2 364.748 313.663 194.532 227.338
13 -0.428045 -0.561597 2.49881 2 365.557 395.518 194.964 286.666
14 -0.474739 -0.897119 2.77587 2 365.452 445.996 194.908 323.252
15 -0.396109 -0.926991 2.74343 2 383.906 453.504 204.75 328.693
16 -0.373177 -0.143287 2.49744 2 381.089 310.275 203.247 224.883
17 -0.255024 -0.542129 2.62837 2 417.018 385.921 222.409 279.71
18 -0.209178 -0.86173 2.7265 2 430.856 442.181 229.79 320.487
19 -0.119972 -0.912133 2.68944 2 453.066 454.03 241.635 329.075
20 -0.47463 0.318817 2.24502 2 337.97 209.052 180.25 151.518
21 -0.275354 -0.274924 2.24906 2 399.64 343.158 213.141 248.716
22 -0.4057 -0.256189 2.27762 2 361.14 338.28 192.608 245.181
23 -0.114762 -0.070309 2.50858 2 452.53 295.379 241.349 214.086
24 -0.129719 -0.0163059 2.47147 2 447.901 284.546 238.88 206.235
1
0
0.557107 -0.185289 0.798855 -0.130883
0.535765 -0.181759 0.813322 -0.135742
0.513715 -0.192549 0.817126 -0.176994
0 0 0 0
-0.211563 0.748785 -0.440756 0.447545
-0.000253258 0.977178 0.00427 0.212379
-0.32213 -0.400541 -0.00381682 0.857779
-0.431945 -0.393807 0.0270746 0.81093
0.462575 0.575464 0.545251 0.396948
-0.0332525 0.330066 0.314885 0.889268
-0.182599 0.846787 0.366829 0.339184
-0.288666 0.829033 0.379939 0.291586
-0.501348 0.578588 -0.486637 0.420798
0.141405 0.977328 -0.0423867 -0.151782
0.314118 0.913696 -0.134104 -0.220239
0 0 0 0
0.364835 0.605075 0.674871 0.212906
-0.105783 0.191315 0.17754 0.959525
-0.0252023 0.274084 0.160685 0.947852
0 0 0 0
0.514621 -0.184943 0.822441 -0.156688
0 0 0 0
0 0 0 0
0 0 0 0
0 0 0 0
