11707642
0 -0.205217 -0.0604144 2.53015 2 428.215 293.286 228.381 212.57
1 -0.221573 0.216303 2.42207 2 421.031 236.009 224.55 171.056
2 -0.234826 0.485398 2.30396 2 413.626 174.235 220.601 126.283
3 -0.205898 0.608417 2.28879 2 421.782 146.02 224.951 105.833
4 -0.307676 0.356002 2.25329 2 389.815 201.055 207.901 145.722
5 -0.318932 0.149248 2.23163 2 385.576 247.334 205.641 179.264
6 -0.295699 -0.035803 2.30336 2 395.649 289.079 211.013 209.52
7 -0.282322 -0.0839952 2.33213 1 400.69 299.44 213.701 217.03
8 -0.21639 0.245624 2.1896 1 415.941 224.4 221.835 162.642
9 -0.118304 0.327339 2.41467 2 450.242 212.567 240.129 154.066
10 0.066885 0.389739 2.59521 2 501.695 205.15 267.571 148.69
11 0.0872093 0.429691 2.70092 2 506.187 200.613 269.966 145.402
12 -0.238494 -0.0513806 2.44252 2 416.833 291.852 222.311 211.53
13 -0.310479 -0.488876 2.5783 2 400.889 377.458 213.807 273.577
14 -0.496423 -0.867386 2.77303 2 359.929 440.677 191.962 319.396
15 -0.401023 -0.922881 2.75475 2 383.087 452.026 204.313 327.622
16 -0.163626 -0.0672881 2.54525 2 439.786 294.577 234.552 213.505
17 -0.108136 -0.432446 2.80485 2 457.416 359.312 243.955 260.424
18 -0.102518 -0.75456 2.93928 2 459.868 411.673 245.263 298.375
19 -0.167898 -0.817908 2.86808 2 443.483 426.294 236.524 308.972
20 -0.231828 0.419303 2.33553 2 415.528 190.138 221.615 137.81
21 -0.271525 -0.166404 2.35772 2 404.726 316.941 215.854 229.714
22 -0.256108 -0.0626027 2.32889 2 408.338 294.812 217.78 213.676
23 0.108225 0.43164 2.69495 2 511.607 200.062 272.857 145.002
24 0.0692299 0.437939 2.67175 2 501.798 198.161 267.626 143.624
0
1
0.398425 -0.100565 0.897935 -0.157658
0.2117 -0.067168 0.959278 -0.174522
-0.0415897 -0.0115319 0.974203 -0.221509
0 0 0 0
-0.335293 0.859736 -0.375972 0.0841299
-0.027177 0.81787 -0.0520726 0.572397
0.0375519 0.478879 0.188564 0.856568
0.0237442 0.474372 0.286016 0.832227
-0.338883 0.937355 0.0569316 -0.0572979
-0.0988527 0.166579 0.805062 0.560674
-0.473521 0.0932052 0.626936 0.611589
-0.373943 -0.159433 0.730848 0.548278
0.371446 -0.521851 0.640307 -0.423919
0.113322 0.928172 -0.124164 -0.332022
0.188527 0.943248 -0.238798 -0.133103
0 0 0 0
0.221646 0.759444 0.611651 0.000392885
0.0514227 0.350706 0.304851 0.883984
0.171541 0.874994 0.0959354 0.442442
0 0 0 0
-0.0423414 -0.0150306 0.978602 -0.200798
0 0 0 0
0 0 0 0
0 0 0 0
0 0 0 0
