11761317
0 1.05725 0.419783 3.54025 2 690.629 220.827 368.335 160.052
1 1.04188 0.694486 3.41426 2 695.408 177.495 370.884 128.646
2 1.02248 0.962272 3.27849 2 700.295 131.392 373.491 95.2313
3 0.978532 1.06858 3.23525 2 693.789 112.597 370.021 81.6088
4 0.918262 0.915719 3.43996 2 668.971 145.445 356.785 105.416
5 0.909452 0.676772 3.56239 2 660.616 184.475 352.329 133.705
6 0.868635 0.472932 3.62014 2 649.75 214.788 346.533 155.675
7 0.84493 0.403403 3.637 2 644.391 224.846 343.675 162.966
8 1.13743 0.828519 3.20622 2 730.06 149.298 389.365 108.209
9 1.19952 0.597188 3.25136 2 739.824 187.475 394.573 135.879
10 1.15975 0.380752 3.29896 2 727.576 222.356 388.041 161.161
11 1.12654 0.31165 3.33776 2 717.731 233.622 382.79 169.326
12 0.999502 0.430876 3.54876 2 678.782 219.409 362.017 159.024
13 1.07386 0.0680007 3.70131 2 684.543 271.864 365.09 197.043
14 1.112 -0.236395 3.83721 2 684.349 312.558 364.986 226.538
15 1.04349 -0.260501 3.91767 2 668.006 315.021 356.27 228.323
16 1.09404 0.400387 3.46182 2 702.765 222.285 374.808 161.109
17 1.17371 0.0258422 3.5875 2 710.414 277.542 378.887 201.158
18 1.2439 -0.309608 3.67535 2 718.367 324.144 383.129 234.935
19 1.17351 -0.382737 3.62714 2 707.988 334.977 377.594 242.787
20 1.02804 0.896446 3.31441 2 699.072 143.18 372.838 103.775
21 0.838229 0.342956 3.65005 2 642.499 233.479 342.666 169.222
22 0.868846 0.391706 3.6253 2 649.496 226.294 346.398 164.015
23 1.12147 0.243037 3.36003 2 715.081 244.354 381.377 177.104
24 1.09795 0.350146 3.37033 2 709.545 228.272 378.424 165.449
1
1
-0.371166 0.0569537 0.903401 -0.207024
-0.387211 0.060635 0.896641 -0.205976
-0.401334 0.0674766 0.881275 -0.240275
0 0 0 0
0.422333 0.64442 -0.615656 -0.165302
-0.0860335 -0.419782 0.218733 0.876662
0.162108 0.659923 0.0366567 0.73272
0.1957 0.650452 -0.0210546 0.733601
-0.114357 0.705879 0.533832 -0.45131
0.0989191 0.986394 0.125159 -0.0397021
0.063818 -0.215498 0.123594 0.966547
0.142594 -0.220964 0.278512 0.923728
-0.220679 -0.631068 0.738008 -0.091641
-0.160369 -0.360432 0.146164 0.907197
0.0199283 0.349762 0.214472 0.911741
0 0 0 0
-0.275818 0.609278 0.560959 -0.487883
0.110569 0.913242 0.151997 0.36147
0.0868394 0.934636 0.135602 0.317058
0 0 0 0
-0.402817 0.0653692 0.886059 -0.219922
0 0 0 0
0 0 0 0
0 0 0 0
0 0 0 0
