11854710
0 -0.241596 -0.117201 2.48523 2 417.118 305.07 222.463 221.111
1 -0.24762 0.181502 2.39518 2 412.844 242.855 220.183 176.018
2 -0.255647 0.470381 2.28925 2 406.898 176.879 217.012 128.199
3 -0.188989 0.596544 2.29395 2 427.032 148.991 227.75 107.987
4 -0.323671 0.319458 2.19804 2 382.437 207.48 203.967 150.379
5 -0.372916 0.0573751 2.18579 2 366.462 267.909 195.446 194.177
6 -0.356297 -0.133283 2.23003 2 373.931 311.497 199.43 225.769
7 -0.357769 -0.228445 2.2668 2 375.214 332.304 200.114 240.85
8 -0.215555 0.362189 2.48566 1 424.24 207.376 226.261 150.303
9 -0.159633 0.219762 2.69084 2 443.174 239.897 236.359 173.874
10 0.0193412 0.122048 2.72383 2 488.834 258.562 260.712 187.402
11 0.0535258 0.14776 2.71234 2 497.514 253.671 265.341 183.857
12 -0.262397 -0.114419 2.38811 2 408.392 305.457 217.809 221.391
13 -0.334832 -0.52997 2.54159 2 393.011 387.135 209.606 280.59
14 -0.456076 -0.890593 2.7323 2 368.294 447.408 196.423 324.275
15 -0.364303 -0.932992 2.70206 2 390.524 457.288 208.279 331.436
16 -0.213236 -0.118202 2.50935 2 425.543 305.037 226.956 221.087
17 -0.188653 -0.493135 2.79543 2 437.457 370.652 233.311 268.643
18 -0.229865 -0.789261 2.93425 2 429.815 418.005 229.235 302.964
19 -0.163019 -0.823426 2.93683 2 445.586 423.829 237.646 307.185
20 -0.253487 0.399373 2.31815 2 408.577 193.82 217.908 140.478
21 -0.345233 -0.293819 2.28906 2 380.01 346.309 202.672 251
22 -0.361201 -0.26194 2.2425 2 372.94 340.453 198.901 246.755
23 0.113841 0.105906 2.71032 2 512.812 261.457 273.5 189.501
24 0.0796555 0.174249 2.683 2 504.356 248.374 268.99 180.018
1
2
0.532925 -0.0867913 0.833441 -0.11762
0.533145 -0.0868225 0.8333 -0.117597
0.528455 -0.115491 0.82684 -0.154056
0 0 0 0
-0.226706 0.727561 -0.4467 0.468742
0.0148629 0.916797 -0.0943213 0.387769
0.119657 0.972671 0.0191281 -0.198058
0.178663 0.965462 -0.0417061 -0.184996
0.437211 0.651979 0.450611 0.425112
-0.0100139 0.213825 0.470817 0.855868
-0.44509 0.285501 0.255681 0.809328
-0.632916 0.408764 0.624233 0.206549
0.427065 -0.523334 0.575863 -0.460564
0.154212 0.961363 -0.115472 -0.196637
0.200463 0.943323 -0.190086 -0.18391
0 0 0 0
0.311561 0.69568 0.6241 0.171636
0.0454917 0.213999 0.317752 0.922588
0.0794888 0.0698254 0.210982 0.971747
0 0 0 0
0.531101 -0.101958 0.830171 -0.135474
0 0 0 0
0 0 0 0
0 0 0 0
0 0 0 0
