11765955
0 -0.124856 -0.00456952 2.61777 2 451.194 282.093 240.637 204.457
1 -0.115168 0.2801 2.5359 2 452.724 225.315 241.453 163.305
2 -0.104507 0.556408 2.44296 2 454.44 165.571 242.368 120.004
3 -0.0761527 0.668672 2.44118 2 462.4 141.929 246.613 102.868
4 -0.208113 0.439136 2.45843 2 425.613 190.621 226.994 138.159
5 0.0452066 0.322763 2.44799 2 496.661 214.466 264.886 155.442
6 0.253177 0.330842 2.54584 2 552.426 215.372 294.627 156.099
7 0.311311 0.330315 2.59625 1 566.54 216.732 302.155 157.085
8 0.0100344 0.373825 2.40084 2 486.834 202.343 259.645 146.655
9 0.158631 0.313051 2.50972 2 527.446 218.056 281.305 158.044
10 0.379181 0.361148 2.65186 2 582.504 212.143 310.669 153.759
11 0.457022 0.37181 2.7136 2 600.106 211.678 320.057 153.421
12 -0.191959 -0.00222864 2.58782 2 432.986 281.646 230.926 204.133
13 -0.229503 -0.415999 2.63336 2 423.923 361.284 226.092 261.854
14 -0.408099 -0.835311 2.77195 2 382.026 434.734 203.747 315.089
15 -0.352037 -0.907941 2.77325 2 396.031 448.079 211.217 324.761
16 -0.0531094 -0.00489204 2.57996 2 469.819 282.169 250.57 204.512
17 -0.0774633 -0.371136 2.84266 2 465.21 347.303 248.112 251.721
18 -0.0573981 -0.706371 2.94549 2 470.507 403.007 250.937 292.094
19 -0.0816706 -0.776791 2.8466 2 464.132 419.962 247.537 304.383
20 -0.107289 0.488585 2.46827 2 453.994 180.805 242.13 131.045
21 0.377074 0.338933 2.64793 2 582.083 216.308 310.444 156.777
22 0.275335 0.359885 2.53517 2 558.765 209.259 298.008 151.668
23 0.509484 0.389933 2.74479 2 612.04 209.077 326.421 151.536
24 0.483346 0.418463 2.70456 2 607.287 202.641 323.886 146.871
1
1
-0.0272303 0.0203377 0.989709 -0.139002
-0.0580463 0.0246577 0.98838 -0.138301
-0.0918962 0.0360166 0.97962 -0.174938
0 0 0 0
0.00225371 0.843769 -0.529776 0.0859458
-0.234058 0.772925 0.486455 0.333416
-0.30057 0.447456 0.653623 0.531242
-0.201503 0.380742 0.675255 0.598717
-0.116998 0.88152 0.403624 -0.215224
-0.544748 -0.204437 0.215872 0.784127
-0.284901 0.371126 0.71343 0.521645
-0.245978 0.35681 0.702027 0.5651
0.0533992 -0.654648 0.716287 -0.235621
-0.00508365 -0.688082 0.07061 0.722171
0.129237 0.964402 -0.207805 -0.10022
0 0 0 0
-0.0878112 0.663018 0.700215 -0.249792
0.241075 0.689496 0.190225 0.655967
0.098315 0.775846 0.114448 0.612617
0 0 0 0
-0.0921902 0.0326828 0.983257 -0.153747
0 0 0 0
0 0 0 0
0 0 0 0
0 0 0 0
