11706984
0 0.873365 0.355866 3.42438 2 660.195 228.369 352.104 165.518
1 0.862885 0.639645 3.31079 2 664.342 182.815 354.316 132.502
2 0.851646 0.915099 3.18409 2 669.398 134.587 357.012 97.5469
3 0.796275 1.02205 3.16354 2 658.517 116.34 351.209 84.3217
4 0.772747 0.864868 3.35895 2 643.281 149.996 343.083 108.715
5 0.758642 0.645109 3.50718 2 633.474 187.654 337.853 136.009
6 0.742244 0.427405 3.58531 2 626.835 220.67 334.312 159.939
7 0.729566 0.365148 3.60556 2 623.546 229.801 332.558 166.557
8 0.933313 0.77539 3.10617 2 692.271 153.86 369.211 111.516
9 0.937578 0.533923 3.10474 2 693.105 193.568 369.656 140.296
10 0.76682 0.320491 3.12321 2 653.563 229.049 348.567 166.012
11 0.714865 0.280004 3.1161 2 642.325 235.565 342.573 170.734
12 0.827324 0.360749 3.44202 2 649.974 227.942 346.653 165.209
13 0.863176 0.025394 3.64646 2 647.316 277.674 345.235 201.255
14 0.943013 -0.29221 3.75646 2 657.353 320.748 350.588 232.474
15 0.85872 -0.326214 3.82312 2 638.981 324.546 340.79 235.226
16 0.901844 0.3437 3.33461 2 670.929 228.776 357.829 165.814
17 0.955156 -0.0354997 3.49564 2 672.758 286.374 358.804 207.56
18 1.03864 -0.363515 3.59909 2 683.573 332.62 364.573 241.079
19 0.992083 -0.449815 3.5729 2 676.018 345.29 360.543 250.261
20 0.85467 0.847525 3.21815 2 668.016 146.904 356.275 106.474
21 0.72605 0.300894 3.63047 2 621.875 239.152 331.666 173.334
22 0.700446 0.351421 3.60883 2 617.812 231.794 329.5 168.001
23 0.67788 0.231153 3.1221 2 633.756 243.623 338.003 176.575
24 0.733288 0.249011 3.11585 2 646.432 240.611 344.764 174.392
1
0
-0.450307 0.0712423 0.872437 -0.176074
-0.465791 0.0743704 0.864269 -0.174776
-0.476432 0.095324 0.848035 -0.211573
0 0 0 0
0.448606 0.61683 -0.593033 -0.258039
-0.179779 -0.654742 0.231848 0.696591
-0.0448862 -0.44286 0.168971 0.87938
0.0144294 -0.454149 0.181611 0.8721
-0.178143 0.703579 0.484866 -0.488003
-0.00245417 0.998375 0.00898338 -0.0562174
0.305808 0.460545 -0.130176 0.823063
0.358624 0.418473 -0.256566 0.794004
-0.265654 -0.67136 0.691884 -0.000442468
-0.126793 -0.29187 0.24241 0.9165
-0.0701952 0.26197 0.188144 0.943952
0 0 0 0
-0.355167 0.576528 0.556597 -0.481322
0.170051 0.934546 0.121098 0.288169
0.103174 0.930987 0.161134 0.310893
0 0 0 0
-0.47941 0.0858832 0.852389 -0.190323
0 0 0 0
0 0 0 0
0 0 0 0
0 0 0 0
