11826083
0 -0.156532 -0.018465 2.52504 2 441.366 284.908 235.395 206.497
1 -0.192658 0.243024 2.43469 2 429.527 230.688 229.081 167.2
2 -0.227651 0.492862 2.3329 2 416.624 173.942 222.199 126.071
3 -0.190177 0.61116 2.32297 2 427.384 147.431 227.938 106.856
4 -0.275925 0.33985 2.25934 2 399.796 204.934 213.225 148.533
5 -0.245318 0.140614 2.25572 2 409.154 249.661 218.216 180.951
6 -0.270714 -0.0837198 2.29885 2 402.963 299.642 214.914 217.176
7 -0.289498 -0.154325 2.31482 1 397.902 314.967 212.214 228.284
8 -0.0465106 0.324665 2.31826 1 470.152 210.301 250.748 152.423
9 -0.137793 0.107416 2.3195 1 443.135 257.795 236.339 186.846
10 -0.279808 -0.0957586 2.38084 2 403.124 301.567 214.999 218.572
11 -0.280245 -0.163806 2.34343 2 401.676 316.601 214.227 229.468
12 -0.203894 -0.0334285 2.46755 2 427.17 288.062 227.824 208.783
13 -0.248008 -0.527773 2.6143 2 418.52 383.68 223.21 278.086
14 -0.42614 -0.872749 2.7354 2 376.039 443.848 200.554 321.695
15 -0.351465 -0.918585 2.72787 2 394.692 452.886 210.502 328.245
16 -0.107655 -0.00246311 2.50655 2 454.455 281.707 242.376 204.178
17 -0.0945763 -0.406892 2.83801 2 461.023 353.815 245.879 256.44
18 -0.110099 -0.724926 2.93914 2 458.094 406.515 244.317 294.636
19 -0.0489284 -0.768274 2.98876 2 472.651 411.839 252.081 298.495
20 -0.21934 0.431725 2.36039 2 419.896 188.427 223.945 136.57
21 -0.301883 -0.231172 2.32045 2 394.385 331.684 210.339 240.4
22 -0.273214 -0.139629 2.28459 2 401.683 312.151 214.231 226.243
23 -0.290457 -0.203031 2.32328 2 397.907 325.472 212.217 235.897
24 -0.270751 -0.187245 2.36983 2 405.349 321.214 216.186 232.811
1
1
0.208389 -0.099123 0.961865 -0.146845
0.176487 -0.0942159 0.968227 -0.150041
0.139008 -0.0920834 0.966048 -0.197356
0 0 0 0
-0.304841 0.864374 -0.31036 0.252202
-0.0748297 0.329186 0.0166504 0.941148
0.109525 0.851815 0.00101162 0.512265
0.158996 0.839551 -0.0516905 0.516916
-0.0874011 0.868938 0.484288 -0.0526576
-0.0795891 0.891813 -0.180857 -0.406971
0.316173 0.243334 0.0471483 0.915751
-0.01939 0.0867822 -0.247988 0.964674
-0.240857 0.681955 -0.586094 0.365265
0.0994284 0.841608 -0.111945 -0.51892
0.13403 0.957512 -0.240664 -0.085372
0 0 0 0
0.00344781 0.555283 0.803983 -0.212746
0.166776 0.498201 0.292562 0.798992
-0.0150602 -0.244056 0.154261 0.957295
0 0 0 0
0.138089 -0.0919509 0.970662 -0.174045
0 0 0 0
0 0 0 0
0 0 0 0
0 0 0 0
