11700387
0 0.858165 0.37814 3.47483 2 654.582 225.887 349.11 163.72
1 0.850252 0.65731 3.35166 2 659.514 181.342 351.741 131.434
2 0.839937 0.929249 3.21691 2 664.971 133.848 354.651 97.0112
3 0.783451 1.03627 3.19477 2 654.02 115.687 348.811 83.8484
4 0.764635 0.879608 3.38825 2 640.239 148.919 341.461 107.934
5 0.751146 0.657069 3.5329 2 630.911 186.618 336.486 135.258
6 0.734669 0.436401 3.61857 2 624.063 219.97 332.834 159.431
7 0.730465 0.369317 3.64135 2 622.337 229.728 331.913 166.504
8 0.928765 0.791301 3.14132 2 688.927 152.707 367.428 110.68
9 0.978912 0.54003 3.1807 2 697.134 194.673 371.805 141.097
10 0.928145 0.325257 3.26061 2 680.829 230.443 363.109 167.022
11 0.903657 0.262873 3.27728 2 674.568 240.409 359.77 174.245
12 0.81236 0.385531 3.48465 2 644.954 224.987 343.975 163.068
13 0.866479 0.0381215 3.66681 2 647.029 275.931 345.082 199.991
14 0.946759 -0.291708 3.75711 2 658.017 320.674 350.942 232.42
15 0.852784 -0.335129 3.81156 1 638.377 325.865 340.467 236.183
16 0.885866 0.363351 3.39299 2 664.413 226.745 354.354 164.342
17 0.959048 -0.0256821 3.51435 2 672.515 284.926 358.675 206.511
18 1.04393 -0.358305 3.60485 2 684.272 331.803 364.945 240.486
19 0.996089 -0.445716 3.57305 2 676.789 344.704 360.954 249.837
20 0.842985 0.862423 3.25268 2 663.558 146.004 353.898 105.821
21 0.73261 0.310135 3.67164 2 621.561 238.346 331.499 172.75
22 0.70458 0.356588 3.63386 2 617.675 231.412 329.427 167.724
23 0.895673 0.198371 3.31308 2 670.778 250.764 357.748 181.75
24 0.938894 0.256791 3.27792 2 682.027 241.348 363.748 174.925
1
1
-0.425576 0.0777675 0.881014 -0.191449
-0.447478 0.0825315 0.870094 -0.189444
-0.466251 0.0987013 0.850349 -0.223103
0 0 0 0
0.455162 0.617514 -0.589384 -0.253238
-0.172947 -0.649541 0.226738 0.704823
-0.0749968 -0.556578 0.171451 0.809445
-0.0673823 -0.558499 0.151101 0.812839
-0.16246 0.703588 0.497865 -0.480314
0.0971664 0.964921 0.0769321 -0.231448
0.185775 0.517261 0.0892468 0.830641
0.219539 0.50367 0.0121532 0.835447
-0.233064 -0.646404 0.723608 -0.0650674
-0.142323 -0.307906 0.20268 0.918618
-0.0873579 0.198511 0.151253 0.964409
0 0 0 0
-0.338626 0.588877 0.548615 -0.48742
0.113489 0.93586 0.131604 0.30654
0.0831483 0.930947 0.156909 0.319066
0 0 0 0
-0.468389 0.0927264 0.854807 -0.20327
0 0 0 0
0 0 0 0
0 0 0 0
0 0 0 0
