11761853
0 -0.517842 -0.0572494 2.60555 2 346.969 292.355 185.05 211.895
1 -0.533507 0.248833 2.53626 2 338.815 231.397 180.701 167.714
2 -0.546872 0.544455 2.45682 2 329.944 168.382 175.97 122.041
3 -0.548478 0.666812 2.45796 2 329.395 142.938 175.677 103.6
4 -0.617972 0.418173 2.43545 2 308.438 193.813 164.5 140.473
5 -0.386602 0.259819 2.44088 1 374.819 227.238 199.903 164.699
6 -0.292355 0.218591 2.60482 2 406.731 238.722 216.923 173.023
7 -0.302735 0.250924 2.60791 1 404.062 232.482 215.5 168.5
8 -0.433167 0.367498 2.37535 2 358.1 202.639 190.987 146.87
9 -0.359558 0.22401 2.50115 2 384.964 235.828 205.314 170.925
10 -0.30926 0.267665 2.75443 1 406.686 231.999 216.899 168.149
11 -0.343726 0.342514 2.84864 2 400.864 220.283 213.794 159.658
12 -0.569813 -0.0547842 2.58624 2 331.989 291.962 177.061 211.61
13 -0.444588 -0.508779 2.64172 2 367.74 379.076 196.128 274.749
14 -0.460385 -0.915271 2.73077 2 367.111 452.145 195.793 327.708
15 -0.356524 -0.940664 2.70987 2 392.782 458.226 209.484 332.116
16 -0.455122 -0.0599549 2.55803 2 361.402 293.091 192.748 212.428
17 -0.396802 -0.408686 2.68166 1 381.926 358.538 203.694 259.864
18 -0.346835 -0.877083 2.76765 1 397.18 442.687 211.829 320.854
19 -0.454584 -0.913001 2.7332 2 368.691 451.562 196.635 327.286
20 -0.543964 0.471881 2.4787 2 332.233 184.359 177.191 133.621
21 -0.297793 0.246222 2.59569 2 405 233.172 216 169
22 -0.300134 0.248768 2.5855 1 404.062 232.482 215.5 168.5
23 -0.332473 0.358904 2.87698 2 404.376 217.997 215.667 158.001
24 -0.316282 0.3166 2.802 2 406.249 223.972 216.666 162.332
1
1
-0.124099 -0.0110321 0.985725 -0.113239
-0.0876932 -0.0151971 0.989629 -0.112756
-0.0427019 -0.0130684 0.988195 -0.146546
0 0 0 0
-0.183061 0.866204 -0.448346 0.123149
-0.303399 0.658237 0.354405 0.590821
0.566957 0.776322 0.268424 -0.0619036
-0.225461 -0.160626 0.960873 0.00946419
-0.242381 0.86716 0.396975 -0.178031
-0.366342 -0.60718 0.122565 0.694337
0.593523 0.571129 0.480706 0.300773
0.773619 0.287246 0.447783 0.34423
0.0582351 -0.665242 0.720291 -0.187731
-0.14206 -0.598145 -0.0335984 0.78798
0.104543 0.986968 -0.0317325 -0.118147
0 0 0 0
-0.15171 0.654213 0.678087 -0.298643
0.0852703 0.780488 0.164965 0.596954
0.0800511 0.980059 0.0670454 0.169061
0 0 0 0
-0.0436169 -0.0173046 0.990828 -0.12672
0 0 0 0
0 0 0 0
0 0 0 0
0 0 0 0
