11714007
0 1.26813 0.415549 3.56432 2 730.536 221.754 389.619 160.724
1 1.2943 0.676221 3.4214 2 746.365 180.327 398.061 130.699
2 1.3161 0.929366 3.26745 2 763.322 136.046 407.105 98.6043
3 1.34941 1.0185 3.20006 2 776.191 118.904 413.968 86.1799
4 1.16066 0.887755 3.32169 2 726.358 144.78 387.391 104.934
5 1.05082 0.696007 3.47293 2 693.6 179.033 369.92 129.761
6 1.0214 0.474174 3.51025 2 685.325 212.421 365.507 153.96
7 1.01558 0.41121 3.51112 2 684.073 221.587 364.839 160.603
8 1.45568 0.8084 3.28311 2 791.4 155.575 422.08 112.758
9 1.53034 0.572649 3.32603 2 803.086 193.338 428.313 140.128
10 1.5944 0.359413 3.29252 2 819.802 225.502 437.228 163.441
11 1.61853 0.279089 3.2453 2 829.786 237.33 442.552 172.014
12 1.18992 0.419944 3.54356 2 716.579 220.8 382.176 160.033
13 1.13882 0.0607623 3.66626 2 698.855 272.773 372.723 197.703
14 1.1021 -0.250569 3.79619 2 684.72 314.798 365.184 228.162
15 1.03803 -0.322325 3.79352 2 673.111 324.431 358.993 235.143
16 1.32194 0.403219 3.51629 2 744.61 222.707 397.125 161.415
17 1.33372 0.0614758 3.65388 2 736.878 272.632 393.002 197.6
18 1.34854 -0.258017 3.79218 2 730.342 315.899 389.516 228.96
19 1.45219 -0.305108 3.72087 2 754.578 323.05 402.442 234.142
20 1.31155 0.867216 3.30798 2 759 147.387 404.8 106.824
21 1.01519 0.351364 3.53653 2 682.505 230.644 364.003 167.168
22 1.03847 0.397061 3.51516 2 688.376 223.697 367.134 162.133
23 1.62572 0.219119 3.18445 2 837.886 246.108 446.872 178.376
24 1.66072 0.292448 3.22613 2 840.762 234.976 448.406 170.307
1
0
-0.103998 0.0716174 0.962251 -0.2411
-0.103763 0.0715585 0.962276 -0.241117
-0.107352 0.0636034 0.952103 -0.279159
0 0 0 0
-0.225584 -0.642953 0.718527 -0.139438
0.16848 0.822025 -0.337011 -0.42698
0.0938807 0.417071 0.0477461 0.902751
0.0447788 0.414235 -0.0128639 0.908977
0.0907671 0.782871 0.552462 -0.271404
-0.0437203 0.703197 0.168653 0.689317
-0.148748 0.77244 0.065936 0.613891
-0.283672 0.768772 -0.047657 0.571181
-0.0901442 -0.637617 0.720411 -0.25754
-0.0507942 -0.624219 0.168804 0.761102
0.00412662 -0.247106 0.203141 0.947447
0 0 0 0
-0.138247 0.66613 0.629784 -0.374873
0.139159 0.770494 0.13059 0.60821
0.0485246 0.333023 0.197998 0.920618
0 0 0 0
-0.105056 0.0687263 0.957904 -0.258186
0 0 0 0
0 0 0 0
0 0 0 0
0 0 0 0
