11810087
0 1.33773 0.377324 3.51939 2 747.501 226.511 398.667 164.172
1 1.38485 0.63703 3.36499 2 769.47 184.567 410.384 133.772
2 1.42629 0.889971 3.20045 2 792.831 139.39 422.843 101.028
3 1.46898 0.970699 3.14566 2 807.185 124.042 430.499 89.904
4 1.25357 0.855609 3.2358 2 752.716 146.228 401.448 105.984
5 1.13266 0.732777 3.33578 2 719.42 169.116 383.691 122.573
6 1.14827 0.461541 3.36244 2 720.599 211.219 384.32 153.089
7 1.16186 0.361644 3.38784 1 721.553 226.791 384.828 164.375
8 1.54998 0.740914 3.25511 2 813.955 165.135 434.109 119.687
9 1.58775 0.550761 3.30108 2 817.455 196.085 435.976 142.12
10 1.65022 0.310425 3.26603 2 834.253 232.722 444.935 168.674
11 1.65404 0.245865 3.20643 2 841.522 242.1 448.812 175.471
12 1.26224 0.388714 3.49333 2 734.399 224.458 391.679 162.684
13 1.15122 0.0645781 3.64528 2 702.481 272.191 374.657 197.28
14 1.0714 -0.224773 3.83275 2 677.189 311.041 361.167 225.438
15 1.18496 -0.25199 3.83351 2 697.839 314.68 372.181 228.076
16 1.38846 0.35866 3.47635 2 760.96 228.558 405.846 165.656
17 1.40113 0.0504458 3.60946 2 753.069 274.081 401.637 198.65
18 1.45302 -0.278861 3.7536 2 752.349 319.114 401.253 231.289
19 1.53401 -0.316485 3.69451 2 771.966 324.935 411.715 235.508
20 1.41698 0.827817 3.24354 2 786.884 150.984 419.671 109.431
21 1.17455 0.32256 3.40666 2 722.81 232.943 385.499 168.834
22 1.13289 0.358742 3.36326 2 717.286 226.842 382.552 164.412
23 1.66465 0.179946 3.15687 2 849.367 252.144 452.996 182.751
24 1.69675 0.264836 3.1956 2 851.812 238.961 454.3 173.196
0
0
-0.0904658 0.104457 0.957322 -0.253847
-0.0690988 0.0987716 0.959101 -0.256113
-0.0535311 0.08073 0.95129 -0.292685
0 0 0 0
-0.192874 -0.615872 0.739285 -0.192248
0.177531 0.865579 -0.400327 -0.242887
0.056268 0.795469 -0.00673544 -0.603339
0.138196 0.789705 -0.0217608 -0.597323
0.154429 0.853215 0.450982 -0.211641
0.00114813 0.633386 0.151032 0.758953
-0.134138 0.768283 0.0532165 0.623631
-0.305331 0.745494 -0.199343 0.557919
-0.086039 -0.591034 0.750463 -0.282987
-0.0207547 -0.630079 0.259158 0.731715
0.274535 0.952969 -0.125763 -0.0257664
0 0 0 0
-0.125697 0.701614 0.590885 -0.377879
0.146034 0.764845 0.141365 0.611312
0.00655764 0.358505 0.215893 0.908197
0 0 0 0
-0.0499717 0.0877935 0.956609 -0.273301
0 0 0 0
0 0 0 0
0 0 0 0
0 0 0 0
