11810250
0 -0.500846 -0.095576 2.41134 2 340.741 301.321 181.728 218.394
1 -0.501068 0.169044 2.31702 2 334.761 244.173 178.539 176.973
2 -0.499484 0.426129 2.21136 2 327.764 183.156 174.807 132.749
3 -0.49537 0.552272 2.19465 2 327.67 152.997 174.757 110.89
4 -0.540283 0.309544 2.17481 2 312.226 208.811 166.521 151.343
5 -0.517791 0.0990078 2.14259 2 317.129 257.738 169.135 186.805
6 -0.500812 -0.154651 2.23722 1 329.487 316.311 175.726 229.258
7 -0.52574 -0.216658 2.27029 1 324.072 329.695 172.838 238.958
8 -0.316642 0.242703 2.17617 1 383.718 224.674 204.65 162.841
9 -0.456548 0.101115 2.11444 1 335.029 256.939 178.682 186.226
10 -0.523056 -0.142036 2.21178 2 320.711 313.831 171.046 227.46
11 -0.54489 -0.224743 2.25499 2 317.062 331.864 169.1 240.531
12 -0.549631 -0.0794393 2.34405 2 322.141 298.42 171.809 216.291
13 -0.475571 -0.501944 2.5159 2 353.339 382.655 188.448 277.343
14 -0.505834 -0.909042 2.78098 2 357.897 447.912 190.879 324.641
15 -0.391644 -0.921656 2.73257 2 384.643 453.189 205.143 328.465
16 -0.438336 -0.116257 2.40972 2 358.624 305.671 191.266 221.546
17 -0.469053 -0.556372 2.5476 2 356.686 392.297 190.233 284.331
18 -0.457986 -0.859855 2.89811 2 374.543 432.369 199.756 313.375
19 -0.380627 -0.906646 2.78667 2 389.344 447.046 207.65 324.013
20 -0.50046 0.362992 2.23988 2 329.559 198.805 175.765 144.091
21 -0.526298 -0.302822 2.29165 2 325.315 348.378 173.501 252.5
22 -0.487377 -0.203463 2.29529 2 337.455 326.215 179.976 236.436
23 -0.547638 -0.295952 2.27345 2 317.512 347.4 169.34 251.791
24 -0.567849 -0.18017 2.235 2 308.443 322.189 164.503 233.518
1
1
0.194587 -0.0340357 0.965978 -0.166926
0.161509 -0.0283194 0.972056 -0.16799
0.123416 -0.0194259 0.96974 -0.209752
0 0 0 0
-0.306875 0.848891 -0.344872 0.257441
-0.0901094 0.679702 -0.0192167 0.727678
0.0259858 0.31154 0.178277 0.932998
0.235513 0.283673 0.169545 0.913957
-0.111393 0.868855 0.473966 -0.0896608
0.398367 -0.451892 0.0400429 0.797179
-0.00580432 -0.570526 0.223736 0.790195
-0.0389571 -0.558621 0.258811 0.787046
0.257333 -0.523817 0.727379 -0.360993
0.203129 0.80767 -0.0396391 -0.55212
0.272973 0.941052 -0.085417 -0.180583
0 0 0 0
0.0944074 0.796307 0.577998 -0.151328
0.125505 0.656945 0.0903925 0.737903
0.179086 0.41752 0.375151 0.808002
0 0 0 0
0.123233 -0.0221351 0.97438 -0.186835
0 0 0 0
0 0 0 0
0 0 0 0
0 0 0 0
