11725799
0 1.12254 0.388234 3.46634 2 708.213 224.138 377.713 162.452
1 1.11486 0.656067 3.32958 2 716.085 180.692 381.912 130.963
2 1.10317 0.916909 3.18268 2 724.424 134.139 386.36 97.2222
3 1.05591 1.02026 3.13298 2 717.769 114.969 382.81 83.328
4 0.982245 0.867968 3.34149 2 687.759 148.69 366.805 107.769
5 0.963261 0.642399 3.48352 2 675.387 187.269 360.206 135.73
6 0.915171 0.457737 3.54336 2 662.511 215.495 353.339 156.188
7 0.897231 0.390925 3.57338 2 657.453 225.586 350.641 163.502
8 1.21174 0.787598 3.12031 2 753.368 152.356 401.796 110.425
9 1.28063 0.564964 3.16447 2 764.706 190.072 407.843 137.761
10 1.23741 0.326128 3.24452 2 748.386 229.928 399.139 166.648
11 1.21435 0.267702 3.2673 2 741.578 239.42 395.508 173.528
12 1.06111 0.397032 3.47121 2 695.542 222.955 370.956 161.595
13 1.09567 0.0596132 3.65269 2 691.408 272.905 368.751 197.798
14 1.12095 -0.237781 3.80998 2 687.436 312.972 366.632 226.838
15 1.03005 -0.262325 3.87582 2 667.595 315.625 356.051 228.76
16 1.16134 0.37167 3.39215 2 721.145 225.353 384.611 163.333
17 1.21555 0.0191989 3.5525 2 720.902 278.457 384.481 201.822
18 1.24946 -0.300996 3.67039 2 719.74 323.007 383.861 234.111
19 1.16791 -0.377619 3.5935 2 709.013 334.757 378.14 242.627
20 1.10685 0.852828 3.22142 2 722.306 146.073 385.23 105.872
21 0.89614 0.333658 3.59949 2 655.936 234.092 349.833 169.667
22 0.913788 0.377575 3.55181 2 661.754 227.151 352.936 164.636
23 1.20854 0.206109 3.29746 2 737.951 249.336 393.574 180.715
24 1.18385 0.286721 3.266 2 735.165 236.441 392.088 171.369
1
1
-0.328239 0.0665768 0.915105 -0.224522
-0.351427 0.0722704 0.906453 -0.222754
-0.373419 0.0805525 0.88767 -0.257122
0 0 0 0
0.400209 0.66303 -0.619203 -0.129658
-0.0955542 -0.445256 0.262349 0.850758
0.195664 0.750158 0.0044694 0.631632
0.235965 0.747114 0.0367123 0.620317
-0.108654 0.708432 0.532794 -0.449944
0.115755 0.973221 0.131521 -0.14881
0.017572 -0.381 0.180118 0.90669
0.0915472 -0.392494 0.233233 0.884969
-0.206306 -0.642493 0.726707 -0.128599
-0.144213 -0.406358 0.20158 0.879455
0.01929 0.229364 0.242656 0.942411
0 0 0 0
-0.266309 0.612266 0.576226 -0.471353
0.162108 0.887892 0.151649 0.402953
0.139238 0.898226 0.117069 0.400122
0 0 0 0
-0.3745 0.0791424 0.893102 -0.236339
0 0 0 0
0 0 0 0
0 0 0 0
0 0 0 0
