3516206
0 0.400616 -0.648713 2.8056 2 582.615 398.768 310.728 289.021
1 0.416472 -0.283927 2.82503 2 585.501 332.151 312.267 240.739
2 0.421757 0.0645273 2.82711 2 586.633 269.651 312.871 195.44
3 0.501855 0.159806 2.84909 2 605.309 252.776 322.832 183.208
4 0.357208 -0.0588075 2.70961 2 574.649 292.198 306.479 211.781
5 0.344262 -0.304438 2.63518 2 573.931 339.76 306.097 246.253
6 0.399045 -0.511543 2.60995 2 589.511 380.781 314.406 275.985
7 0.420712 -0.570206 2.60866 2 595.386 392.341 317.539 284.364
8 0.566666 -0.110888 2.93013 1 617.242 300.403 329.196 217.728
9 0.598801 -0.366177 2.94255 1 624.399 344.408 333.013 249.622
10 0.446023 -0.484667 2.73834 1 596.376 371.101 318.067 268.969
11 0.375173 -0.606687 2.6452 1 581.945 397.81 310.371 288.328
12 0.331045 -0.61068 2.74535 2 567.218 394.232 302.516 285.734
13 0.333248 -0.885118 2.7121 2 569.061 447.542 303.499 324.372
14 0.262928 -1.1696 2.7399 2 550.528 499.12 293.615 361.755
15 0.291213 -1.23554 2.67357 2 559.518 517.114 298.41 374.797
16 0.459764 -0.671315 2.79609 2 597.64 403.357 318.741 292.347
17 0.46374 -1.01667 2.89654 2 594.943 460.256 317.303 333.587
18 0.412565 -1.28966 2.93155 2 581.591 505.792 310.182 366.591
19 0.472459 -1.34594 2.91178 2 596.5 517.133 318.133 374.811
20 0.42327 -0.01887 2.83048 2 586.875 284.587 313 206.265
21 0.442663 -0.628416 2.60508 2 601.453 403.951 320.775 292.779
22 0.44815 -0.564979 2.57941 2 604.031 392.602 322.15 284.552
23 0.344689 -0.655261 2.64234 2 574.113 407.327 306.194 295.225
24 0.405454 -0.625537 2.60411 2 591.586 403.399 315.512 292.378
1
1
0.186961 0.026285 0.981768 0.0220598
0.28524 0.0283801 0.957842 0.0192899
0.388896 -0.0161959 0.921016 -0.0150541
0 0 0 0
-0.33887 0.712427 -0.495908 0.36289
-0.135692 0.958515 -0.0607077 0.243209
-0.109479 0.889001 0.0891958 0.435586
-0.0883008 0.879681 0.152557 0.441691
0.139385 0.808846 0.497472 0.280821
-0.00546583 0.898243 0.0667965 0.434359
-0.16565 0.688337 -0.51175 0.486688
-0.10759 0.750854 -0.357157 0.545052
0.287311 -0.520119 0.780007 -0.196257
-0.047648 0.826448 0.0370936 -0.559765
-0.0183669 0.861102 -0.128227 -0.491654
0 0 0 0
-0.0637632 0.821588 0.565183 -0.0386784
0.076574 0.569512 0.118585 0.809771
0.101753 0.177931 0.045427 0.977713
0 0 0 0
0.389779 0.0158061 0.920762 0.00445479
0 0 0 0
0 0 0 0
0 0 0 0
0 0 0 0
