3559053
0 0.605384 -0.589859 2.01958 2 691.867 430.278 368.996 311.86
1 0.612023 -0.278825 2.02259 2 693.438 351.437 369.834 254.717
2 0.614245 0.0249508 2.0106 2 695.277 274.894 370.815 199.24
3 0.661236 0.16033 1.98733 2 714.365 240.101 380.994 174.022
4 0.45019 -0.0800908 1.98931 2 640.094 301.651 341.383 218.632
5 0.390453 -0.30857 1.98741 2 619.6 360.092 330.453 260.989
6 0.409234 -0.519714 1.92068 2 631.511 419.101 336.806 303.759
7 0.424097 -0.571553 1.90214 2 638.478 434.45 340.522 314.883
8 0.783471 -0.117365 2.00108 2 755.424 311.135 402.893 225.506
9 0.822188 -0.332607 1.97653 2 772.541 367.116 412.022 266.081
10 0.862918 -0.526172 1.83796 2 809.068 427.085 431.503 309.546
11 0.871281 -0.587883 1.802 2 818.187 447.157 436.367 324.093
12 0.514606 -0.575025 1.98587 2 663.605 428.926 353.923 310.879
13 0.529516 -0.836836 1.84992 2 682.278 511.843 363.882 370.977
14 0.454046 -1.06335 1.99054 1 641.658 552.979 342.217 400.792
15 0.453221 -0.953307 1.95359 1 644.667 529.956 343.822 384.105
16 0.675487 -0.584612 1.98454 2 720.094 431.595 384.05 312.814
17 0.604319 -0.857078 1.92395 2 701.506 508.25 374.137 368.373
18 0.549736 -1.13518 1.89856 1 682.678 583.167 364.095 422.671
19 0.565746 -0.992857 1.8659 1 693.114 551.312 369.661 399.584
20 0.614446 -0.049995 2.0161 2 694.77 293.833 370.544 212.966
21 0.435433 -0.64111 1.88303 2 644.33 454.964 343.643 329.751
22 0.459808 -0.577287 1.87657 2 653.84 438.158 348.715 317.571
23 0.883783 -0.644055 1.7744 2 827.434 465.4 441.298 337.315
24 0.887324 -0.635068 1.78514 2 826.875 461.811 441 334.714
1
0
-0.00389164 0.010652 0.999924 0.00487848
0.00715206 0.0107053 0.999906 0.00476054
0.017821 -0.0019965 0.999169 -0.0366089
0 0 0 0
-0.0513712 0.764901 -0.639052 0.0624596
-0.049721 0.925215 -0.11749 -0.357354
-0.140763 0.725736 -0.0716493 0.669597
-0.212349 0.702741 -0.0196563 0.678731
-0.0309955 0.826883 0.560838 -0.0276453
-0.102645 0.688914 0.0208239 0.717236
-0.183526 0.312865 -0.256089 0.89602
-0.143382 0.321422 -0.224446 0.90871
0.134253 -0.641118 0.746782 -0.115155
-0.179812 0.797712 0.156498 -0.553924
0.0959248 0.694172 -0.286464 -0.653347
0 0 0 0
-0.173955 0.666161 0.70932 -0.151107
0.0106348 0.70811 -0.164143 0.686676
0.0357407 0.708287 -0.100201 0.697862
0 0 0 0
0.0182009 0.00503352 0.99972 -0.0142799
0 0 0 0
0 0 0 0
0 0 0 0
0 0 0 0
