3508556
0 1.31473 -0.577127 2.65995 2 826.359 391.812 440.725 283.98
1 1.35132 -0.285268 2.66958 2 834.868 335.721 445.263 243.326
2 1.38108 0.00456262 2.66847 2 842.742 280.339 449.463 203.186
3 1.32859 0.10123 2.716 2 823.246 262.188 439.064 190.03
4 1.34158 -0.0668679 2.78387 1 818.243 293.471 436.396 212.704
5 1.34351 -0.293255 2.90167 1 805.158 332.801 429.418 241.21
6 1.34932 -0.553396 2.90935 1 805.584 378.276 429.645 274.169
7 1.34292 -0.702681 2.92912 1 801.784 403.585 427.618 292.513
8 1.35493 -0.117533 2.53687 2 853.999 304.831 455.466 220.937
9 1.30717 -0.325734 2.49734 2 846.563 347.7 451.5 252.008
10 1.15736 -0.44348 2.53657 2 800.435 370.446 426.898 268.494
11 1.08797 -0.47302 2.58129 2 776.365 374.76 414.061 271.621
12 1.29685 -0.578873 2.66369 2 821.308 392.017 438.031 284.128
13 1.32897 -0.904048 2.76837 1 815.854 447.349 435.122 324.232
14 1.44319 -1.18979 2.79009 1 838.692 496.409 447.302 359.791
15 1.36793 -1.26731 2.76829 1 822.707 512.145 438.777 371.195
16 1.30576 -0.562571 2.60542 2 831.062 391.254 443.233 283.575
17 1.28337 -0.824097 2.57652 2 828.081 443.815 441.643 321.671
18 1.32356 -1.12756 2.51314 1 844.128 506.995 450.202 367.463
19 1.30664 -1.00584 2.50173 1 842.624 484.379 449.399 351.071
20 1.37464 -0.0673131 2.67102 2 840.75 294.067 448.4 213.136
21 1.3323 -0.711139 2.91439 1 800.858 405.681 427.124 294.032
22 1.33531 -0.694924 2.91715 1 801.294 402.735 427.357 291.897
23 1.03768 -0.527568 2.6062 2 760.179 384.549 405.429 278.716
24 1.07188 -0.505732 2.58017 2 772.165 381.273 411.821 276.341
1
0
-0.652142 0.0364434 0.755354 0.053133
-0.652031 0.0364512 0.755449 0.0531276
-0.653341 0.0453227 0.755542 0.015779
0 0 0 0
-0.379185 -0.530154 0.598424 0.465879
0.173531 0.698315 -0.162348 -0.675194
-0.00958444 0.102148 0.0158247 0.994597
0.0277217 0.0992557 0.063295 0.99266
0.452515 -0.570426 -0.348669 0.590147
-0.115728 0.96115 -0.0860342 -0.235365
0.380404 0.642021 -0.229491 0.624849
0.542487 0.647601 -0.193002 0.49907
0.0506642 0.733614 -0.670713 -0.096888
-0.0604279 -0.084111 0.149971 0.983251
-0.191696 -0.127377 0.0110809 0.97309
0 0 0 0
0.637172 -0.425749 -0.470518 0.43745
-0.0514943 0.994758 -0.0465195 0.0751029
-0.106337 0.990311 0.0575918 0.0682645
0 0 0 0
-0.652808 0.0381596 0.755641 0.0373157
0 0 0 0
0 0 0 0
0 0 0 0
0 0 0 0
