3530149
0 0.469372 -0.595194 2.84337 2 597.992 387.618 318.929 280.94
1 0.446326 -0.265569 2.8416 2 592.159 328.586 315.818 238.155
2 0.425724 0.0523226 2.82803 2 587.567 271.84 313.369 197.026
3 0.488823 0.157223 2.84294 2 602.398 253.178 321.279 183.5
4 0.336053 -0.0633247 2.72668 2 568.727 292.965 303.321 212.337
5 0.275665 -0.301196 2.67009 2 555.017 338.344 296.009 245.227
6 0.312226 -0.546562 2.64392 2 565.456 386.192 301.577 279.907
7 0.322909 -0.60584 2.63867 1 568.476 397.898 303.187 288.391
8 0.548535 -0.0726617 2.92877 1 613.005 293.79 326.936 212.935
9 0.58425 -0.341297 2.93202 1 621.442 340.31 331.436 246.652
10 0.593173 -0.567569 2.89413 1 625.624 380.957 333.666 276.113
11 0.575033 -0.609271 2.94063 1 619.126 386.597 330.201 280.2
12 0.413641 -0.57998 2.76779 2 587.164 387.696 313.154 280.996
13 0.325947 -0.864825 2.71119 2 567.206 443.747 302.51 321.622
14 0.267576 -1.17787 2.74263 2 551.639 500.447 294.207 362.717
15 0.290228 -1.24377 2.67106 2 559.331 518.902 298.31 376.093
16 0.514604 -0.597329 2.84975 2 608.745 387.797 324.664 281.07
17 0.473848 -0.967061 2.87844 2 598.047 452.548 318.958 328
18 0.418207 -1.31175 2.94173 2 582.582 508.844 310.71 368.803
19 0.48743 -1.35305 2.91178 2 600.059 518.366 320.032 375.704
20 0.431236 -0.026214 2.83448 2 588.672 285.895 313.958 207.213
21 0.33102 -0.682085 2.64053 2 570.617 412.611 304.329 299.055
22 0.359559 -0.614556 2.6037 2 579.376 401.221 309.001 290.799
23 0.571282 -0.621286 2.92991 2 618.75 389.08 330 282
24 0.567456 -0.605312 2.91 2 618.75 387.015 330 280.503
1
1
0.334147 -0.0337775 0.941871 0.00915227
0.348703 -0.0336316 0.93658 0.00967459
0.363894 -0.0474445 0.929886 -0.0253585
0 0 0 0
-0.269388 0.730549 -0.549997 0.302046
-0.0949951 0.975489 -0.136896 0.143725
-0.0818882 0.869197 0.0385145 0.486115
-0.0815102 0.867705 0.0560519 0.487137
0.189299 0.755152 0.562772 0.277849
-0.0292307 0.852054 0.0595174 0.519236
-0.0744618 0.959368 0.0411359 -0.269029
0.363517 0.89325 -0.217417 -0.150632
0.357728 -0.584591 0.67231 -0.279791
-0.148173 0.891207 -0.0925832 -0.418597
-0.00900253 0.831585 -0.103771 -0.545542
0 0 0 0
0.0469446 0.721542 0.688811 0.0520725
0.0659355 0.424099 0.0116183 0.903138
0.0969808 0.220985 0.0699899 0.967916
0 0 0 0
0.363968 -0.0347138 0.930761 -0.00237416
0 0 0 0
0 0 0 0
0 0 0 0
0 0 0 0
