86371965
0 -0.0443921 0.00862526 2.78865 2 473.024 279.648 252.279 202.685
1 -0.0767457 0.287347 2.66213 2 464.134 226.597 247.538 164.234
2 -0.108441 0.558088 2.52299 2 454.307 168.926 242.297 122.435
3 -0.0711893 0.68658 2.48338 2 464.146 140.619 247.545 101.918
4 -0.156748 0.409969 2.46013 2 440.07 196.746 234.704 142.599
5 -0.165061 0.180246 2.49026 2 438.393 244.598 233.809 177.281
6 -0.126189 -0.0542379 2.58508 2 450.423 291.817 240.226 211.505
7 -0.107879 -0.10798 2.62025 2 455.672 302.043 243.025 218.917
8 -0.0218713 0.516351 2.68489 1 478.343 183.692 255.116 133.138
9 0.0221157 0.271807 2.84893 1 489.293 232.953 260.956 168.841
10 0.0752409 0.107657 2.98166 1 501.29 262.961 267.355 190.59
11 0.0970566 0.0497019 3.03071 1 505.953 272.922 269.841 197.81
12 -0.0829589 -0.00193975 2.69749 2 462.834 281.574 246.845 204.081
13 -0.112843 -0.388341 2.87103 2 456.912 349.697 243.687 253.455
14 -0.106953 -0.6914 3.10951 2 460.23 394.078 245.456 285.622
15 -0.0372096 -0.753916 3.04949 2 475.533 406.801 253.618 294.844
16 -0.00516262 0.0194366 2.80495 2 482.693 277.709 257.436 201.28
17 -0.00120462 -0.331292 3.06231 1 483.686 335.945 257.966 243.488
18 -0.0429677 -0.661124 3.18757 2 474.663 386.433 253.154 280.081
19 0.020935 -0.70671 3.16926 2 488.513 394.395 260.54 285.852
20 -0.100654 0.491644 2.56007 2 456.86 183.82 243.659 133.23
21 -0.106112 -0.18652 2.66171 2 456.56 316.647 243.499 229.501
22 -0.0794719 -0.0792923 2.62126 2 463.131 296.5 247.003 214.899
23 0.102451 0.0297225 3.03506 1 507.142 276.261 270.476 200.23
24 0.0938715 0.0518415 3.00099 1 505.441 272.48 269.569 197.49
1
0
0.433838 -0.141815 0.874387 -0.164681
0.458519 -0.14644 0.861701 -0.160583
0.480412 -0.170321 0.838782 -0.191416
0 0 0 0
-0.211347 0.743643 -0.406399 0.486998
0.0662696 0.891812 0.0131376 0.447333
0.00988433 0.414603 0.204328 0.886711
-0.0106837 0.409635 0.312301 0.857061
0.40831 0.583652 0.644848 0.277135
-0.168441 -0.315318 0.246875 0.900697
0.345252 0.916896 0.061299 -0.190645
0.357049 0.91056 0.0755096 -0.194153
-0.361412 0.614044 -0.562417 0.419544
0.188903 0.932955 -0.0966031 -0.290825
0.298463 0.851875 -0.134297 -0.408893
0 0 0 0
0.285469 0.613571 0.736087 0.0146441
0.091746 0.294015 0.297464 0.903689
0.0972304 0.212151 0.162353 0.958739
0 0 0 0
0.482332 -0.159948 0.843928 -0.171925
0 0 0 0
0 0 0 0
0 0 0 0
0 0 0 0
