85602431
0 0.801791 0.163046 3.25519 2 654.022 255.763 348.812 185.373
1 0.772381 0.408467 3.08579 2 656.965 213.885 350.381 155.021
2 0.740164 0.648271 2.90391 2 660.443 167.467 352.236 121.378
3 0.691334 0.777147 2.83865 2 652.714 141.617 348.114 102.642
4 0.648002 0.633705 3.06746 2 630.032 176.093 336.017 127.63
5 0.643613 0.435001 3.13754 1 625.572 210.78 333.638 152.77
6 0.716588 0.438731 2.84923 1 657.862 202.862 350.86 147.032
7 0.774279 0.446314 2.80478 2 674.987 200.183 359.993 145.09
8 0.817394 0.545416 2.84437 2 682.975 183.492 364.254 132.992
9 0.733059 0.338275 2.815 2 663.974 220.084 354.12 159.514
10 0.522331 0.212538 2.7704 2 613.925 242.296 327.427 175.613
11 0.430986 0.21719 2.75926 2 591.533 241.319 315.484 174.905
12 0.751738 0.170867 3.26203 2 642.989 254.612 342.928 184.539
13 0.760501 -0.0104519 3.51857 2 633.012 282.718 337.606 204.91
14 0.822026 -0.303008 3.45162 1 648.405 325.816 345.816 236.147
15 0.73441 -0.381 3.38903 1 633.541 338.314 337.888 245.205
16 0.835428 0.152225 3.17744 2 665.591 256.857 354.982 186.167
17 0.849614 -0.0854875 3.27027 2 663.394 294.496 353.81 213.447
18 0.869157 -0.377404 3.43785 2 658.66 337.032 351.286 244.276
19 0.810402 -0.476176 3.47414 2 645.121 350.893 344.064 254.323
20 0.748695 0.589415 2.95163 2 659.507 179.514 351.737 130.109
21 0.810075 0.487946 2.77656 2 685.982 191.666 365.857 138.917
22 0.792724 0.388839 2.79632 2 680.112 210.41 362.726 152.503
23 0.364941 0.21824 2.7505 2 575.285 241.022 306.819 174.689
24 0.41349 0.259603 2.72459 2 588.493 232.916 313.863 168.814
1
0
-0.358073 0.0635893 0.883907 -0.294021
-0.398301 0.0770293 0.866524 -0.290789
-0.433631 0.100411 0.835408 -0.322451
0 0 0 0
-0.490973 -0.589909 0.630538 0.115652
0.127297 0.781314 -0.111215 -0.600811
-0.153191 -0.0217121 -0.69484 0.702324
-0.380586 -0.246108 -0.637917 0.622613
-0.165586 0.61668 0.556175 -0.531937
-0.0518451 0.976551 -0.19536 0.0741271
-0.283853 0.799425 -0.409095 -0.336139
-0.42237 0.604403 -0.588939 -0.330835
-0.278019 -0.632261 0.706541 -0.154113
0.280137 0.564581 0.364761 0.685362
-0.0762749 -0.20623 -0.129278 0.966922
0 0 0 0
-0.252599 0.538718 0.610605 -0.522627
0.15849 0.901753 0.0992685 0.389703
0.245286 0.944404 0.0832782 0.202485
0 0 0 0
-0.437029 0.0949707 0.841694 -0.302551
0 0 0 0
0 0 0 0
0 0 0 0
0 0 0 0
