85646419
0 -0.277125 -0.146459 2.42719 2 405.418 311.754 216.223 225.955
1 -0.316535 0.136788 2.32796 2 390.381 251.455 208.203 182.251
2 -0.351645 0.412863 2.21757 2 374.496 186.642 199.731 135.276
3 -0.311978 0.532725 2.19184 2 385.579 157.598 205.642 114.225
4 -0.399341 0.273372 2.15241 2 355.972 216.741 189.852 157.091
5 -0.400682 0.0410907 2.1429 2 355.127 271.489 189.401 196.771
6 -0.3173 -0.205248 2.21867 2 385.472 328.088 205.585 237.794
7 -0.284579 -0.263572 2.249 2 396.814 340.601 211.634 246.863
8 -0.229318 0.285615 2.32913 1 416.181 219.095 221.963 158.797
9 -0.16617 0.075953 2.53276 1 438.876 266.048 234.067 192.828
10 -0.165801 -0.0386863 2.71768 2 442.042 288.407 235.756 209.034
11 -0.148174 -0.0640069 2.7389 2 446.79 293.025 238.288 212.38
12 -0.31726 -0.147085 2.35578 2 391.273 312.829 208.679 226.734
13 -0.317999 -0.547916 2.5451 2 397.696 390.579 212.104 283.086
14 -0.320726 -0.902799 2.71941 2 402.263 450.424 214.54 326.461
15 -0.218524 -0.941955 2.68466 2 427.563 460.085 228.034 333.464
16 -0.229228 -0.141966 2.43368 2 419.192 310.726 223.569 225.21
17 -0.218401 -0.465528 2.75001 1 429.239 367.034 228.927 266.021
18 -0.247706 -0.853025 2.8394 1 423.599 434.16 225.919 314.673
19 -0.144153 -0.844036 2.8871 2 449.43 429.97 239.696 311.636
20 -0.343373 0.344916 2.24717 2 378.579 203.32 201.909 147.364
21 -0.26016 -0.315359 2.28577 2 405.559 351.14 216.298 254.501
22 -0.2641 -0.235348 2.25354 2 403.284 334.111 215.085 242.159
23 -0.140009 -0.0941229 2.74174 2 448.873 298.566 239.399 216.397
24 -0.136149 -0.101262 2.723 2 449.605 300.011 239.789 217.444
0
0
0.332914 -0.118642 0.925761 -0.134381
0.340752 -0.119778 0.922905 -0.13337
0.350018 -0.125681 0.912709 -0.169275
0 0 0 0
-0.256067 0.7834 -0.402384 0.398497
-0.0177735 0.922578 -0.0105467 0.385257
-0.071695 0.45953 0.200395 0.862284
-0.103936 0.448498 0.303435 0.834251
0.203681 0.808333 0.513834 0.202697
0.380342 0.818034 -0.0689466 -0.425918
0.462441 0.831323 0.15065 0.268989
0.240146 0.889654 0.322849 0.215901
0.329701 -0.596948 0.622478 -0.38402
0.199094 0.889268 -0.0908579 -0.401633
0.220057 0.95051 -0.0529066 -0.212854
0 0 0 0
0.164008 0.670924 0.72068 -0.0598585
-0.0679412 -0.135359 0.371428 0.916026
0.0110736 -0.220009 0.118285 0.968237
0 0 0 0
0.349954 -0.122112 0.916689 -0.149342
0 0 0 0
0 0 0 0
0 0 0 0
0 0 0 0
