85603330
0 0.817999 0.20541 3.30862 2 654.678 249.665 349.162 180.953
1 0.808616 0.457557 3.15111 2 661.396 207.328 352.745 150.269
2 0.797257 0.703594 2.9837 2 669.062 161.003 356.833 116.693
3 0.758197 0.82991 2.93523 2 663.013 136.99 353.607 99.2885
4 0.700584 0.670874 3.15978 2 637.329 173.138 339.909 125.488
5 0.696027 0.472297 3.22987 1 632.792 206.895 337.489 149.954
6 0.768847 0.475795 2.94178 1 664.748 198.883 354.532 144.148
7 0.789337 0.479057 2.85367 2 675.395 195.715 360.211 141.852
8 0.849655 0.601287 2.91801 2 685.671 176.169 365.691 127.685
9 0.692516 0.365086 2.82432 2 653.402 215.478 348.481 156.175
10 0.504001 0.27634 2.75633 2 610.025 230.347 325.346 166.953
11 0.452999 0.265554 2.75421 1 597.289 232.323 318.554 168.384
12 0.770615 0.218563 3.31935 2 644.195 247.769 343.57 179.579
13 0.768654 0.00421056 3.54321 2 633.566 280.608 337.902 203.381
14 0.829974 -0.288474 3.47658 1 648.797 323.37 346.025 234.374
15 0.736542 -0.360947 3.41729 1 632.714 334.854 337.447 242.697
16 0.848401 0.188844 3.22738 2 665.57 251.464 354.971 182.258
17 0.876103 -0.0839131 3.3094 2 666.831 294.1 355.643 213.159
18 0.871855 -0.378677 3.44446 2 658.868 337.113 351.396 244.335
19 0.777974 -0.450236 3.38536 2 642.702 348.813 342.774 252.815
20 0.800594 0.643187 3.02762 2 667.054 172.969 355.762 125.365
21 0.819272 0.491262 2.82979 2 684.416 192.76 365.022 139.71
22 0.728112 0.408585 2.80918 2 663.192 207.2 353.702 150.175
23 0.392371 0.24482 2.74048 2 582.548 235.944 310.692 171.009
24 0.406663 0.299631 2.71939 2 586.984 225.352 313.058 163.332
0
0
-0.407621 0.101965 0.870454 -0.256435
-0.436666 0.110532 0.856251 -0.25286
-0.462487 0.129746 0.830741 -0.281319
0 0 0 0
0.457517 0.621044 -0.610792 -0.178651
0.127109 0.781139 -0.111645 -0.600999
-0.0896443 0.256781 0.705584 -0.654354
-0.0972505 0.247173 0.713135 -0.648757
-0.251532 0.623284 0.521547 -0.525583
-0.140464 0.942488 -0.291506 0.0837245
-0.421536 0.720125 -0.346193 -0.428809
-0.405461 0.614622 -0.481909 -0.474979
-0.30029 -0.599465 0.735179 -0.0998954
0.245116 0.567751 0.306788 0.723504
-0.0779568 -0.191807 -0.127511 0.969987
0 0 0 0
-0.314049 0.590611 0.554603 -0.494942
0.120019 0.930387 0.0949926 0.333094
0.201418 0.912135 0.0701144 0.350036
0 0 0 0
-0.465042 0.124084 0.83652 -0.261866
0 0 0 0
0 0 0 0
0 0 0 0
0 0 0 0
