85656976
0 -0.338692 -0.142587 2.40742 2 387.123 311.209 206.466 225.56
1 -0.375874 0.124085 2.30535 2 371.675 253.935 198.227 184.049
2 -0.413366 0.385157 2.19277 2 353.771 191.951 188.678 139.123
3 -0.387512 0.518396 2.14884 2 359.235 158.437 191.592 114.833
4 -0.507145 0.240843 2.14465 2 320.628 224.135 171.002 162.45
5 -0.544989 0.0157734 2.16822 2 310.41 277.515 165.552 201.139
6 -0.502603 -0.202562 2.21173 2 327.091 327.732 174.448 237.536
7 -0.473755 -0.275471 2.2393 2 337.916 343.697 180.222 249.107
8 -0.287344 0.334143 2.3644 2 400.227 209.564 213.454 151.889
9 -0.224351 0.128908 2.57274 2 424.009 255.865 226.138 185.447
10 -0.124675 -0.0472231 2.6683 2 451.86 290.157 240.992 210.302
11 -0.127913 -0.0967929 2.69794 2 451.385 299.348 240.739 216.963
12 -0.373991 -0.155439 2.3408 2 373.925 314.863 199.426 228.208
13 -0.377618 -0.586516 2.59621 2 383.472 396.057 204.518 287.057
14 -0.357224 -0.896339 2.78287 2 395.055 445.357 210.696 322.789
15 -0.2989 -0.95174 2.70887 2 407.495 460.364 217.331 333.666
16 -0.294775 -0.124536 2.40798 2 399.742 307.391 213.196 222.793
17 -0.257886 -0.546611 2.68727 2 417.757 384.462 222.804 278.653
18 -0.28433 -0.877939 2.83729 2 414.596 438.805 221.118 318.04
19 -0.206986 -0.922002 2.77966 2 432.395 450.22 230.61 326.313
20 -0.404453 0.320848 2.22244 2 358.387 207.91 191.139 150.691
21 -0.441738 -0.346296 2.26151 2 349.107 359 186.191 260.198
22 -0.445812 -0.253815 2.24367 2 346.872 338.641 184.999 245.442
23 -0.115057 -0.132154 2.70029 2 454.682 305.954 242.497 221.751
24 -0.153417 -0.0873621 2.69674 2 444.87 297.589 237.264 215.688
1
0
0.348352 -0.12561 0.917447 -0.145477
0.360731 -0.127566 0.912651 -0.143765
0.373013 -0.140714 0.900739 -0.172423
0 0 0 0
-0.101755 0.79168 -0.475253 0.370168
0.0621094 0.98651 -0.0753233 0.131402
-0.0222 0.565534 0.13342 0.813558
-0.0482162 0.556759 0.243041 0.792859
0.372216 0.640393 0.630463 0.232096
0.0589707 0.393581 0.391792 0.829527
-0.305528 -0.372527 0.114738 0.868741
-0.109625 -0.488029 0.243972 0.830835
-0.321929 0.64711 -0.558871 0.406539
0.241373 0.886333 -0.107629 -0.380222
0.247391 0.839117 -0.105832 -0.472737
0 0 0 0
0.156274 0.548082 0.815874 -0.0976449
0.0813942 0.386532 0.278388 0.875482
0.10876 0.343389 0.184071 0.914534
0 0 0 0
0.372745 -0.137681 0.904295 -0.156062
0 0 0 0
0 0 0 0
0 0 0 0
0 0 0 0
