85659352
0 -0.456935 -0.283013 2.17442 2 338.886 347.329 180.739 251.739
1 -0.494121 -0.0152078 2.04804 2 317.433 284.982 169.297 206.551
2 -0.527074 0.24644 1.90907 2 292.989 215.507 156.261 156.197
3 -0.506642 0.375126 1.86775 2 296.141 178.882 157.942 129.651
4 -0.583898 0.10927 1.86757 2 267.607 251.418 142.724 182.224
5 -0.594865 -0.12098 1.86182 2 262.808 314.306 140.165 227.805
6 -0.545448 -0.341991 1.91855 2 287.12 372.025 153.131 269.639
7 -0.505355 -0.431048 1.94419 2 303.962 394.184 162.113 285.7
8 -0.427696 0.18962 2.07189 2 341.553 234.753 182.162 170.146
9 -0.360093 -0.0453886 2.12776 1 367.415 292.02 195.954 211.652
10 -0.310204 -0.167786 2.37848 2 394.2 316.935 210.24 229.71
11 -0.313353 -0.18254 2.3834 2 393.466 320 209.849 231.932
12 -0.488911 -0.277431 2.08359 2 321.842 348.902 171.649 252.88
13 -0.497261 -0.723482 2.32799 2 335.91 439.711 179.152 318.697
14 -0.473266 -1.02503 2.48068 2 351.6 492.154 187.52 356.706
15 -0.391339 -1.08034 2.42594 2 372.049 508.538 198.426 368.581
16 -0.411643 -0.279636 2.19938 2 354.841 345.753 189.248 250.597
17 -0.378493 -0.674045 2.50414 2 379.397 418.231 202.345 303.128
18 -0.413865 -0.969383 2.63676 2 375.12 468.797 200.064 339.778
19 -0.302603 -0.979529 2.62765 2 404.117 471.384 215.529 341.653
20 -0.519491 0.182069 1.94593 2 299.435 233.623 159.699 169.327
21 -0.469907 -0.489812 1.95799 2 317.743 408.699 169.463 296.22
22 -0.455951 -0.454898 1.93736 2 321.03 400.823 171.216 290.511
23 -0.29624 -0.221205 2.41092 2 399.382 327.681 213.004 237.499
24 -0.307118 -0.228095 2.28493 2 391.405 331.791 208.749 240.478
1
0
0.420898 -0.151619 0.87835 -0.168397
0.423902 -0.152195 0.876904 -0.167877
0.426768 -0.160469 0.865751 -0.206382
0 0 0 0
-0.158855 0.768742 -0.42806 0.447846
-0.00215392 0.919816 -0.0267706 0.391431
0.0151617 0.714266 0.162618 0.680551
-0.0462962 0.702691 0.238471 0.66874
0.391509 0.643179 0.609031 0.249243
-0.177103 -0.684044 -0.0138246 0.707479
0.509178 0.841584 0.157527 0.0875185
0.166131 0.978303 -0.086376 0.0886724
0.383428 -0.534972 0.617995 -0.429965
0.232781 0.919734 -0.0859088 -0.304175
0.228687 0.902329 -0.0524076 -0.361605
0 0 0 0
0.295465 0.681108 0.667296 0.0592281
0.071812 0.307925 0.31634 0.894402
0.0647653 0.0430927 0.205864 0.975484
0 0 0 0
0.427055 -0.156124 0.871093 -0.1856
0 0 0 0
0 0 0 0
0 0 0 0
0 0 0 0
