85636130
0 -0.203994 -0.127659 2.41937 2 425.994 307.902 227.197 223.163
1 -0.197224 0.158812 2.32462 2 425.623 246.646 226.999 178.766
2 -0.188827 0.437728 2.21845 2 425.261 181.087 226.806 131.249
3 -0.161143 0.564981 2.20769 2 433.534 151.124 231.218 109.532
4 -0.222373 0.281816 2.14991 2 412.736 214.794 220.126 155.679
5 -0.216328 0.0425508 2.13493 2 414.295 271.128 220.957 196.51
6 -0.193596 -0.181107 2.18902 2 423.133 323.081 225.671 234.164
7 -0.191006 -0.270731 2.2282 2 424.961 342.742 226.646 248.415
8 -0.16154 0.235987 2.14083 1 432.046 225.409 230.425 163.373
9 -0.0585732 0.0286015 2.17532 1 465.463 274.566 248.247 199.001
10 -0.0575445 0.0212148 2.46998 2 467.956 276.87 249.576 200.672
11 -0.0264742 -0.0251424 2.50288 2 476.692 286.287 254.236 207.497
12 -0.242904 -0.121963 2.35781 2 413.113 307.385 220.327 222.789
13 -0.168618 -0.567144 2.53669 2 438.09 394.732 233.648 286.096
14 -0.220439 -0.915009 2.70548 2 427.525 453.575 228.013 328.745
15 -0.120479 -0.937211 2.68088 2 452.828 459.399 241.508 332.966
16 -0.158434 -0.12949 2.41531 2 438.876 308.323 234.067 223.468
17 -0.289845 -0.529112 2.68987 2 409.626 381.058 218.467 276.186
18 -0.313437 -0.924516 2.81945 2 406.965 448.318 217.048 324.935
19 -0.180952 -0.908257 2.78067 2 438.905 447.606 234.083 324.419
20 -0.191145 0.369184 2.24707 2 425.353 197.921 226.855 143.45
21 -0.180935 -0.337649 2.26216 2 428.879 356.843 228.736 258.635
22 -0.17328 -0.217434 2.28833 2 431.878 329.298 230.335 238.671
23 -0.0229288 -0.0241598 2.50624 1 477.674 286.082 254.759 207.349
24 -0.0176871 -0.0145957 2.50095 1 479.1 284.16 255.52 205.955
0
0
0.266648 -0.0320082 0.95052 -0.156159
0.174374 -0.0169029 0.971691 -0.158507
0.0255263 0.0107887 0.980061 -0.196756
0 0 0 0
-0.389663 0.906725 -0.151703 0.0547583
-0.0323955 0.788339 -0.00925773 0.614317
-0.0299742 0.159314 0.124372 0.978903
0.0170419 0.14552 0.204276 0.967887
-0.327033 0.940786 0.089125 0.00535053
0.211464 0.701207 0.111053 -0.671757
0.149831 0.156074 0.681924 0.698692
-0.165342 0.276288 0.338926 0.884
0.280537 -0.554555 0.678445 -0.391764
0.202006 0.847281 -0.0266499 -0.490508
0.210902 0.963271 -0.0982995 -0.134042
0 0 0 0
0.0785275 0.706395 0.688356 -0.144929
0.256919 0.443195 0.190346 0.83746
0.0465207 0.113038 0.15318 0.980609
0 0 0 0
0.0256074 0.00919352 0.984029 -0.175917
0 0 0 0
0 0 0 0
0 0 0 0
0 0 0 0
