85601258
0 -0.0391786 -0.0489599 2.59776 2 473.598 290.736 252.586 210.721
1 -0.028228 0.241823 2.52207 2 476.263 232.711 254.007 168.666
2 -0.0165733 0.526528 2.43585 2 479.264 171.519 255.608 124.314
3 0.0773074 0.624638 2.44322 2 505.808 151.29 269.764 109.653
4 -0.0959354 0.384488 2.34034 2 455.729 197.964 243.055 143.482
5 -0.117831 0.133878 2.3202 2 449.059 252.034 239.498 182.671
6 -0.0317115 -0.0777628 2.3679 2 474.758 297.809 253.204 215.848
7 -0.00515282 -0.130699 2.40325 2 482.484 308.702 257.325 223.743
8 0.0544274 0.399007 2.65148 1 498.085 204.995 265.645 148.578
9 0.15627 0.265604 2.79296 1 522.428 233.095 278.628 168.944
10 0.369585 0.328692 2.73167 1 577.156 220.218 307.816 159.611
11 0.440892 0.350062 2.71481 1 595.921 215.795 317.825 156.405
12 -0.0658081 -0.0473596 2.51374 2 465.976 290.733 248.52 210.719
13 -0.113284 -0.505661 2.67633 2 454.788 377.019 242.553 273.258
14 -0.152994 -0.848368 2.83056 2 446.571 433.76 238.171 314.383
15 -0.0715797 -0.894638 2.77715 2 466.118 445.27 248.596 322.726
16 -0.0108913 -0.0475032 2.61801 2 481.099 290.381 256.586 210.464
17 0.0204503 -0.444412 2.90995 2 488.794 358.561 260.69 259.88
18 -0.0177601 -0.717966 2.99663 2 479.866 402.89 255.929 292.009
19 0.0371094 -0.791016 2.99023 2 492.529 415.673 262.682 301.274
20 -0.019536 0.456344 2.45933 2 478.484 187.14 255.191 135.637
21 0.0415462 -0.175966 2.41031 2 495.801 318.125 264.427 230.573
22 -0.056114 -0.127541 2.4467 2 468.201 307.562 249.707 222.917
23 0.439539 0.360192 2.70675 1 595.919 213.696 317.824 154.884
24 0.438227 0.347076 2.69496 1 596.064 215.875 317.901 156.463
3
0
0.500021 -0.0481311 0.856466 -0.118861
0.498728 -0.0479517 0.85722 -0.118933
0.494268 -0.062918 0.854098 -0.149185
0 0 0 0
-0.217726 0.717331 -0.47548 0.460381
-0.0266127 0.960375 -0.0527177 0.272382
-0.214967 -0.388111 0.0209313 0.895947
-0.299744 -0.391605 0.162521 0.854626
0.396418 0.70312 0.456858 0.373839
-0.222562 0.0871688 0.382888 0.892337
0.454187 0.381562 0.656067 -0.466584
0.466525 0.393799 0.649876 -0.4527
0.381717 -0.536187 0.602801 -0.451028
0.151126 0.952579 -0.0903734 -0.248168
0.180209 0.923589 -0.118716 -0.316882
0 0 0 0
0.297728 0.678893 0.657477 0.134857
0.053089 0.260016 0.308573 0.913431
0.0956161 0.194954 0.135593 0.966677
0 0 0 0
0.496226 -0.054059 0.856327 -0.132444
0 0 0 0
0 0 0 0
0 0 0 0
0 0 0 0
