85643529
0 1.06033 0.350415 3.60459 2 687.458 231.723 366.644 167.95
1 1.03696 0.613173 3.46013 2 691.519 190.896 368.81 138.359
2 1.01218 0.869295 3.30568 2 696.288 147.023 371.354 106.561
3 1.05597 0.974711 3.24294 2 709.854 127.776 378.589 92.6104
4 0.883401 0.765761 3.29365 2 669.754 162.698 357.202 117.921
5 0.819917 0.560471 3.38549 2 651.412 196.98 347.419 142.769
6 0.897399 0.361074 3.44729 1 663.873 227.942 354.066 165.209
7 0.93445 0.304647 3.48435 1 669.318 236.743 356.97 171.588
8 1.13939 0.79364 3.39234 2 716.887 161.821 382.34 117.286
9 1.24335 0.610204 3.5955 1 723.677 194.639 385.961 141.072
10 1.26543 0.38611 3.5585 1 730.398 225.879 389.545 163.714
11 1.27403 0.312015 3.54975 1 732.67 236.389 390.758 171.332
12 0.984416 0.340492 3.55165 2 675.601 232.434 360.321 168.465
13 0.929646 0.0445306 3.61685 2 661.46 274.954 352.778 199.283
14 0.907417 -0.285302 3.78782 2 649.36 319.478 346.325 231.554
15 0.943874 -0.36885 3.68608 2 660.898 332.091 352.479 240.695
16 1.11637 0.354456 3.59002 2 699.194 230.923 372.903 167.37
17 1.14177 0.105581 3.73324 2 695.518 266.815 370.943 193.384
18 1.12767 -0.181409 4.00997 2 678.344 304.221 361.783 220.496
19 1.24223 -0.225114 3.9419 2 702.04 310.292 374.421 224.895
20 1.01882 0.806341 3.34626 2 695.031 158.284 370.683 114.722
21 0.946498 0.245385 3.4737 2 672.28 245.284 358.549 177.778
22 0.903568 0.294773 3.487 2 662.998 238.23 353.599 172.666
23 1.26736 0.236197 3.57144 1 729.814 247.494 389.234 179.38
24 1.23492 0.301059 3.51497 1 727.373 237.544 387.932 172.169
1
0
0.133928 -0.0740913 0.958589 -0.24017
0.148415 -0.0777163 0.956453 -0.239022
0.16115 -0.092768 0.944798 -0.269781
0 0 0 0
0.022061 0.731479 -0.604155 0.315355
0.193241 0.967109 -0.153005 -0.0628258
-0.220097 -0.378784 0.0617795 0.896807
-0.339663 -0.368381 0.135116 0.854791
0.268908 0.74011 0.615403 -0.0347181
0.189327 0.721009 0.38847 0.541656
-0.040994 0.829557 0.0855049 -0.550312
-0.0171084 0.831548 0.0801405 -0.549375
0.0788614 -0.656101 0.663686 -0.350475
0.0326107 0.796379 -0.135754 -0.588463
0.172241 0.782099 -0.164971 -0.575707
0 0 0 0
0.0925661 0.63309 0.725427 -0.25374
0.118874 0.582328 0.232784 0.769789
0.127703 0.271367 0.352123 0.886601
0 0 0 0
0.162587 -0.0854838 0.950207 -0.251724
0 0 0 0
0 0 0 0
0 0 0 0
0 0 0 0
