85625885
0 0.10924 -0.0114908 2.5959 2 512.862 283.448 273.526 205.439
1 0.149394 0.275579 2.55344 2 524.196 226.59 279.571 164.23
2 0.1882 0.554726 2.50228 2 535.856 168.645 285.79 122.232
3 0.30428 0.638434 2.55274 2 566.328 154.034 302.042 111.642
4 0.101446 0.416398 2.37877 2 513.333 192.483 273.778 139.509
5 0.0443628 0.153412 2.3339 2 497.017 247.977 265.076 179.73
6 0.115618 -0.0621786 2.35832 2 517.636 294.539 276.073 213.478
7 0.12549 -0.097317 2.38392 2 520.124 301.85 277.4 218.776
8 0.30216 0.454423 2.71431 1 560.688 196.295 299.034 142.272
9 0.470102 0.388383 2.838 1 598.185 211.767 319.032 153.486
10 0.685984 0.380577 2.89642 1 647.59 214.409 345.381 155.401
11 0.747576 0.374592 2.91485 1 661.25 215.84 352.667 156.438
12 0.0818897 -0.0225455 2.53642 2 506.132 285.703 269.937 207.074
13 0.00213366 -0.509102 2.63468 2 484.515 379.195 258.408 274.835
14 -0.0368461 -0.859028 2.76536 2 474.739 439.351 253.194 318.436
15 0.0413374 -0.904213 2.72264 2 494.467 450.393 263.716 326.439
16 0.136707 0.00153151 2.5925 2 520.181 280.912 277.43 203.601
17 0.168829 -0.408177 2.87776 2 524.337 353.05 279.647 255.886
18 0.114918 -0.729211 3.00572 2 510.349 404.447 272.186 293.138
19 0.20661 -0.752922 3.01073 2 531.351 408.302 283.387 295.932
20 0.178759 0.486122 2.51692 2 532.919 183.232 284.223 132.804
21 0.163376 -0.148967 2.39001 2 530.942 312.736 283.169 226.667
22 0.150582 -0.0868834 2.33832 2 528.207 299.998 281.71 217.435
23 0.76964 0.349195 2.92413 1 665.917 220.461 355.156 159.787
24 0.752496 0.412179 2.88255 1 664.482 208.448 354.39 151.08
3
0
0.404939 0.033273 0.908832 -0.094561
0.447812 0.0287265 0.888491 -0.0960399
0.488313 0.00721792 0.86381 -0.12382
0 0 0 0
-0.238622 0.687198 -0.491456 0.478842
-0.0560334 0.963547 -0.122029 0.231402
-0.0051862 0.922332 0.167187 0.348317
0.236444 0.874685 0.223664 0.359159
0.37833 0.694081 0.537963 0.292769
-0.410595 0.134618 0.424832 0.795492
-0.321929 0.528211 0.615567 0.488295
-0.303967 0.536273 0.601044 0.508685
-0.296971 0.602494 -0.573198 0.469311
0.0632088 0.925684 -0.110024 -0.356382
0.154183 0.940762 -0.101761 -0.284321
0 0 0 0
0.0116081 0.530828 0.844239 -0.0731252
0.0889162 0.382035 0.28741 0.873807
0.0799965 0.00680585 0.186236 0.979219
0 0 0 0
0.490626 0.0175251 0.864491 -0.107862
0 0 0 0
0 0 0 0
0 0 0 0
0 0 0 0
