85625394
0 0.103576 -0.016819 2.59133 2 511.411 284.491 272.753 206.195
1 0.141214 0.269333 2.54014 2 522.19 227.552 278.501 164.927
2 0.177311 0.547644 2.47786 2 533.332 168.994 284.443 122.485
3 0.289498 0.637009 2.52485 2 563.193 152.915 300.369 110.831
4 0.0830896 0.4076 2.36587 2 508.145 193.896 271.011 140.533
5 -0.00638597 0.16103 2.33091 2 482.074 246.282 257.106 178.502
6 0.0418584 -0.0978055 2.36113 2 496.134 302.148 264.605 218.993
7 0.0416216 -0.13055 2.36458 2 496.049 309.121 264.56 224.047
8 0.291319 0.447322 2.6899 1 558.601 196.87 297.92 142.689
9 0.459329 0.381291 2.81358 1 596.526 212.45 318.147 153.981
10 0.67525 0.373499 2.872 1 646.387 215.099 344.74 155.9
11 0.736848 0.367513 2.89043 1 660.171 216.537 352.091 156.943
12 0.0728567 -0.0265542 2.50537 2 503.93 286.567 268.763 207.7
13 0.00279157 -0.503665 2.63714 2 484.686 378.051 258.499 274.006
14 -0.0380465 -0.860672 2.77011 2 474.455 439.382 253.042 318.458
15 0.0379218 -0.907602 2.72227 2 493.601 451.056 263.254 326.92
16 0.131626 -0.00667008 2.61141 2 518.581 282.502 276.577 204.753
17 0.0681265 -0.389879 2.55409 1 502.317 358.529 267.902 259.857
18 -0.048511 -0.696909 2.77156 2 471.871 408.966 251.665 296.413
19 0.014221 -0.801762 2.75632 2 487.524 429.196 260.013 311.075
20 0.168528 0.479209 2.49545 2 530.511 183.802 282.939 133.217
21 0.0498579 -0.169227 2.39153 2 498.282 316.99 265.75 229.75
22 0.0748059 -0.133557 2.3647 2 505.691 309.765 269.702 224.513
23 0.760564 0.343824 2.90054 1 665.226 220.911 354.787 160.113
24 0.741797 0.405127 2.85811 1 663.425 209.086 353.827 151.543
1
0
0.513765 0.00988515 0.850974 -0.10859
0.494755 0.0122923 0.862165 -0.108344
0.471117 -0.00454112 0.870988 -0.139314
0 0 0 0
-0.210399 0.701374 -0.496248 0.466417
-0.0276115 0.958589 -0.182611 0.216789
-0.0452245 0.544251 0.0981085 0.831938
0.0319191 0.549499 0.0418913 0.833833
0.381151 0.697935 0.53484 0.28558
-0.410701 0.134646 0.424792 0.795454
-0.321962 0.528212 0.615576 0.488261
-0.303975 0.536279 0.60104 0.508679
0.334167 -0.56677 0.579061 -0.481449
0.112082 0.95886 -0.101184 -0.240387
0.150358 0.932387 -0.107263 -0.310711
0 0 0 0
0.323079 0.586405 0.732632 0.122475
0.0194532 0.607895 -0.107853 0.786418
0.239616 0.291114 0.229922 0.897203
0 0 0 0
0.473753 0.0062158 0.87217 -0.12182
0 0 0 0
0 0 0 0
0 0 0 0
0 0 0 0
