85611994
0 1.19074 0.382535 3.68384 2 707.772 228.301 377.478 165.469
1 1.17785 0.663907 3.5536 2 713.703 185.919 380.642 134.752
2 1.16011 0.938363 3.41364 2 719.714 140.889 383.848 102.114
3 1.13145 1.06616 3.37199 2 716.742 119.799 382.262 86.8288
4 1.0288 0.882981 3.55319 2 684.657 154.458 365.15 111.949
5 1.03232 0.656886 3.68122 2 678.093 190.309 361.65 137.933
6 1.02683 0.441972 3.66783 2 677.6 219.879 361.387 159.365
7 1.04462 0.39472 3.66275 2 681.228 226.36 363.321 164.062
8 1.27772 0.820756 3.36547 2 747.345 156.712 398.584 113.583
9 1.34739 0.557247 3.44009 2 755.637 198.531 403.006 143.892
10 1.31219 0.352643 3.48613 2 744.909 229.606 397.285 166.415
11 1.29299 0.315908 3.51057 2 739.246 235.314 394.264 170.552
12 1.12095 0.388873 3.68391 2 694.541 227.453 370.422 164.855
13 1.18232 0.115519 3.81678 2 698.266 265.803 372.409 192.65
14 1.27217 -0.156984 3.96868 2 705.807 301.355 376.431 218.418
15 1.20114 -0.236274 3.99891 2 691.726 311.285 368.921 225.615
16 1.23752 0.369281 3.61434 2 721.154 229.127 384.616 166.068
17 1.33421 0.0880178 3.67139 2 735.757 268.987 392.404 194.958
18 1.41177 -0.202034 3.8568 2 737.62 307.923 393.397 223.178
19 1.48599 -0.295111 3.78689 2 756.053 320.974 403.228 232.638
20 1.16535 0.870861 3.45063 2 718.208 152.397 383.044 110.455
21 1.02903 0.313214 3.6879 2 676.875 238.002 361 172.5
22 1.02253 0.425845 3.6518 2 677.625 221.86 361.4 160.801
23 1.29011 0.243102 3.535 2 736.873 246.142 392.999 178.4
24 1.24595 0.321323 3.48453 2 731.741 234.189 390.262 169.737
1
1
-0.268279 0.0386068 0.93882 -0.212492
-0.295576 0.0447944 0.930587 -0.211274
-0.322491 0.0494173 0.912952 -0.245105
0 0 0 0
0.363852 0.676406 -0.634828 -0.084145
-0.178771 -0.65908 0.181644 0.707573
0.0225917 -0.341007 -0.0248908 0.93946
-0.146567 -0.365777 -0.113661 0.912034
-0.0749434 0.709715 0.571798 -0.404642
0.128015 0.981792 0.131836 0.0481284
0.0352535 0.783144 -0.132986 -0.606431
0.0747753 0.726826 -0.335647 -0.594537
-0.159685 -0.658555 0.720917 -0.145206
-0.193502 -0.453643 0.147527 0.857322
-0.151444 -0.0283881 0.239563 0.958576
0 0 0 0
-0.226791 0.618122 0.608633 -0.442784
0.0104571 0.872136 0.188457 0.451391
0.0470212 0.502481 0.294636 0.811475
0 0 0 0
-0.32322 0.049738 0.917892 -0.224786
0 0 0 0
0 0 0 0
0 0 0 0
0 0 0 0
