85608277
0 -0.320413 -0.141737 2.40922 2 392.436 311.001 209.299 225.41
1 -0.36206 0.133177 2.31344 2 376.195 252.043 200.637 182.677
2 -0.401062 0.400828 2.20689 2 358.457 188.916 191.177 136.923
3 -0.362779 0.523444 2.17848 2 368.818 158.964 196.703 115.215
4 -0.440719 0.26125 2.14183 2 341.944 219.265 182.37 158.92
5 -0.411131 0.0305013 2.13516 2 351.267 273.967 187.342 198.568
6 -0.319524 -0.180109 2.21119 2 384.46 322.48 205.045 233.729
7 -0.288063 -0.249673 2.27017 2 396.582 336.937 211.51 244.207
8 -0.267191 0.252012 2.34303 1 405.458 226.729 216.244 164.33
9 -0.199893 0.0666925 2.56727 1 430.448 268.074 229.572 194.296
10 -0.198371 -0.136235 2.6622 1 432.742 307.093 230.796 222.577
11 -0.151398 -0.166713 2.69497 1 445.349 312.494 237.519 226.491
12 -0.359732 -0.151787 2.34311 2 378.244 314.033 201.73 227.607
13 -0.327661 -0.531109 2.53562 2 394.751 387.61 210.534 280.935
14 -0.310947 -0.870427 2.73477 2 405.23 443.375 216.123 321.352
15 -0.200517 -0.929385 2.71688 2 432.838 455.559 230.847 330.183
16 -0.272513 -0.1276 2.41028 2 406.191 308.005 216.635 223.238
17 -0.33478 -0.575667 2.56509 2 393.818 395.264 210.036 286.482
18 -0.24069 -0.873838 2.80283 2 424.523 439.989 226.413 318.898
19 -0.205811 -0.85498 2.89648 2 434.81 431.445 231.899 312.705
20 -0.391756 0.335003 2.23551 2 363.047 205.129 193.625 148.674
21 -0.258336 -0.314239 2.29469 2 406.414 350.618 216.754 254.123
22 -0.280579 -0.201848 2.30989 2 400.358 325.465 213.524 235.893
23 -0.15334 -0.170987 2.68675 1 444.733 313.395 237.191 227.145
24 -0.153601 -0.165807 2.67178 1 444.446 312.595 237.038 226.564
3
0
0.320728 -0.122046 0.929805 -0.133049
0.344454 -0.125416 0.921279 -0.129877
0.371635 -0.137814 0.903665 -0.162127
0 0 0 0
-0.268454 0.790506 -0.376614 0.401491
-0.0408213 0.896889 0.0509665 0.437409
-0.160383 0.188317 0.197488 0.948584
-0.123271 0.141947 0.352545 0.916716
0.209979 0.813532 0.480366 0.251641
0.301031 0.78295 0.314725 0.444206
0.198654 0.886906 -0.0875048 -0.40777
-0.495477 -0.663197 -0.140046 0.543193
-0.31753 0.64761 -0.57827 0.381288
0.226261 0.87761 -0.0648347 -0.417616
0.261126 0.944916 -0.0313839 -0.194839
0 0 0 0
0.140067 0.591683 0.788591 -0.0917445
0.144913 0.53461 0.102176 0.826288
-0.289248 -0.536111 0.191762 0.769512
0 0 0 0
0.3717 -0.133081 0.907714 -0.142067
0 0 0 0
0 0 0 0
0 0 0 0
0 0 0 0
