85611810
0 -0.337385 -0.122308 2.45677 2 389.451 306.421 207.707 222.09
1 -0.382166 0.157753 2.37564 2 373.165 247.558 199.022 179.427
2 -0.423619 0.429783 2.28265 2 355.765 185.508 189.741 134.454
3 -0.38818 0.553511 2.25579 2 364.949 156.341 194.639 113.314
4 -0.467741 0.287982 2.21028 2 337.858 215.02 180.191 155.844
5 -0.453315 0.0558141 2.19405 2 341.51 268.305 182.139 194.464
6 -0.340559 -0.180094 2.25274 2 379.85 321.722 202.587 233.18
7 -0.302112 -0.240119 2.29162 2 393.177 334.303 209.694 242.299
8 -0.322564 0.30502 2.39362 1 391.114 216.608 208.594 156.995
9 -0.262332 0.0948061 2.59956 1 414.574 262.76 221.106 190.445
10 -0.218821 -0.127475 2.72275 1 428.716 304.891 228.648 220.981
11 -0.18979 -0.173067 2.75818 1 436.66 312.947 232.885 226.82
12 -0.368975 -0.131307 2.39068 2 377.694 309.037 201.437 223.986
13 -0.345334 -0.596763 2.54265 2 390.119 400.535 208.063 290.302
14 -0.376075 -0.939189 2.66413 2 386.112 461.018 205.926 334.139
15 -0.279978 -0.975502 2.62721 2 410.08 470.62 218.709 341.099
16 -0.29659 -0.110614 2.45758 2 400.942 303.993 213.836 220.33
17 -0.359497 -0.577956 2.5379 2 386.097 396.979 205.919 287.725
18 -0.314683 -0.811283 2.84722 2 407.507 426.243 217.337 308.935
19 -0.228231 -0.852995 2.87472 2 429.037 432.248 228.82 313.287
20 -0.413789 0.362903 2.308 2 360.225 201.359 192.12 145.943
21 -0.271957 -0.296584 2.30888 2 402.835 346.31 214.845 251
22 -0.28801 -0.199984 2.33826 2 399.184 324.525 212.898 235.211
23 -0.182378 -0.20152 2.7752 1 438.782 317.942 234.017 230.44
24 -0.191394 -0.164221 2.72753 1 435.725 311.663 232.387 225.889
3
0
0.36147 -0.122535 0.918711 -0.101458
0.373309 -0.123836 0.913965 -0.0998661
0.387168 -0.134329 0.901817 -0.137052
0 0 0 0
-0.265813 0.788348 -0.388197 0.396427
-0.0429496 0.945939 0.0181262 0.320977
-0.189653 0.196084 0.154486 0.949588
-0.204092 0.166065 0.29787 0.917629
0.219497 0.796046 0.491804 0.276153
0.215581 0.707398 0.321893 0.591183
0.238833 0.961099 0.109094 0.0857097
0.284545 0.922334 0.257469 0.0452175
-0.361917 0.639661 -0.555023 0.389615
0.154091 0.909119 -0.0387385 -0.385044
0.156003 0.961598 -0.0782041 -0.211841
0 0 0 0
0.11777 0.596925 0.789865 -0.0769662
0.107233 0.796325 -0.00241201 0.595283
-0.00566762 0.116978 0.448171 0.886243
0 0 0 0
0.386991 -0.129442 0.905585 -0.115753
0 0 0 0
0 0 0 0
0 0 0 0
0 0 0 0
