85622942
0 1.28369 0.2871 3.47423 2 740.057 239.063 394.697 173.27
1 1.28942 0.55446 3.3294 2 752.585 196.211 401.378 142.211
2 1.29136 0.814927 3.17379 2 766.203 150.146 408.641 108.824
3 1.27648 0.94453 3.10285 2 769.187 125.906 410.233 91.2551
4 1.14135 0.790992 3.28931 2 724.636 158.472 386.473 114.858
5 1.10929 0.56875 3.46032 2 706.057 197.417 376.564 143.085
6 1.1092 0.278777 3.46365 2 705.639 240.212 376.341 174.103
7 1.11996 0.225156 3.49472 1 705.777 248.396 376.414 180.034
8 1.40451 0.685944 3.15039 2 793.152 170.092 423.014 123.28
9 1.45081 0.467906 3.25236 2 793.419 207.769 423.157 150.588
10 1.38283 0.275045 3.31147 2 773.618 238.816 412.596 173.09
11 1.34949 0.238558 3.32763 1 765.214 244.624 408.114 177.3
12 1.2065 0.298472 3.46988 2 724.841 237.36 386.582 172.035
13 1.20307 0.039907 3.63809 2 712.875 275.623 380.2 199.768
14 1.25433 -0.197933 3.87785 2 707.851 307.209 377.521 222.661
15 1.35305 -0.26137 3.81016 2 729.997 316.184 389.332 229.166
16 1.33673 0.270453 3.40973 2 755.797 240.739 403.092 174.484
17 1.33876 0.0237055 3.52868 2 746.927 277.784 398.361 201.334
18 1.37706 -0.261094 3.75556 2 738.073 316.665 393.639 229.514
19 1.48915 -0.300669 3.73579 2 760.392 322.282 405.542 233.585
20 1.29174 0.750938 3.21483 2 762.71 161.966 406.779 117.391
21 1.13341 0.179402 3.51934 2 706.867 255.248 376.996 185
22 1.07455 0.22527 3.49125 2 696.915 248.359 371.688 180.007
23 1.32685 0.177685 3.34967 2 758.625 254.145 404.6 184.201
24 1.31238 0.254354 3.29627 2 760.057 241.835 405.364 175.278
0
1
-0.223726 0.066154 0.943136 -0.236779
-0.250196 0.0727953 0.936462 -0.234823
-0.277209 0.0787844 0.918707 -0.270048
0 0 0 0
-0.346814 -0.619618 0.704125 0.0013452
0.208591 0.728342 -0.250571 -0.602679
-0.00300969 -0.547963 0.00489033 0.836483
-0.213964 -0.522474 0.167304 0.808239
-0.0221853 0.755785 0.525119 -0.390572
0.201985 0.966069 0.120165 0.107116
0.0152093 0.779788 -0.216222 -0.587322
-0.0810466 0.727237 -0.377635 -0.567406
-0.166427 -0.628544 0.738286 -0.179354
-0.144119 -0.502487 0.245231 0.816455
0.381975 0.84463 -0.0771586 -0.367073
0 0 0 0
-0.186837 0.645189 0.606088 -0.426006
0.187921 0.831243 0.119601 0.509329
0.00889654 0.181689 0.333152 0.925159
0 0 0 0
-0.276994 0.0799272 0.924763 -0.248393
0 0 0 0
0 0 0 0
0 0 0 0
0 0 0 0
