85638576
0 0.0514644 -0.137827 2.50082 2 498.094 309.072 265.65 224.011
1 0.105129 0.157307 2.42864 2 513.703 248.458 273.975 180.079
2 0.158791 0.444766 2.34653 2 530.601 185.072 282.987 134.138
3 0.272454 0.527725 2.36972 2 563.337 168.07 300.447 121.815
4 0.0428396 0.318695 2.2462 2 497.08 209.369 265.11 151.748
5 -0.107908 0.0921162 2.21923 2 450.55 260.226 240.293 188.608
6 -0.126359 -0.131742 2.24958 2 445.356 310.825 237.523 225.282
7 -0.125761 -0.181359 2.27917 2 446.027 321.46 237.881 232.99
8 0.237997 0.322936 2.54875 1 548.236 217.03 292.392 157.3
9 0.339426 0.19241 2.68968 1 570.798 244.986 304.426 177.563
10 0.553133 0.136956 2.72868 1 623.718 255.747 332.649 185.362
11 0.615743 0.126605 2.74143 1 638.919 257.765 340.757 186.824
12 0.0186352 -0.134821 2.44086 2 489.201 309.133 260.907 224.055
13 -0.108672 -0.552155 2.53858 2 454.43 391.606 242.362 283.831
14 -0.206525 -0.896431 2.70686 2 431.126 449.951 229.934 326.118
15 -0.12302 -0.934581 2.69224 2 452.307 458.138 241.231 332.052
16 0.085639 -0.135773 2.50662 2 507.43 308.595 270.629 223.665
17 0.151599 -0.456539 2.74316 2 522.019 365.557 278.41 264.951
18 0.18744 -0.758171 2.93679 2 528.046 412.44 281.625 298.931
19 0.0895752 -0.813126 2.84554 1 505.718 426.571 269.716 309.173
20 0.145513 0.373918 2.36911 2 526.252 201.235 280.668 145.853
21 -0.132044 -0.237111 2.3129 2 444.696 333.088 237.171 241.418
22 -0.0828161 -0.14907 2.32463 2 459.477 313.635 245.054 227.318
23 0.617701 0.10292 2.74096 1 639.434 262.148 341.031 190.002
24 0.611127 0.139664 2.7228 1 638.814 255.169 340.701 184.943
1
0
0.369951 0.0373088 0.917288 -0.142569
0.4112 0.0308 0.899553 -0.144116
0.449849 0.0100236 0.87556 -0.175869
0 0 0 0
-0.168716 0.681095 -0.555466 0.446209
0.015219 0.931198 -0.292428 0.217081
0.0605866 0.326831 0.0500508 0.94181
0.0836423 0.321899 0.252214 0.908721
0.402321 0.732124 0.464554 0.293805
-0.202811 0.135989 0.398028 0.884279
-0.412185 0.480138 0.45435 0.627007
-0.428912 0.458912 0.485879 0.607746
0.278753 -0.540341 0.666531 -0.431353
0.0471992 0.908212 -0.176321 -0.376609
0.200771 0.95828 -0.156362 -0.130156
0 0 0 0
0.155943 0.685095 0.710813 -0.0327232
0.0569095 0.412153 0.315824 0.852729
0.237883 0.882379 0.157282 0.374274
0 0 0 0
0.452956 0.0190157 0.877126 -0.15849
0 0 0 0
0 0 0 0
0 0 0 0
0 0 0 0
