85628822
0 1.19585 0.416152 3.7761 2 703.215 225.065 375.048 163.124
1 1.16176 0.68287 3.63788 2 705.264 185.49 376.141 134.44
2 1.12268 0.94312 3.49006 2 707.077 143.287 377.108 103.853
3 1.10257 1.06819 3.41923 2 707.666 121.728 377.422 88.2266
4 0.983985 0.901007 3.59848 2 673.453 153.529 359.175 111.276
5 0.981681 0.692335 3.74919 2 665.157 187.175 354.751 135.662
6 1.01943 0.481197 3.74868 2 672.033 215.884 358.417 156.47
7 1.04479 0.428192 3.7438 1 676.968 223.003 361.049 161.629
8 1.28421 0.856152 3.4688 2 740.794 155.214 395.09 112.497
9 1.4587 0.728587 3.54665 2 769.292 176.339 410.289 127.808
10 1.42405 0.519676 3.5788 2 759.965 207.094 405.315 150.099
11 1.37547 0.486092 3.59939 2 748.96 212.297 399.445 153.87
12 1.11685 0.415557 3.76802 2 689.05 225.057 367.494 163.118
13 1.16643 0.148765 3.89733 2 690.952 261.784 368.508 189.738
14 1.25543 -0.122576 4.08327 2 696.65 296.492 371.547 214.893
15 1.23926 -0.217407 4.00781 2 697.897 308.829 372.212 223.835
16 1.25282 0.409121 3.71465 2 717.587 225.07 382.713 163.127
17 1.30648 0.115696 3.74736 2 725.435 265.475 386.899 192.413
18 1.38108 -0.187285 3.90485 2 728.975 305.66 388.786 221.538
19 1.41086 -0.27527 3.8513 2 737.839 317.661 393.514 230.236
20 1.13331 0.879139 3.529 2 706.664 154.086 376.887 111.679
21 1.04553 0.358906 3.74767 2 676.863 232.483 360.993 168.5
22 1.01937 0.377452 3.76267 2 671.249 230.179 358 166.831
23 1.34461 0.39669 3.62286 2 741.25 225.354 395.334 163.334
24 1.33574 0.513974 3.59862 2 741.328 208.338 395.375 151
1
1
-0.182805 -0.0126775 0.952722 -0.242367
-0.200207 -0.00824078 0.949218 -0.242558
-0.21714 -0.0107109 0.935802 -0.277508
0 0 0 0
-0.34255 -0.658472 0.669678 -0.0245994
0.245714 0.768478 -0.185212 -0.561038
-0.0822822 -0.350131 -0.0321827 0.932525
-0.190386 -0.352417 -0.119396 0.90846
0.0452748 0.680279 0.654142 -0.327519
0.150935 0.877956 0.446748 0.0826401
0.04336 -0.406581 0.102191 0.906846
0.272705 -0.471113 0.396439 0.73927
-0.126513 -0.681627 0.693002 -0.197805
-0.193553 -0.539513 0.136977 0.807899
-0.282211 -0.564742 0.149076 0.761052
0 0 0 0
-0.137013 0.599365 0.662888 -0.427281
-0.0047867 0.824693 0.105179 0.555694
0.0688906 0.631709 0.248668 0.731001
0 0 0 0
-0.217701 -0.0072811 0.941474 -0.257256
0 0 0 0
0 0 0 0
0 0 0 0
0 0 0 0
