10918975
0 -0.449711 -0.0406387 2.49905 2 359.997 289.454 191.998 209.792
1 -0.466251 0.233396 2.42396 2 351.311 232.351 187.366 168.405
2 -0.475828 0.496706 2.33142 2 342.832 172.808 182.844 125.249
3 -0.477666 0.615171 2.32357 2 341.629 146.33 182.202 106.058
4 -0.497354 0.378692 2.28964 2 333.868 197.118 178.063 142.869
5 -0.395476 0.137667 2.26661 2 363.752 250.42 194.001 181.501
6 -0.323605 -0.118313 2.33297 2 388.497 306.892 207.198 222.431
7 -0.300984 -0.201637 2.37312 2 396.66 324.245 211.552 235.008
8 -0.375866 0.436932 2.57695 1 383.345 195.147 204.451 141.44
9 -0.560983 0.259369 2.45633 2 326.269 227.563 174.01 164.934
10 -0.407603 0.0738989 2.30794 2 362.305 264.981 193.229 192.055
11 -0.39985 0.0218293 2.30943 1 364.718 276.421 194.516 200.346
12 -0.470209 -0.0433071 2.44839 2 351.615 290.18 187.528 210.318
13 -0.526254 -0.400683 2.71731 2 350.276 356.107 186.814 258.102
14 -0.407813 -0.892248 2.76992 2 381.969 445.405 203.717 322.824
15 -0.33196 -0.933621 2.73005 2 399.708 455.567 213.177 330.189
16 -0.417534 -0.0370827 2.48034 2 368.038 288.786 196.287 209.308
17 -0.389152 -0.492263 2.58261 2 379.949 378.024 202.639 273.986
18 -0.364687 -0.936728 2.74855 1 392.018 454.982 209.076 329.765
19 -0.325254 -0.933405 2.797 2 403.406 451.312 215.15 327.105
20 -0.47442 0.432082 2.3569 2 344.878 188.003 183.935 136.262
21 -0.236395 -0.259914 2.38809 2 415.833 336.326 221.778 243.765
22 -0.361344 -0.202429 2.39556 2 380.076 324.034 202.707 234.855
23 -0.347982 -0.0515003 2.28111 2 378.954 292.646 202.109 212.106
24 -0.451896 -0.0278681 2.33145 2 350.385 287.272 186.872 208.211
1
1
0.266733 -0.0640996 0.954077 -0.120342
0.398593 -0.0804275 0.906936 -0.110102
0.54373 -0.111893 0.81818 -0.149733
0 0 0 0
-0.258541 0.725438 -0.364428 0.523534
-0.1876 0.564895 0.0776701 0.799792
-0.177083 -0.49236 0.0398257 0.851257
-0.216629 -0.49426 0.124596 0.832619
0.420893 0.607623 0.576979 0.347475
0.323368 0.132931 -0.286742 0.891931
-0.176237 -0.323153 -0.375441 0.850621
-0.0730241 -0.416063 -0.0178756 0.906223
-0.377232 0.594551 -0.577333 0.413391
0.200931 0.427785 0.251404 0.844644
0.0848923 0.946392 0.0965083 -0.296348
0 0 0 0
-0.0961281 0.620435 0.733694 -0.259832
0.027516 0.488314 0.110928 0.865152
-0.0984317 -0.413853 0.15005 0.892481
0 0 0 0
0.544985 -0.105905 0.822419 -0.124105
0 0 0 0
0 0 0 0
0 0 0 0
0 0 0 0
