10874032
0 0.914332 0.249167 3.46462 2 666.307 244.644 355.364 177.315
1 0.925369 0.483605 3.30717 2 677.564 206.757 361.367 149.855
2 0.925657 0.71325 3.14455 2 687.957 165.543 366.911 119.983
3 0.895128 0.82398 3.0619 2 686.661 143.906 366.219 104.301
4 0.799929 0.680538 3.2635 2 653.591 175.016 348.582 126.849
5 0.788818 0.453123 3.41023 2 643.747 213.668 343.332 154.864
6 0.800699 0.217498 3.45974 2 643.686 249.284 343.299 180.677
7 0.804717 0.183706 3.47789 2 643.636 254.387 343.273 184.376
8 1.0515 0.615244 3.11936 2 717.657 180.59 382.751 130.889
9 1.10555 0.405752 3.17953 2 724.916 216.136 386.622 156.652
10 0.979034 0.247586 3.01135 2 709.048 239.324 378.159 173.459
11 0.922381 0.21616 2.97128 2 698.776 244.166 372.68 176.968
12 0.849875 0.2605 3.45196 2 653.981 242.862 348.79 176.023
13 0.937842 -0.0143657 3.56147 2 665.846 283.261 355.118 205.304
14 1.00942 -0.290242 3.68882 2 673.107 321.231 358.99 232.824
15 0.971444 -0.364657 3.72481 2 664.195 330.996 354.237 239.902
16 0.961242 0.233049 3.41077 2 678.798 246.45 362.025 178.624
17 1.04046 -0.0399047 3.44541 2 692.818 287.105 369.503 208.09
18 1.05394 -0.345526 3.60404 2 686.249 330.012 365.999 239.188
19 1.02949 -0.432361 3.56363 2 683.833 342.98 364.711 248.587
20 0.927063 0.656637 3.18649 2 685.503 176.165 365.602 127.682
21 0.80602 0.131198 3.49428 2 643.125 262.146 343 190
22 0.770267 0.166277 3.47344 2 636.942 256.909 339.702 186.204
23 0.880657 0.190786 2.94845 2 690.56 248.275 368.298 179.947
24 0.882976 0.253362 2.972 2 689.485 237.814 367.725 172.365
1
0
-0.193055 0.0787827 0.936744 -0.28113
-0.223796 0.0879971 0.929879 -0.278383
-0.261863 0.0763173 0.912754 -0.30411
0 0 0 0
-0.382522 -0.648447 0.65807 0.0117354
0.210131 0.758062 -0.1899 -0.587473
-0.076723 -0.538045 0.0734399 0.836198
-0.176047 -0.521281 0.17576 0.816322
0.00746968 0.699549 0.599553 -0.388731
0.0685186 0.882819 0.169888 0.432521
0.44455 -0.657924 -0.0444125 0.60625
0.534263 -0.593754 0.0911032 0.594743
-0.153419 -0.594363 0.749313 -0.248447
-0.219554 -0.500286 0.0810293 0.833633
-0.109893 0.037625 0.214599 0.969771
0 0 0 0
-0.161052 0.647582 0.603315 -0.436704
-0.0248896 0.828879 0.150732 0.538164
0.182482 0.795376 0.152499 0.557514
0 0 0 0
-0.258922 0.085425 0.918178 -0.287423
0 0 0 0
0 0 0 0
0 0 0 0
0 0 0 0
