10907914
0 -0.133768 -0.0114553 2.49337 2 447.102 283.533 238.454 205.501
1 -0.134323 0.252466 2.41681 2 445.735 228.348 237.725 165.503
2 -0.13286 0.508884 2.32796 2 444.586 170.245 237.113 123.392
3 -0.0911881 0.633311 2.326 2 456.867 142.766 243.662 103.474
4 -0.2044 0.357269 2.24955 2 421.362 200.702 224.726 145.466
5 -0.202851 0.14974 2.24293 2 421.769 247.431 224.943 179.335
6 -0.150346 -0.110475 2.30984 2 439.227 305.397 234.254 221.347
7 -0.122996 -0.193538 2.34568 2 447.912 322.946 238.886 234.067
8 -0.0342332 0.448932 2.57302 1 474.793 192.786 253.223 139.729
9 0.0586848 0.287535 2.70652 1 498.865 227.461 266.061 164.86
10 0.26087 0.281119 2.7168 1 550.027 228.819 293.348 165.845
11 0.350004 0.296597 2.72201 1 572.498 225.999 305.332 163.801
12 -0.152434 -0.0281099 2.37725 2 439.901 287.189 234.614 208.151
13 -0.22678 -0.447584 2.55075 2 422.683 370.199 225.431 268.315
14 -0.371616 -0.871904 2.73997 2 390.027 443.379 208.014 321.355
15 -0.28737 -0.924313 2.72439 2 410.887 454.154 219.14 329.164
16 -0.109608 0.0084996 2.52991 2 454.197 279.513 242.238 202.587
17 -0.081344 -0.381882 2.7615 2 463.688 351.23 247.3 254.566
18 -0.106101 -0.712002 2.87716 2 458.496 406.935 244.531 294.941
19 -0.0481728 -0.786475 2.90872 2 472.514 418.675 252.008 303.45
20 -0.133459 0.445934 2.35234 2 444.854 185.069 237.256 134.135
21 -0.102062 -0.260532 2.35969 2 454.212 337.083 242.246 244.313
22 -0.101278 -0.170228 2.35311 2 454.378 317.795 242.335 230.333
23 0.388708 0.296477 2.72641 1 582.162 226.093 310.487 163.869
24 0.346014 0.318315 2.68346 1 572.764 221.093 305.474 160.245
1
0
0.600425 -0.086149 0.787203 -0.111265
0.550891 -0.0791452 0.822628 -0.116351
0.498255 -0.0892437 0.847324 -0.160683
0 0 0 0
-0.177195 0.747888 -0.423285 0.479682
-0.0158088 0.882557 -0.004193 0.46992
-0.0386723 0.399958 0.152461 0.902936
-0.0569491 0.393723 0.239392 0.885681
0.43767 0.621458 0.560928 0.328016
-0.198516 0.0604099 0.329255 0.921159
-0.277129 0.643425 0.638247 0.319132
-0.307902 0.573305 0.70043 0.293115
-0.416682 0.566278 -0.506238 0.499429
0.181104 0.970129 -0.10602 -0.121698
0.175584 0.95649 -0.182236 -0.145216
0 0 0 0
0.450497 0.493725 0.710177 0.221218
0.00457476 0.133212 0.266057 0.954697
0.0279963 -0.0458729 0.168875 0.984171
0 0 0 0
0.500508 -0.0793413 0.850793 -0.139099
0 0 0 0
0 0 0 0
0 0 0 0
0 0 0 0
