10881390
0 1.19792 0.229627 3.41356 2 727.069 246.919 387.77 178.963
1 1.1936 0.473444 3.2766 2 736.515 207.495 392.808 150.389
2 1.18553 0.710724 3.12941 2 746.768 165.274 398.276 119.788
3 1.19547 0.806236 3.04151 2 756.622 145.896 403.532 105.744
4 1.03815 0.654948 3.18144 2 710.168 176.197 378.756 127.705
5 0.985323 0.440657 3.30709 2 690.18 213.345 368.096 154.63
6 1.01307 0.220858 3.34934 2 693.204 247.643 369.709 179.488
7 1.02699 0.17314 3.35995 1 695.411 254.978 370.886 184.805
8 1.34259 0.601421 3.17194 2 777.603 184.417 414.722 133.663
9 1.44343 0.392609 3.21648 2 795.285 218.899 424.152 158.655
10 1.61121 0.226339 3.16274 2 837.14 244.702 446.475 177.357
11 1.65474 0.199677 3.13571 2 849.631 248.741 453.136 180.284
12 1.11847 0.233175 3.38797 2 712.533 246.145 380.018 178.403
13 1.13054 -0.0168942 3.53203 2 705.463 283.646 376.247 205.583
14 1.15378 -0.296536 3.69683 2 699.953 322.06 373.308 233.425
15 1.13843 -0.378922 3.59752 2 703.037 334.869 374.953 242.708
16 1.25472 0.221392 3.37405 2 741.705 247.745 395.576 179.562
17 1.28207 -0.0287999 3.49031 2 738.49 285.418 393.861 206.867
18 1.28499 -0.313599 3.62186 2 729.79 325.358 389.221 235.815
19 1.26842 -0.395817 3.52297 2 733.503 338.513 391.201 245.349
20 1.1883 0.652383 3.16817 2 744.133 176.103 396.871 127.637
21 1.02803 0.120649 3.38456 2 694.059 263.067 370.165 190.667
22 1.05365 0.171181 3.34372 2 702.018 255.142 374.41 184.923
23 1.64687 0.141675 3.0671 2 855.936 257.663 456.499 186.751
24 1.66919 0.167458 3.16998 2 848.863 254.272 452.727 184.293
1
0
-0.0651123 0.00906371 0.965214 -0.253061
-0.0614729 0.00810958 0.965453 -0.253093
-0.0600975 -0.00244703 0.955253 -0.289609
0 0 0 0
0.219902 0.683336 -0.678343 0.156671
0.199707 0.89276 -0.195548 -0.353352
0.0337959 0.769346 0.107588 0.6288
-0.00588704 0.762372 0.174704 0.623084
0.167863 0.781867 0.561295 -0.213198
-0.161801 0.393038 0.177921 0.887517
-0.381303 0.0336994 -0.106864 0.917634
-0.459081 0.0605395 -0.241792 0.852711
-0.0638017 -0.637271 0.719142 -0.269535
-0.185526 -0.632894 0.180859 0.729599
-0.19929 -0.62862 0.17498 0.731097
0 0 0 0
-0.0587446 0.649191 0.661408 -0.370999
0.130343 0.740619 0.178278 0.634595
0.158697 0.73627 0.144636 0.641718
0 0 0 0
-0.0587152 0.00327148 0.961266 -0.269277
0 0 0 0
0 0 0 0
0 0 0 0
0 0 0 0
