10874411
0 -0.196067 -0.100317 2.47573 2 429.525 301.704 229.08 218.671
1 -0.234827 0.174494 2.35665 2 415.422 243.736 221.558 176.657
2 -0.272969 0.439242 2.22646 2 399.362 181.044 212.993 131.218
3 -0.255625 0.561734 2.21083 2 404.049 151.998 215.493 110.166
4 -0.32196 0.302454 2.18485 2 382.38 210.994 203.936 152.926
5 -0.305355 0.0957485 2.15655 2 386.51 258.726 206.139 187.521
6 -0.284581 -0.1537 2.26203 2 397.386 315.616 211.939 228.754
7 -0.263389 -0.249753 2.31567 2 405.66 335.842 216.352 243.414
8 -0.173591 0.379436 2.47165 1 435.594 203.423 232.317 147.438
9 -0.102098 0.260954 2.63834 1 457.351 231.171 243.92 167.55
10 -0.00509668 0.0818181 2.64991 1 482.636 265.606 257.406 192.508
11 0.0899997 0.0781717 2.64658 2 507.315 266.281 270.568 192.997
12 -0.223936 -0.0978238 2.39251 2 419.61 301.895 223.792 218.809
13 -0.314772 -0.526375 2.5361 2 398.289 386.626 212.421 280.222
14 -0.449007 -0.878022 2.71909 2 369.544 445.844 197.09 323.141
15 -0.392109 -0.928203 2.72507 2 384.244 454.901 204.93 329.706
16 -0.173697 -0.110768 2.48964 2 436.01 303.71 232.539 220.125
17 -0.0869691 -0.458405 2.76014 2 462.259 365.366 246.538 264.812
18 -0.017271 -0.741082 2.94974 2 479.914 408.855 255.954 296.332
19 0.036542 -0.791324 2.955 2 492.5 417.344 262.667 302.485
20 -0.263652 0.374407 2.26118 2 403.583 197.223 215.244 142.944
21 -0.246326 -0.325286 2.32699 2 411.05 352.056 219.227 255.165
22 -0.229956 -0.211445 2.3085 2 415.425 327.58 221.56 237.426
23 0.126076 0.0421812 2.65633 2 516.56 273.184 275.499 198
24 0.0637069 0.074078 2.6557 2 500.433 267.113 266.898 193.599
1
0
0.45883 -0.152699 0.862824 -0.147288
0.470007 -0.154601 0.856786 -0.145291
0.478 -0.175852 0.84191 -0.178269
0 0 0 0
-0.170401 0.772609 -0.413751 0.450388
-0.0761885 0.708696 -0.0194002 0.70112
0.0712452 0.515945 0.189067 0.832453
0.0505006 0.517136 0.262288 0.813157
0.431917 0.607669 0.569586 0.34606
0.132483 0.557934 0.457162 0.679824
-0.247015 -0.100182 0.00375191 0.963812
-0.674978 -0.140488 -0.158929 0.706689
0.394958 -0.54876 0.598504 -0.429724
0.128673 0.951458 -0.136541 -0.243982
0.212658 0.955656 -0.186197 -0.0826318
0 0 0 0
0.252837 0.823936 0.501707 0.0741112
-0.00311612 0.279242 0.335872 0.899558
-0.0225722 0.261582 0.304441 0.915631
0 0 0 0
0.479511 -0.165822 0.847046 -0.158385
0 0 0 0
0 0 0 0
0 0 0 0
0 0 0 0
