10697981
0 -0.438514 -0.135348 2.38434 2 357.222 309.995 190.518 224.68
1 -0.472261 0.129041 2.27679 2 340.917 252.451 181.822 182.973
2 -0.496973 0.386897 2.15606 2 324.588 189.914 173.113 137.647
3 -0.485684 0.51024 2.13535 2 326.508 159.495 174.138 115.6
4 -0.544562 0.258726 2.11846 2 306.272 219.091 163.345 158.794
5 -0.493926 0.0569636 2.08816 2 320.714 267.357 171.048 193.777
6 -0.443971 -0.151478 2.19741 2 344.635 316.189 183.805 229.17
7 -0.429119 -0.211861 2.26444 2 353.291 328.681 188.422 238.223
8 -0.402921 0.291538 2.34305 1 365.381 218.077 194.87 158.059
9 -0.362229 0.0788442 2.50145 1 384.299 265.249 204.959 192.249
10 -0.347411 -0.179739 2.58641 1 391.508 316.406 208.804 229.327
11 -0.335238 -0.280968 2.59142 1 394.876 336.149 210.6 243.636
12 -0.4671 -0.126823 2.31762 2 345.001 308.973 184 223.939
13 -0.472175 -0.529187 2.53286 2 355.118 387.464 189.396 280.829
14 -0.445786 -0.889441 2.77606 2 372.707 444.545 198.777 322.2
15 -0.36734 -0.926885 2.73471 2 390.883 454.021 208.471 329.069
16 -0.399384 -0.136798 2.38498 2 368.617 310.282 196.596 224.888
17 -0.372442 -0.461499 2.69113 2 388.502 368.247 207.201 266.9
18 -0.420196 -0.853244 2.8933 2 383.426 431.423 204.494 312.69
19 -0.358719 -0.905746 2.77657 2 394.47 447.475 210.384 324.324
20 -0.491815 0.323703 2.18854 2 328.703 206.018 175.308 149.319
21 -0.39953 -0.28964 2.29446 2 363.878 345.267 194.068 250.245
22 -0.432363 -0.277303 2.24877 2 351.311 343.813 187.366 249.191
23 -0.338698 -0.307205 2.61318 2 394.69 340.79 210.501 247
24 -0.334238 -0.30637 2.606 2 395.625 340.79 211 247
1
0
0.328667 -0.120508 0.922995 -0.159801
0.384003 -0.129972 0.901378 -0.152204
0.442528 -0.140088 0.864701 -0.19193
0 0 0 0
-0.177305 0.774861 -0.413435 0.4441
-0.137494 0.700472 0.0346465 0.699452
0.258015 0.900233 0.0148975 -0.350409
0.409049 0.859111 -0.0499732 -0.303498
0.374429 0.698991 0.520596 0.316536
0.20677 0.769566 0.246717 0.551493
-0.0268202 0.00448093 0.158012 0.987063
-0.0595289 0.00889011 0.0251027 0.997871
0.368908 -0.529207 0.649788 -0.402022
0.21899 0.883126 -0.105778 -0.401178
0.287418 0.90797 -0.0611901 -0.298726
0 0 0 0
0.138074 0.707956 0.68001 -0.131604
0.128686 0.398283 0.346848 0.839349
0.170368 0.508559 0.170995 0.8265
0 0 0 0
0.442728 -0.137042 0.870337 -0.166508
0 0 0 0
0 0 0 0
0 0 0 0
0 0 0 0
