10951757
0 -0.482918 -0.126674 2.38146 2 344.143 308.198 183.543 223.377
1 -0.507611 0.132421 2.28488 2 330.68 251.788 176.363 182.492
2 -0.524847 0.386283 2.17821 2 317.322 190.965 169.238 138.409
3 -0.481468 0.507543 2.15916 2 329.624 161.495 175.799 117.049
4 -0.582156 0.25469 2.11383 2 293.489 219.893 156.527 159.376
5 -0.58992 0.0490035 2.11893 2 291.549 269.45 155.493 195.293
6 -0.511958 -0.140936 2.20369 2 323.61 313.692 172.592 227.36
7 -0.490172 -0.19559 2.23842 2 332.842 325.581 177.516 235.977
8 -0.47708 0.344156 2.36819 2 344.878 207.384 183.935 150.309
9 -0.562147 0.17509 2.15098 1 303.374 239.823 161.8 173.82
10 -0.463267 0.0337223 2.35568 2 348.419 273.951 185.823 198.556
11 -0.391417 -0.0308445 2.34344 2 368.946 287.88 196.771 208.651
12 -0.501668 -0.14022 2.29275 2 333.007 312.257 177.604 226.32
13 -0.469066 -0.550196 2.48931 2 353.682 393.654 188.63 285.315
14 -0.449491 -0.917292 2.75056 2 370.707 451.275 197.71 327.078
15 -0.329801 -0.936635 2.69992 2 399.312 458.103 212.966 332.027
16 -0.448858 -0.108583 2.40196 2 355.185 304.133 189.432 220.432
17 -0.456169 -0.532788 2.47319 2 356.467 390.781 190.116 283.233
18 -0.54092 -0.857812 2.80009 2 350.112 437.399 186.726 317.021
19 -0.43492 -0.862127 2.83262 2 377.637 436.294 201.406 316.22
20 -0.521919 0.323711 2.20676 2 320.51 206.614 170.938 149.751
21 -0.468368 -0.26847 2.25735 2 340.759 341.61 181.738 247.595
22 -0.496875 -0.20999 2.20858 2 328.661 329.505 175.286 238.821
23 -0.376391 -0.0704782 2.36817 2 374.534 296.288 199.752 214.745
24 -0.378606 -0.0386584 2.3585 2 373.44 289.514 199.168 209.836
1
1
0.523235 -0.132455 0.832392 -0.125719
0.527894 -0.133158 0.829444 -0.124974
0.53358 -0.134169 0.81839 -0.165918
0 0 0 0
-0.200151 0.735825 -0.442128 0.472254
0.0184586 0.92937 -0.0129692 0.368459
0.243104 0.920086 0.115538 -0.284595
0.304171 0.910998 0.0866429 -0.26468
0.463302 0.5346 0.588147 0.391966
0.36621 -0.475877 -0.269211 0.752965
-0.206919 0.00870218 0.439486 0.874049
-0.409696 0.0992019 -0.0245366 0.90648
-0.419826 0.596638 -0.499865 0.466802
0.223897 0.950677 -0.0128497 -0.214284
0.302077 0.930881 -0.041953 -0.201123
0 0 0 0
0.325467 0.535576 0.775348 0.0778788
0.0560891 0.590461 0.0618624 0.802734
0.0490429 -0.117526 0.388427 0.912637
0 0 0 0
0.533306 -0.134126 0.823023 -0.142224
0 0 0 0
0 0 0 0
0 0 0 0
0 0 0 0
