10691197
0 -0.083493 -0.0464909 2.52567 2 461.25 290.514 246 210.561
1 -0.109248 0.225838 2.42444 2 452.978 234.087 241.588 169.663
2 -0.136241 0.490714 2.31259 2 443.323 173.517 236.439 125.763
3 -0.100025 0.612129 2.28313 2 453.687 144.899 241.966 105.021
4 -0.211294 0.352984 2.2444 2 419.101 201.485 223.521 146.033
5 -0.254401 0.108145 2.28521 2 407.393 257.261 217.276 186.459
6 -0.231193 -0.0823684 2.34511 2 416.179 298.98 221.962 216.696
7 -0.223655 -0.132668 2.36497 1 418.932 309.593 223.431 224.389
8 -0.0149218 0.39837 2.5212 2 479.882 201.171 255.937 145.806
9 0.112047 0.309911 2.63908 2 513.159 221.776 273.685 160.74
10 0.33304 0.303424 2.61249 2 571.749 222.354 304.933 161.159
11 0.402427 0.299777 2.60111 2 590.571 222.77 314.971 161.461
12 -0.112789 -0.0387396 2.42271 2 451.977 289.293 241.054 209.676
13 -0.222302 -0.431116 2.54859 2 423.854 366.98 226.055 265.982
14 -0.387814 -0.83694 2.73423 2 385.751 437.165 205.734 316.851
15 -0.34293 -0.921437 2.73664 2 397.142 452.861 211.809 328.228
16 -0.0519063 -0.0530345 2.55768 2 470.018 291.69 250.676 211.413
17 -0.0164718 -0.418305 2.79494 2 479.901 357.007 255.947 258.754
18 -0.0248091 -0.731656 2.963 2 478.176 406.649 255.027 294.734
19 0.0303114 -0.785214 2.9589 2 491.033 416.104 261.884 301.586
20 -0.129591 0.42567 2.34264 2 445.84 189.081 237.781 137.043
21 -0.241079 -0.211319 2.38276 2 414.351 326.107 220.987 236.358
22 -0.25859 -0.118249 2.348 2 408.214 306.698 217.714 222.29
23 0.456069 0.302787 2.57159 2 606.248 221.467 323.332 160.517
24 0.401853 0.274544 2.62144 2 589.569 228.116 314.437 165.336
1
2
0.496897 -0.12793 0.848488 -0.129599
0.463228 -0.122748 0.867328 -0.134518
0.428565 -0.136568 0.87651 -0.171496
0 0 0 0
-0.182871 0.756602 -0.468334 0.418062
0.0993798 0.965704 -0.0648235 0.230948
0.148852 0.705902 -0.0636438 -0.689561
-0.181901 -0.700488 0.0794626 0.685503
0.367456 0.688657 0.548796 0.29925
-0.286202 0.204712 0.436714 0.827926
-0.663929 -0.134308 -0.211263 0.704647
-0.651367 -0.120952 -0.223196 0.715035
0.415963 -0.525565 0.602568 -0.433207
0.119935 0.958235 -0.159645 -0.204732
0.166305 0.946335 -0.214549 -0.175388
0 0 0 0
0.321547 0.72721 0.569748 0.207749
0.030691 0.242219 0.284834 0.926962
0.0684502 0.225701 0.234113 0.943167
0 0 0 0
0.429918 -0.127389 0.880833 -0.151908
0 0 0 0
0 0 0 0
0 0 0 0
0 0 0 0
