10877240
0 1.19331 0.240596 3.41738 2 725.857 245.322 387.124 177.806
1 1.18336 0.485309 3.27743 2 734.278 205.669 391.615 149.066
2 1.16975 0.723755 3.12707 2 743.462 163.061 396.513 118.184
3 1.17388 0.829905 3.04167 2 751.688 141.93 400.9 102.869
4 1.01852 0.664551 3.18847 2 705.38 174.902 376.203 126.766
5 0.977405 0.442139 3.31731 2 687.875 213.333 366.867 154.621
6 0.99812 0.216766 3.36272 1 689.256 248.402 367.603 180.039
7 1.01633 0.17749 3.38128 2 691.865 254.493 368.995 184.453
8 1.32319 0.619192 3.17452 2 773.126 181.637 412.334 131.648
9 1.42735 0.402457 3.25896 2 787.809 218.167 420.165 158.125
10 1.57409 0.236359 3.21043 2 824.007 243.638 439.47 176.585
11 1.64247 0.196497 3.13362 2 847.203 249.233 451.842 180.641
12 1.11284 0.241848 3.39347 2 711.002 244.902 379.201 177.501
13 1.12378 -0.0193115 3.53156 2 704.155 283.995 375.549 205.836
14 1.14812 -0.300266 3.69727 2 698.859 322.568 372.725 233.793
15 1.13252 -0.38238 3.59878 2 701.813 335.337 374.3 243.048
16 1.25114 0.234705 3.37629 2 740.796 245.757 395.091 178.121
17 1.28223 -0.0251543 3.498 2 737.957 284.877 393.577 206.475
18 1.28693 -0.322779 3.62418 2 730.01 326.622 389.339 236.732
19 1.27006 -0.404681 3.52613 2 733.605 339.745 391.256 246.242
20 1.1739 0.66511 3.16663 2 741.102 174.002 395.254 126.114
21 1.02558 0.12227 3.41538 2 691.643 262.991 368.876 190.612
22 1.03827 0.177209 3.35401 2 698.141 254.311 372.342 184.321
23 1.66846 0.152383 3.11228 2 855.349 256.251 456.186 185.727
24 1.67116 0.232329 3.12168 2 854.802 243.274 455.894 176.321
1
0
-0.0685845 1.54299e-005 0.96388 -0.257356
-0.0647522 -0.00100766 0.964145 -0.257354
-0.0627645 -0.0113863 0.953866 -0.293379
0 0 0 0
0.237847 0.693674 -0.664565 0.143519
0.196851 0.869555 -0.184465 -0.413639
0.0576799 0.829323 0.0922218 0.54808
0.0562118 0.791138 0.282723 0.539453
0.183432 0.777013 0.565287 -0.207495
-0.101937 0.467586 0.253783 0.840575
-0.32567 0.663209 0.167022 0.652837
0.561494 -0.673857 -0.0633333 -0.476057
-0.0722368 -0.649012 0.708688 -0.267068
-0.172013 -0.635422 0.169414 0.73345
-0.200191 -0.627017 0.174485 0.732344
0 0 0 0
-0.0572177 0.633634 0.674796 -0.374011
0.128834 0.742021 0.182328 0.63211
0.145744 0.741125 0.135894 0.641112
0 0 0 0
-0.0615997 -0.00577236 0.959915 -0.273376
0 0 0 0
0 0 0 0
0 0 0 0
0 0 0 0
