10694210
0 1.21061 0.235294 3.39924 2 730.714 245.92 389.714 178.239
1 1.20552 0.486212 3.26125 2 740.269 205.141 394.81 148.684
2 1.19594 0.731296 3.11338 2 750.449 161.301 400.24 116.908
3 1.21883 0.838633 3.03442 2 762.566 140.148 406.702 101.578
4 1.05302 0.658384 3.15086 2 715.671 174.604 381.691 126.551
5 0.990548 0.433774 3.2775 2 693.168 213.795 369.69 154.956
6 1.01885 0.210966 3.31998 2 696.284 248.859 371.351 180.37
7 1.02922 0.172112 3.3441 2 696.89 255.009 371.675 184.827
8 1.35388 0.610292 3.18314 2 779.026 183.336 415.481 132.879
9 1.45933 0.397646 3.28399 2 792.248 219.396 422.532 159.015
10 1.62093 0.242014 3.26747 2 827.977 243.414 441.588 176.423
11 1.65865 0.232233 3.1958 2 843.686 244.148 449.966 176.955
12 1.12999 0.236449 3.36726 2 716.346 245.429 382.051 177.883
13 1.12132 -0.0210259 3.521 2 704.333 284.251 375.644 206.022
14 1.14451 -0.294487 3.72371 2 696.638 321.479 371.54 233.004
15 1.14238 -0.376718 3.62323 2 702.228 334.176 374.521 242.206
16 1.26821 0.229498 3.36666 2 745.076 246.44 397.374 178.616
17 1.28449 -0.0301832 3.49606 2 738.551 285.613 393.894 207.008
18 1.26871 -0.322081 3.64069 2 725.385 326.311 386.872 236.506
19 1.27117 -0.405555 3.57755 2 730.205 339.021 389.443 245.718
20 1.19916 0.670951 3.15226 2 747.854 172.559 398.855 125.068
21 1.03605 0.125082 3.35739 2 697.445 262.245 371.971 190.071
22 1.00125 0.167994 3.33422 2 691.666 255.566 368.889 185.231
23 1.70587 0.194157 3.19044 2 854.377 250.187 455.668 181.332
24 1.6759 0.253149 3.22 2 844.67 241.117 450.491 174.758
1
0
-0.0157588 -0.00512721 0.968402 -0.248844
-0.00588099 -0.00766499 0.968512 -0.248779
0.000963991 -0.0236155 0.959113 -0.282035
0 0 0 0
0.169727 0.711371 -0.654489 0.191802
0.192813 0.905072 -0.198827 -0.322702
-0.107138 -0.62254 0.0338537 0.77448
-0.26005 -0.606455 0.134551 0.739244
0.206315 0.811544 0.527256 -0.14433
-0.115101 0.3795 0.272902 0.876502
-0.378949 0.328965 0.102396 0.858891
-0.553026 0.359515 -0.36635 0.656276
-0.0317173 -0.640685 0.711093 -0.28786
-0.175429 -0.674946 0.200284 0.688156
-0.242468 -0.656835 0.201152 0.685066
0 0 0 0
-0.0226085 0.653562 0.675172 -0.341302
0.145219 0.702307 0.179149 0.673485
0.174129 0.666698 0.148944 0.709231
0 0 0 0
0.00281584 -0.0161293 0.964596 -0.263223
0 0 0 0
0 0 0 0
0 0 0 0
0 0 0 0
