10685970
0 -0.527224 -0.0280266 2.57075 2 342.574 286.741 182.706 207.826
1 -0.528701 0.269823 2.54803 2 340.783 227.443 181.751 164.848
2 -0.528329 0.559104 2.50685 2 338.17 167.685 180.357 121.536
3 -0.529932 0.667038 2.49419 2 336.83 144.938 179.643 105.049
4 -0.619843 0.442415 2.50366 2 312.715 191.272 166.781 138.632
5 -0.454391 0.235726 2.39314 2 353.026 231.229 188.28 167.592
6 -0.427749 -0.0345014 2.43964 2 363.197 288.378 193.705 209.013
7 -0.373618 -0.16804 2.48951 2 380.626 315.409 203 228.604
8 -0.434116 0.408148 2.42055 2 360.15 195.557 192.08 141.737
9 -0.459559 0.183171 2.39126 2 351.463 242.351 187.447 175.653
10 -0.518807 0.314015 2.61246 1 346.931 220.182 185.03 159.585
11 -0.491582 0.315353 2.67325 1 357.132 221.343 190.47 160.426
12 -0.578814 -0.043172 2.56685 2 328.397 289.749 175.145 210.006
13 -0.579565 -0.428188 2.81013 2 341.533 358.64 182.151 259.937
14 -0.522868 -0.878091 2.82137 1 355.554 439.886 189.629 318.823
15 -0.408097 -0.900015 2.75477 2 381.325 447.765 203.373 324.534
16 -0.461386 -0.0145451 2.50529 2 357.082 284.154 190.444 205.951
17 -0.428011 -0.460921 2.64016 2 372.075 369.87 198.44 268.076
18 -0.428102 -0.905227 2.78321 2 377.391 447.022 201.275 323.996
19 -0.309055 -0.913824 2.77651 2 406.865 448.946 216.994 325.39
20 -0.52877 0.488027 2.51961 2 338.889 182.688 180.741 132.41
21 -0.362914 -0.240735 2.53398 2 385.327 329.354 205.508 238.711
22 -0.419668 -0.205662 2.45092 2 365.97 323.758 195.184 234.655
23 -0.490123 0.311047 2.6661 1 357.173 222.004 190.492 160.905
24 -0.487494 0.312731 2.65102 1 357.132 221.343 190.47 160.426
1
1
-0.227571 0.00625807 0.973014 -0.0376191
-0.18358 0.00455983 0.982265 -0.0378625
-0.134011 0.0149697 0.986998 -0.0874706
0 0 0 0
-0.0770428 0.848937 -0.522351 0.0228003
-0.369261 0.387968 -0.0585892 0.842434
0.097658 0.882407 0.00386332 -0.460223
0.236242 0.848795 0.0793378 -0.466307
-0.257121 0.836648 0.426672 -0.227729
-0.0847996 0.817612 -0.00909512 -0.569418
0.66918 0.292854 0.547953 0.407654
0.414368 0.603678 0.581673 0.3543
3.72351e-005 0.798018 -0.599604 0.0603487
0.00473459 0.0133901 0.278012 0.960473
0.0287875 0.961251 0.0569845 -0.268179
0 0 0 0
-0.265242 0.59636 0.708167 -0.26926
0.104797 0.839394 0.107738 0.522329
0.00595802 0.0373142 0.155006 0.987191
0 0 0 0
-0.134655 0.00857676 0.988777 -0.0641441
0 0 0 0
0 0 0 0
0 0 0 0
0 0 0 0
