10440790
0 0.915018 0.10722 3.16909 2 683.578 263.998 364.575 191.342
1 0.907201 0.362149 3.02811 2 691.299 220.305 368.693 159.674
2 0.896081 0.610474 2.87655 2 699.864 172.973 373.261 125.369
3 0.843264 0.720977 2.83441 2 690.221 151.442 368.118 109.763
4 0.808713 0.558214 3.0358 2 668.327 187.565 356.441 135.945
5 0.803161 0.330826 3.18908 2 657.969 228.468 350.917 165.59
6 0.789363 0.109952 3.23243 2 652.537 263.932 348.02 191.294
7 0.792099 0.0879916 3.24269 2 652.581 267.427 348.043 193.827
8 0.994912 0.491641 2.82791 2 727.878 192.515 388.202 139.532
9 1.04952 0.240326 2.8946 2 735.23 238.871 392.123 173.131
10 1.00688 0.0366244 2.97731 2 718.117 274.943 382.996 199.275
11 0.995963 -0.00330745 3.00257 2 713.585 281.772 380.579 204.224
12 0.860892 0.116498 3.17215 2 671.482 262.538 358.123 190.284
13 0.923663 -0.12359 3.34007 2 675.073 300.028 360.039 217.456
14 0.982019 -0.404871 3.48656 2 678.776 340.315 362.014 246.656
15 0.901891 -0.47625 3.41828 2 666.416 352.109 355.422 255.204
16 0.950087 0.0956599 3.09932 2 696.015 265.5 371.208 192.43
17 1.0385 -0.1617 3.21743 2 707.369 306.808 377.263 222.371
18 1.09822 -0.439941 3.40548 2 707.306 347.049 377.23 251.536
19 1.06427 -0.525838 3.37597 2 702.317 360.6 374.569 261.358
20 0.899428 0.549364 2.91634 2 697.635 185.173 372.072 134.211
21 0.788452 0.0469035 3.24709 2 651.563 273.874 347.5 198.5
22 0.80803 0.0862327 3.19947 2 658.345 267.516 351.118 193.892
23 0.995281 -0.0649151 3.0397 2 710.601 292.088 378.987 211.702
24 1.01157 -0.0171966 2.96824 2 719.944 284.163 383.97 205.957
1
1
-0.328845 0.0718226 0.910636 -0.239677
-0.361607 0.0804553 0.89813 -0.236919
-0.392842 0.0947333 0.87421 -0.269178
0 0 0 0
0.440576 0.660941 -0.579086 -0.183599
-0.187831 -0.640487 0.224057 0.710137
0.10076 0.908651 0.0112498 0.405061
0.175703 0.895943 0.137877 0.383934
-0.0960149 0.705743 0.536709 -0.452385
0.1429 0.972436 0.0813986 -0.165292
0.212541 0.880772 -0.00600104 0.42312
0.296967 0.862995 0.0102109 0.408591
-0.213187 -0.628312 0.734094 -0.144504
-0.219243 -0.379531 0.226481 0.869825
-0.176756 -0.37281 0.1806 0.892834
0 0 0 0
-0.263648 0.584131 0.597713 -0.481684
0.130832 0.891956 0.221593 0.371744
0.211829 0.84032 0.217404 0.44914
0 0 0 0
-0.394333 0.0918605 0.879509 -0.250054
0 0 0 0
0 0 0 0
0 0 0 0
0 0 0 0
