10877693
0 -0.499421 -0.124211 2.37497 2 338.936 307.751 180.766 223.054
1 -0.523423 0.148258 2.28243 2 325.689 248.223 173.701 179.909
2 -0.542463 0.403464 2.17875 2 311.709 186.94 166.245 135.492
3 -0.525205 0.524942 2.16135 2 315.678 157.445 168.361 114.114
4 -0.58059 0.273141 2.13542 2 295.923 216.117 157.825 156.638
5 -0.539721 0.0457497 2.14404 2 310.142 270.369 165.409 195.96
6 -0.552284 -0.214185 2.22454 2 312.452 330.154 166.641 239.291
7 -0.567253 -0.306148 2.23689 2 308.647 350.833 164.612 254.279
8 -0.441916 0.343852 2.42442 1 358.192 209.203 191.035 151.627
9 -0.487627 0.170884 2.1976 2 330.838 241.726 176.447 175.2
10 -0.469588 -0.103519 2.2213 1 338.167 304.86 180.356 220.958
11 -0.471788 -0.116598 2.27783 1 341.133 307.184 181.938 222.643
12 -0.518278 -0.150168 2.30754 2 328.974 314.254 175.453 227.767
13 -0.458646 -0.513956 2.51339 2 357.866 385.184 190.862 279.176
14 -0.51204 -0.91084 2.75968 2 355.353 449.548 189.521 325.827
15 -0.390308 -0.925164 2.712 2 384.222 455.169 204.919 329.9
16 -0.466001 -0.100236 2.37063 2 348.462 302.657 185.846 219.362
17 -0.485697 -0.526357 2.53981 2 351.782 386.613 187.617 280.212
18 -0.589585 -0.883414 2.81218 2 338.644 441.428 180.61 319.941
19 -0.468787 -0.902097 2.75938 2 366.231 447.912 195.323 324.64
20 -0.538533 0.34139 2.207 2 315.265 202.52 168.141 146.784
21 -0.547745 -0.3724 2.25202 2 315.78 365.347 168.416 264.799
22 -0.572447 -0.355817 2.22133 2 305.713 362.737 163.047 262.906
23 -0.454847 -0.163618 2.28585 2 346.754 317.528 184.935 230.14
24 -0.506747 -0.157443 2.24418 2 328.13 316.836 175.003 229.639
1
1
0.437957 -0.109984 0.883173 -0.126892
0.471457 -0.114762 0.865754 -0.122587
0.504606 -0.134573 0.836472 -0.166065
0 0 0 0
-0.194594 0.762855 -0.380289 0.485352
-0.0723389 0.423955 0.0547199 0.90113
0.135693 0.943416 -0.0668863 -0.295092
0.039875 0.95139 -0.0958539 -0.289963
0.424605 0.613109 0.569985 0.344855
0.338656 -0.547062 -0.293154 0.707174
0.053042 0.8952 0.010291 -0.442376
0.586239 0.746909 -0.209031 -0.234003
-0.343819 0.652409 -0.456061 0.498156
0.262765 0.912972 -0.0124207 -0.311901
0.25831 0.945589 -0.10573 -0.167205
0 0 0 0
0.107908 0.444076 0.882156 -0.11381
0.0784944 0.30183 0.171912 0.934443
0.173992 0.16909 0.287082 0.926671
0 0 0 0
0.505932 -0.126878 0.841748 -0.139264
0 0 0 0
0 0 0 0
0 0 0 0
0 0 0 0
