10947542
0 -0.456162 -0.123557 2.3907 2 352.45 307.422 187.973 222.815
1 -0.502473 0.147452 2.29156 2 332.679 248.544 177.429 180.142
2 -0.531896 0.411573 2.18401 2 315.484 185.284 168.258 134.292
3 -0.517743 0.529823 2.16455 2 318.32 156.483 169.771 113.417
4 -0.578878 0.284307 2.14162 2 297.016 213.65 158.408 154.851
5 -0.511705 0.07313 2.10534 2 316.176 263.566 168.627 191.029
6 -0.464618 -0.170286 2.20768 2 338.782 320.363 180.684 232.195
7 -0.438627 -0.246208 2.25741 1 349.929 336.57 186.629 243.941
8 -0.459026 0.327818 2.40422 1 352.208 211.975 187.844 153.637
9 -0.483172 0.149112 2.17863 1 330.931 246.46 176.497 178.631
10 -0.405205 0.0298953 2.40306 1 367.843 274.907 196.183 199.249
11 -0.373001 -0.0349097 2.35222 1 374.792 288.729 199.889 209.267
12 -0.47697 -0.117132 2.3231 2 342.388 306.793 182.607 222.359
13 -0.433845 -0.544425 2.4939 2 363.731 392.228 193.99 284.281
14 -0.451925 -0.903105 2.7539 2 370.244 448.423 197.464 325.011
15 -0.337016 -0.933332 2.69671 2 397.357 457.69 211.923 331.727
16 -0.422384 -0.126994 2.38926 2 362.165 308.156 193.155 223.347
17 -0.449029 -0.572191 2.51912 2 360.729 396.759 192.389 287.565
18 -0.539393 -0.882206 2.81082 2 350.98 441.25 187.19 319.812
19 -0.423774 -0.90563 2.74397 2 376.948 449.488 201.039 325.783
20 -0.526441 0.346704 2.21295 2 319.518 201.521 170.41 146.06
21 -0.407787 -0.316704 2.27408 2 360.248 351.909 192.132 255.059
22 -0.425645 -0.202923 2.25942 2 354.072 326.776 188.838 236.842
23 -0.341847 -0.083205 2.4077 2 386.25 298.71 206 216.501
24 -0.375026 -0.0669915 2.31283 2 372.313 295.886 198.567 214.454
1
0
0.379463 -0.141222 0.905341 -0.128144
0.433854 -0.148758 0.880572 -0.119313
0.494728 -0.138965 0.842932 -0.159372
0 0 0 0
-0.186154 0.770151 -0.421051 0.441509
-0.169098 0.632088 0.0345361 0.755432
-0.0418664 0.22765 0.210914 0.949704
-0.0741733 0.227835 0.303992 0.922051
0.424721 0.6303 0.522733 0.386115
0.290292 -0.523273 -0.326105 0.731827
-0.210144 -0.0657663 0.481242 0.848481
-0.279173 0.922084 0.235944 -0.1271
0.429078 -0.535994 0.600941 -0.409234
0.192536 0.910563 -0.0259144 -0.364873
0.293561 0.921837 -0.0966017 -0.233893
0 0 0 0
0.105241 0.727195 0.66208 -0.147519
0.0828803 0.394374 0.118007 0.907565
0.191902 0.211145 0.327055 0.900903
0 0 0 0
0.49325 -0.142477 0.847897 -0.132196
0 0 0 0
0 0 0 0
0 0 0 0
0 0 0 0
