10953808
0 1.16693 0.214244 3.43663 2 719.113 249.441 383.527 180.792
1 1.15283 0.427353 3.22782 2 731.521 213.681 390.144 154.873
2 1.12743 0.64841 3.03892 2 741.306 172.3 395.363 124.881
3 1.14488 0.737962 2.95748 2 752.518 153.829 401.343 111.493
4 0.998059 0.579628 3.08561 2 708.128 185.412 377.668 134.384
5 0.956142 0.365955 3.24325 2 687.945 223.76 366.904 162.178
6 0.987056 0.174235 3.34912 2 687.776 254.736 366.814 184.629
7 1.00432 0.13161 3.34932 1 691.349 261.212 368.719 189.323
8 1.28996 0.558807 3.12563 2 770.271 189.943 410.811 137.668
9 1.34996 0.344332 3.26902 2 770.406 227.447 410.883 164.85
10 1.36478 0.118433 3.27574 2 772.932 262.758 412.23 190.443
11 1.36136 0.101769 3.28097 2 771.74 265.38 411.595 192.344
12 1.08422 0.209802 3.39975 2 704.683 249.781 375.831 181.038
13 1.10696 -0.0409904 3.504 2 702.55 287.167 374.693 208.135
14 1.14502 -0.308258 3.67861 2 699.375 323.886 373 234.748
15 1.15284 -0.394504 3.63147 2 703.748 336.556 375.332 243.931
16 1.22749 0.214622 3.40834 2 733.504 249.104 391.202 180.547
17 1.26765 -0.0871297 3.31351 2 749.151 294.624 399.547 213.539
18 1.29695 -0.406035 3.43948 2 745.404 341.441 397.549 247.472
19 1.29487 -0.493474 3.35075 2 751.976 356.372 401.054 258.293
20 1.1341 0.596136 3.09273 2 738.284 182.838 393.751 132.518
21 1.01538 0.0700038 3.38968 2 691.122 270.701 368.598 196.2
22 1.02763 0.137816 3.31385 2 698.508 260.038 372.537 188.472
23 1.36211 0.0783029 3.28481 2 771.559 269.045 411.498 195
24 1.37814 0.101549 3.2587 2 777.305 265.305 414.562 192.289
1
0
0.0217759 -0.0343699 0.925345 -0.376937
0.0229867 -0.0348631 0.925316 -0.376892
0.0182859 -0.0557739 0.920159 -0.387121
0 0 0 0
0.195535 0.702659 -0.63373 0.257726
0.289312 0.93144 -0.137367 -0.17277
0.189394 0.864594 0.175274 0.431144
-0.0753617 0.897402 0.175735 0.397628
0.262725 0.763244 0.562934 -0.177596
0.159188 0.767393 0.264199 0.562108
-0.0119354 0.721738 0.0339133 0.691233
0.175325 0.706253 0.0339439 0.685066
-0.0957372 -0.614092 0.682891 -0.383907
0.169593 0.702258 -0.1056 -0.683316
-0.243673 -0.673504 0.158043 0.679734
0 0 0 0
0.105995 0.587022 0.701136 -0.390612
-0.150462 0.683388 -0.0644835 0.711466
0.106838 0.718024 0.158856 0.669173
0 0 0 0
0.0172946 -0.0518369 0.94266 -0.329252
0 0 0 0
0 0 0 0
0 0 0 0
0 0 0 0
