10947545
0 1.21632 0.234651 3.40684 2 731.329 246.094 390.042 178.365
1 1.20129 0.487213 3.27547 2 738.247 205.319 393.732 148.813
2 1.18165 0.733843 3.13403 2 745.525 161.678 397.613 117.182
3 1.18656 0.84367 3.05413 2 753.468 140.201 401.85 101.616
4 1.03762 0.659015 3.18012 2 710.149 175.499 378.746 127.199
5 0.996814 0.434827 3.2895 2 693.728 213.876 369.988 155.015
6 1.03221 0.2148 3.33939 2 697.835 248.46 372.179 180.08
7 1.04296 0.170354 3.34846 2 699.476 255.307 373.054 185.043
8 1.3472 0.62596 3.18688 2 777.226 180.941 414.521 131.143
9 1.43928 0.416558 3.2561 2 790.615 215.902 421.661 156.483
10 1.57786 0.241425 3.22112 2 823.691 242.96 439.302 176.094
11 1.66991 0.180572 3.1016 2 856.908 251.535 457.017 182.309
12 1.13465 0.234659 3.37661 2 716.66 245.798 382.219 178.151
13 1.13814 -0.0203445 3.52537 2 707.392 284.15 377.276 205.948
14 1.15406 -0.304168 3.67925 2 701.051 323.315 373.894 234.334
15 1.14043 -0.393586 3.64914 2 700.299 336.152 373.493 243.638
16 1.27468 0.230099 3.37208 2 745.993 246.404 397.863 178.59
17 1.30664 -0.0262926 3.5032 2 742.447 285.038 395.972 206.592
18 1.3056 -0.315634 3.63726 2 732.701 325.461 390.774 235.89
19 1.41142 -0.322556 3.6473 2 752.276 326.333 401.214 236.522
20 1.18738 0.67312 3.17133 2 743.679 172.868 396.629 125.292
21 1.04822 0.112011 3.37504 2 698.834 264.315 372.712 191.572
22 1.07053 0.175057 3.32818 2 706.59 254.421 376.848 184.401
23 1.68641 0.143594 3.06179 2 865.314 257.316 461.501 186.499
24 1.64395 0.179314 3.05473 2 856.745 251.29 456.931 182.131
1
0
-0.0274687 -0.020425 0.970677 -0.237939
-0.0248535 -0.021066 0.970747 -0.237883
-0.0245802 -0.0347211 0.96128 -0.272271
0 0 0 0
0.187006 0.721172 -0.646702 0.163454
0.188577 0.928596 -0.144797 -0.284926
0.0275971 0.726307 0.132319 0.67395
-0.00658222 0.727085 0.1525 0.669364
0.181939 0.782722 0.57096 -0.168071
-0.105341 0.454987 0.225433 0.855026
-0.00750628 0.918285 0.335522 -0.210052
-0.322808 0.792 0.456891 -0.244503
-0.0288145 -0.652541 0.706551 -0.272297
-0.184824 -0.667301 0.184357 0.69754
-0.170692 -0.594175 0.178459 0.765489
0 0 0 0
-0.0327745 0.644734 0.68227 -0.34315
0.131802 0.710314 0.200437 0.661746
-0.00470791 -0.0289079 0.215198 0.976131
0 0 0 0
-0.0232821 -0.0275812 0.966826 -0.252873
0 0 0 0
0 0 0 0
0 0 0 0
0 0 0 0
