10878474
0 1.19466 0.239644 3.41683 2 726.17 245.458 387.291 177.905
1 1.18677 0.485151 3.27734 2 735.011 205.69 392.006 149.081
2 1.17554 0.724976 3.12778 2 744.688 162.887 397.167 118.059
3 1.18061 0.830949 3.04165 2 753.221 141.755 401.718 102.742
4 1.02552 0.664531 3.18532 2 707.132 174.795 377.137 126.689
5 0.979201 0.444915 3.31258 2 688.549 212.806 367.226 154.239
6 1.00215 0.230405 3.37503 1 689.339 246.464 367.648 178.634
7 1.01488 0.186049 3.37844 2 691.744 253.181 368.93 183.502
8 1.33143 0.614972 3.1764 2 774.753 182.375 413.202 132.183
9 1.41911 0.387006 3.25721 2 786.215 220.556 419.315 159.856
10 1.57184 0.226296 3.21067 2 823.5 245.24 439.2 177.746
11 1.64828 0.191256 3.13564 2 848.238 250.107 452.393 181.274
12 1.11448 0.241508 3.3924 2 711.413 244.941 379.42 177.53
13 1.1289 -0.0128287 3.53826 2 704.744 283.057 375.863 205.156
14 1.15444 -0.297107 3.70064 2 699.852 322.097 373.254 233.451
15 1.13975 -0.379277 3.60178 2 703.032 334.856 374.95 242.699
16 1.2521 0.233037 3.37632 2 740.992 246.009 395.195 178.304
17 1.27865 -0.0253451 3.49666 2 737.339 284.907 393.247 206.496
18 1.2772 -0.314859 3.63326 2 727.514 325.393 388.008 235.84
19 1.26139 -0.396859 3.53479 2 731.271 338.467 390.011 245.317
20 1.17909 0.665914 3.16711 2 742.203 173.888 395.842 126.031
21 1.01704 0.130578 3.40357 2 690.621 261.686 368.331 189.666
22 1.03902 0.182233 3.35523 2 698.22 253.558 372.384 183.775
23 1.68055 0.147101 3.10842 2 858.445 257.09 457.837 186.335
24 1.68081 0.22791 3.13377 2 855.493 244.14 456.263 176.949
1
0
-0.0669446 0.0032844 0.964406 -0.255792
-0.06144 0.00182463 0.964772 -0.255806
-0.0578092 -0.00863578 0.955144 -0.290317
0 0 0 0
0.227916 0.694408 -0.666022 0.14922
0.211641 0.90901 -0.172108 -0.3151
0.0818555 0.792689 0.125466 0.590933
-0.0511082 0.802706 0.134564 0.578743
0.180923 0.78538 0.555845 -0.203672
-0.0934766 0.399248 0.219571 0.885241
-0.358777 0.552295 0.128716 0.741406
0.58697 -0.569276 -0.0021488 -0.575662
-0.0695447 -0.645827 0.711535 -0.267936
-0.187509 -0.632087 0.177854 0.73053
-0.197519 -0.630114 0.167742 0.731987
0 0 0 0
-0.0578671 0.638688 0.670719 -0.372645
0.132732 0.740684 0.176309 0.634574
0.165464 0.731627 0.142943 0.645687
0 0 0 0
-0.0565262 -0.00292355 0.960944 -0.270894
0 0 0 0
0 0 0 0
0 0 0 0
0 0 0 0
