10922795
0 0.938755 0.186734 3.28361 2 681.618 252.278 363.53 182.848
1 0.927497 0.42496 3.1335 2 688.827 212.139 367.374 153.755
2 0.90992 0.65686 2.97211 2 696.153 168.492 371.282 122.121
3 0.850677 0.765869 2.9363 2 684.808 148.149 365.231 107.376
4 0.837705 0.612672 3.14261 2 668.483 181.903 356.524 131.841
5 0.837175 0.451925 3.28964 1 659.893 211.324 351.943 153.165
6 0.842474 0.247118 3.37842 1 656.183 244.037 349.964 176.875
7 0.835841 0.182081 3.38399 1 654.505 253.872 349.069 184.003
8 0.979634 0.532604 2.9118 2 717.169 187.911 382.49 136.195
9 0.795173 0.39438 2.86123 2 676.22 211.043 360.651 152.961
10 0.556493 0.370757 2.797 2 621.271 213.892 331.344 155.026
11 0.480714 0.373996 2.79749 2 602.467 213.365 321.315 154.644
12 0.894399 0.204866 3.29641 2 671.465 249.606 358.115 180.911
13 0.941043 -0.00989704 3.47334 2 671.147 282.659 357.945 204.868
14 1.04172 -0.233319 3.61619 1 683.149 314.04 364.346 227.612
15 1.01526 -0.353686 3.56783 2 680.763 331.661 363.073 240.384
16 0.963434 0.16482 3.20446 2 691.918 255.031 369.023 184.843
17 1.01487 -0.0571512 3.30633 2 696.287 290.009 371.353 210.195
18 1.04944 -0.378896 3.48691 2 692.231 336.544 369.19 243.923
19 1.00586 -0.447001 3.50197 2 682.688 346.198 364.1 250.92
20 0.914835 0.60001 3.01474 2 694.209 179.739 370.245 130.272
21 0.835623 0.140328 3.41024 2 653.122 260.307 348.332 188.667
22 0.844867 0.174133 3.3205 2 659.684 254.559 351.832 184.501
23 0.406111 0.390611 2.74527 2 585.937 209.033 312.5 151.504
24 0.459177 0.335693 2.811 2 596.556 220.637 318.163 159.914
1
2
-0.446819 0.11057 0.850317 -0.255126
-0.455916 0.113301 0.845474 -0.253925
-0.461639 0.121883 0.828219 -0.293406
0 0 0 0
0.472412 0.639735 -0.564864 -0.220216
0.265219 0.6852 -0.24641 -0.632014
0.195056 0.95381 0.0576523 0.22108
0.0528441 0.972237 -0.0397882 0.224455
-0.17107 0.677869 0.4779 -0.531828
-0.0627638 0.88301 -0.450769 0.114721
0.589948 0.174571 -0.323095 0.719094
0.677337 0.243826 -0.250132 0.647454
-0.335034 -0.557979 0.755337 -0.0766689
-0.178574 -0.264127 0.29583 0.900462
-0.293132 -0.457418 0.142279 0.827405
0 0 0 0
-0.317856 0.595372 0.520773 -0.522776
0.173595 0.935903 0.158726 0.262213
0.239282 0.950701 0.0928633 0.174033
0 0 0 0
-0.464944 0.115375 0.834778 -0.271405
0 0 0 0
0 0 0 0
0 0 0 0
0 0 0 0
