10439922
0 0.915477 0.108143 3.17095 2 683.56 263.86 364.566 191.242
1 0.907157 0.362697 3.0283 2 691.276 220.216 368.681 159.61
2 0.896194 0.611094 2.87641 2 699.903 172.858 373.282 125.285
3 0.843685 0.721759 2.83483 2 690.294 151.32 368.157 109.674
4 0.807739 0.557237 3.03609 2 668.085 187.739 356.312 136.071
5 0.800876 0.334846 3.18783 2 657.541 227.806 350.689 165.111
6 0.789845 0.114109 3.22911 2 652.817 263.26 348.169 190.807
7 0.791506 0.0911191 3.24136 2 652.524 266.931 348.013 193.468
8 0.995051 0.491772 2.82832 2 727.877 192.504 388.201 139.524
9 1.0501 0.241497 2.89529 2 735.31 238.675 392.165 172.988
10 1.01369 0.0377729 2.97848 2 719.623 274.749 383.799 199.134
11 0.99885 -4.16823e-005 2.99729 2 714.667 281.218 381.156 203.823
12 0.861811 0.116743 3.17227 2 671.676 262.499 358.227 190.256
13 0.923217 -0.125295 3.34142 2 674.902 300.28 359.948 217.639
14 0.981363 -0.402925 3.48555 2 678.7 340.047 361.974 246.462
15 0.901565 -0.474513 3.41703 2 666.416 351.876 355.422 255.035
16 0.950071 0.0973976 3.10347 2 695.726 265.236 371.054 192.239
17 1.03564 -0.157342 3.21379 2 707.001 306.146 377.067 221.891
18 1.09918 -0.437901 3.40525 2 707.517 346.748 377.342 251.318
19 1.05873 -0.521515 3.38149 2 700.81 359.814 373.766 260.788
20 0.899487 0.549941 2.91618 2 697.661 185.066 372.086 134.134
21 0.792368 0.0434163 3.26915 2 651.256 274.465 347.337 198.929
22 0.811933 0.0772166 3.20167 2 659.072 268.956 351.505 194.936
23 0.99501 -0.0616728 3.03513 2 710.883 291.561 379.137 211.319
24 1.01055 -0.0168776 2.96511 2 719.956 284.111 383.976 205.92
1
1
-0.317694 0.0690189 0.913822 -0.243385
-0.354671 0.0788802 0.900116 -0.24037
-0.390482 0.0942634 0.875352 -0.269068
0 0 0 0
0.438074 0.665246 -0.576389 -0.182521
-0.192869 -0.656383 0.223422 0.694295
0.0942843 0.909985 0.0148505 0.403505
0.210132 0.892949 0.124588 0.378108
-0.0946067 0.707289 0.535346 -0.451881
0.144883 0.970451 0.0809307 -0.175171
0.20812 0.894898 0.000595164 0.394769
0.271213 0.870362 -0.0638843 0.405995
-0.202705 -0.62939 0.733491 -0.157384
-0.219318 -0.390802 0.22505 0.865174
-0.177575 -0.374024 0.179383 0.89241
0 0 0 0
-0.259542 0.582295 0.602075 -0.480704
0.119472 0.888975 0.217409 0.384947
0.223167 0.86305 0.210325 0.401379
0 0 0 0
-0.39185 0.0916612 0.880436 -0.250767
0 0 0 0
0 0 0 0
0 0 0 0
0 0 0 0
