10701294
0 0.935708 0.209904 3.31796 2 678.921 249.028 362.091 180.492
1 0.930092 0.454094 3.1884 2 685.856 208.676 365.79 151.246
2 0.920261 0.692287 3.048 2 693.222 165.37 369.718 119.858
3 0.864008 0.809602 3.00293 2 683.446 143.66 364.504 104.123
4 0.824669 0.644911 3.20871 2 661.848 178.843 352.986 129.623
5 0.810071 0.463841 3.33311 1 651.926 210.438 347.694 152.523
6 0.797035 0.237883 3.35099 1 648.162 245.148 345.686 177.68
7 0.806426 0.215562 3.38745 1 648.298 248.885 345.759 180.389
8 0.991849 0.580391 2.9794 2 714.733 181.841 381.191 131.796
9 0.908383 0.37428 2.89954 2 700.88 215.441 373.803 156.149
10 0.722935 0.265153 2.80899 2 661.792 233.215 352.955 169.031
11 0.577048 0.240945 2.73034 2 629.769 236.409 335.877 171.346
12 0.886947 0.216233 3.3271 2 668.163 248.165 356.353 179.867
13 0.922853 -0.0436631 3.45456 2 668.504 287.636 356.536 208.475
14 1.02527 -0.358887 3.60271 2 680.779 331.908 363.082 240.562
15 1.00265 -0.442956 3.59684 2 676.772 343.892 360.945 249.249
16 0.963717 0.199093 3.24152 2 689.591 249.951 367.782 181.161
17 1.00328 -0.0829223 3.28567 2 695.175 294.057 370.76 213.128
18 1.12646 -0.348591 3.50756 2 706.311 331.844 376.699 240.516
19 1.13171 -0.436012 3.49515 2 708.208 344.786 377.711 249.896
20 0.923454 0.633677 3.08511 2 691.35 176.489 368.72 127.917
21 0.790396 0.151039 3.40677 2 644.062 258.697 343.5 187.5
22 0.784212 0.208368 3.3767 2 644.247 249.871 343.598 181.103
23 0.525543 0.213175 2.7412 2 616.131 241.759 328.603 175.224
24 0.546668 0.293035 2.72729 2 622.24 226.666 331.861 164.284
1
2
-0.387199 0.0867444 0.88976 -0.225564
-0.412492 0.0931612 0.87832 -0.22299
-0.435822 0.104956 0.855608 -0.258802
0 0 0 0
0.423892 0.655319 -0.596429 -0.187473
0.187128 0.681936 -0.231904 -0.667957
0.00992223 -0.411909 0.0477772 0.909918
-0.283987 -0.305249 0.405434 0.81351
-0.193932 0.669717 0.517217 -0.496343
-0.147991 0.958431 -0.204763 0.13259
-0.444932 0.713934 -0.261363 -0.473311
0.603055 -0.58871 0.253103 0.475062
-0.246158 -0.653543 0.709001 -0.0980047
-0.138535 -0.343212 0.187898 0.909785
-0.209819 -0.333479 0.147785 0.907154
0 0 0 0
-0.336636 0.583314 0.566441 -0.474937
0.0365956 0.882963 0.0967158 0.457912
0.162775 0.760134 0.334606 0.532673
0 0 0 0
-0.437413 0.102017 0.861314 -0.237487
0 0 0 0
0 0 0 0
0 0 0 0
0 0 0 0
