10708560
0 -0.490209 -0.0156106 2.55072 2 351.523 284.314 187.479 206.067
1 -0.512882 0.269307 2.50563 2 342.725 226.641 182.787 164.266
2 -0.532741 0.547137 2.44957 2 333.491 167.499 177.862 121.401
3 -0.542723 0.669145 2.45253 2 330.678 142.147 176.362 103.027
4 -0.673868 0.386574 2.48485 2 296.329 202.007 158.042 146.412
5 -0.454027 0.237352 2.37761 2 352.269 230.553 187.877 167.102
6 -0.371693 0.0502333 2.40729 1 377.674 270.641 201.426 196.157
7 -0.394915 -0.00319586 2.4333 1 372.22 281.876 198.517 204.3
8 -0.445292 0.447459 2.64992 1 367.986 195.459 196.259 141.666
9 -0.379197 0.270463 2.43083 2 376.464 224.794 200.781 162.927
10 -0.442082 0.36952 2.66562 1 369.585 210.864 197.112 152.832
11 -0.395282 0.406899 2.69532 1 382.839 204.616 204.181 148.303
12 -0.538894 -0.00594012 2.5143 2 336.157 282.41 179.284 204.687
13 -0.448378 -0.454479 2.62021 2 365.836 369.312 195.113 267.672
14 -0.519686 -0.955887 2.75651 2 353.24 458.134 188.395 332.049
15 -0.395044 -0.933836 2.71966 2 383.29 456.315 204.422 330.731
16 -0.428673 -0.0226185 2.5192 2 366.777 285.76 195.614 207.115
17 -0.444906 -0.47766 2.62432 2 366.914 373.677 195.688 270.836
18 -0.412683 -0.917721 2.73815 2 379.519 452.11 202.41 327.683
19 -0.340915 -0.92967 2.75862 2 398.34 453.014 212.448 328.338
20 -0.528291 0.478835 2.46562 2 335.829 182.415 179.109 132.212
21 -0.372367 -0.0808477 2.43637 2 378.75 298.019 202 216
22 -0.37197 -0.00705101 2.49043 2 381.163 282.645 203.287 204.857
23 -0.363017 0.376007 2.70236 1 391.385 210.655 208.739 152.68
24 -0.387352 0.365544 2.66649 1 383.831 211.681 204.71 153.424
0
1
0.00708387 -0.0398851 0.996135 -0.0779305
0.11856 -0.0483589 0.98908 -0.0729753
0.247858 -0.0595791 0.961418 -0.103398
0 0 0 0
0.140476 0.863568 -0.462883 0.142325
-0.489489 0.383148 0.000534326 0.783325
-0.189682 0.15677 0.105419 0.963499
0.208888 0.0894452 0.193994 0.954323
0.461681 0.711068 0.458426 0.266607
-0.243274 0.690756 0.367307 -0.573375
0.824523 0.519087 0.0941504 0.204563
0.815193 0.384578 0.33912 -0.269365
0.205045 -0.60543 0.732459 -0.234337
-0.149574 -0.700407 0.0114402 0.697801
0.122791 0.982613 -0.083145 -0.111722
0 0 0 0
-0.0997992 0.703318 0.663037 -0.236149
0.0913942 0.691853 0.0690686 0.712893
-0.0496108 -0.111525 0.121181 0.985097
0 0 0 0
0.247568 -0.0584625 0.963619 -0.0820453
0 0 0 0
0 0 0 0
0 0 0 0
0 0 0 0
