10879266
0 1.19279 0.239665 3.41805 2 725.701 245.468 387.04 177.912
1 1.18598 0.485511 3.27846 2 734.755 205.66 391.869 149.06
2 1.17485 0.725715 3.129 2 744.435 162.813 397.032 118.005
3 1.17989 0.831975 3.04241 2 752.988 141.618 401.594 102.643
4 1.02339 0.664602 3.18708 2 706.542 174.844 376.822 126.724
5 0.977879 0.447558 3.31369 2 688.204 212.423 367.042 153.962
6 1.00492 0.219988 3.37261 2 690.057 248.011 368.03 179.755
7 1.01585 0.176184 3.38202 2 691.718 254.696 368.916 184.6
8 1.33005 0.613965 3.17764 2 774.34 182.575 412.981 132.328
9 1.41997 0.399202 3.24869 2 787.191 218.48 419.835 158.351
10 1.55968 0.226293 3.20381 2 821.609 245.162 438.191 177.69
11 1.6053 0.203004 3.1762 2 834.396 248.601 445.011 180.182
12 1.11291 0.241841 3.39366 2 711.004 244.905 379.202 177.504
13 1.12186 -0.0129346 3.54079 2 703.196 283.071 375.038 205.166
14 1.15278 -0.291733 3.69875 2 699.648 321.377 373.145 232.93
15 1.13783 -0.374035 3.59979 2 702.779 334.142 374.815 242.182
16 1.24986 0.23276 3.37763 2 740.427 246.065 394.894 178.344
17 1.27399 -0.020423 3.49489 2 736.536 284.19 392.819 205.977
18 1.2734 -0.316063 3.63603 2 726.597 325.527 387.518 235.937
19 1.25736 -0.39814 3.53746 2 730.289 338.607 389.487 245.418
20 1.17845 0.666555 3.1683 2 741.965 173.825 395.715 125.986
21 1.03103 0.120135 3.4279 2 691.988 263.374 369.06 190.89
22 1.04283 0.166555 3.36865 2 698.142 256.038 372.343 185.573
23 1.6269 0.1495 3.10149 2 847.5 256.628 452 186.001
24 1.65164 0.21231 3.1655 2 845.573 247.006 450.972 179.026
1
0
-0.0676687 0.0054404 0.964416 -0.255524
-0.0621995 0.00399154 0.964784 -0.255551
-0.0592121 -0.00850691 0.955221 -0.289782
0 0 0 0
0.227844 0.695929 -0.664708 0.148097
0.209248 0.901344 -0.176748 -0.335492
0.0649519 0.787336 0.122127 0.600806
0.0101876 0.788276 0.158023 0.594597
0.179576 0.788627 0.55151 -0.204101
-0.0974145 0.455608 0.222233 0.856472
-0.338555 0.449377 0.0645259 0.824183
-0.547559 0.444867 0.00896269 0.708655
-0.0698113 -0.644369 0.712847 -0.267888
-0.181468 -0.632865 0.185161 0.729566
-0.202574 -0.626514 0.161074 0.735186
0 0 0 0
-0.0594947 0.640281 0.668833 -0.373046
0.134282 0.741163 0.173087 0.634575
0.166411 0.732168 0.145226 0.644318
0 0 0 0
-0.0577535 -0.00221421 0.961005 -0.270423
0 0 0 0
0 0 0 0
0 0 0 0
0 0 0 0
