10916424
0 -0.478016 -0.0289126 2.60005 2 357.299 286.848 190.56 207.903
1 -0.497024 0.262802 2.53449 2 348.693 228.582 185.97 165.673
2 -0.512546 0.54697 2.45802 2 339.725 167.95 181.186 121.728
3 -0.501819 0.665774 2.46347 2 342.911 143.512 182.886 104.016
4 -0.531433 0.410303 2.39557 2 330.637 194.106 176.34 140.685
5 -0.411132 0.215239 2.36972 2 364.39 235.149 194.341 170.433
6 -0.337146 -0.0372708 2.44523 2 389.091 288.928 207.515 209.411
7 -0.299076 -0.155337 2.48646 2 401.205 312.838 213.976 226.741
8 -0.412692 0.487221 2.70356 1 378.616 189.697 201.929 137.49
9 -0.388589 0.292571 2.49165 1 376.478 221.665 200.788 160.66
10 -0.225338 0.130745 2.32679 1 417.365 252.779 222.595 183.211
11 -0.0879816 -0.0478041 2.25582 1 457.166 291.922 243.822 211.581
12 -0.494864 -0.0464468 2.54713 2 350.066 290.458 186.702 210.52
13 -0.540572 -0.42978 2.78567 2 349.988 359.587 186.66 260.624
14 -0.396691 -0.911094 2.74468 2 383.818 450.45 204.703 326.48
15 -0.31608 -0.942414 2.72831 2 403.684 457.328 215.298 331.465
16 -0.447905 -0.0111684 2.58405 2 364.582 283.401 194.444 205.405
17 -0.404898 -0.480126 2.63828 2 378.041 373.629 201.622 270.801
18 -0.377771 -0.918384 2.7389 2 388.392 452.166 207.142 327.724
19 -0.299192 -0.939877 2.742 2 408.361 455.956 217.793 330.471
20 -0.509114 0.477009 2.47913 2 342.021 183.354 182.411 132.892
21 -0.255622 -0.19145 2.51218 2 413.967 319.784 220.782 231.775
22 -0.346652 -0.189196 2.496 2 388.35 319.607 207.12 231.647
23 -0.0321966 -0.115642 2.24895 1 474.122 307.204 252.865 222.657
24 -0.153748 -0.0871975 2.24292 1 436.851 300.869 232.987 218.066
0
0
0.342458 -0.0679427 0.932509 -0.0923777
0.446879 -0.0780636 0.887214 -0.0839995
0.557819 -0.101857 0.8167 -0.10707
0 0 0 0
-0.279354 0.72827 -0.34145 0.524401
-0.265796 0.46512 0.0803844 0.840568
-0.1965 -0.652041 0.0133927 0.732155
-0.219014 -0.649899 0.0211034 0.727474
0.395365 0.576977 0.603797 0.382378
-0.0275278 -0.0411678 -0.402713 0.913986
-0.0497495 0.687965 0.459876 -0.559235
0.0533107 0.757048 0.345216 -0.552143
-0.347962 0.650213 -0.477882 0.477257
0.175036 0.451893 0.216803 0.847438
-0.0275639 0.984404 0.14756 -0.0917335
0 0 0 0
-0.0910997 0.481522 0.850018 -0.19315
-0.0168829 0.422811 0.0712208 0.903257
-0.0286291 0.0148708 0.112887 0.993084
0 0 0 0
0.558822 -0.0937198 0.819201 -0.088567
0 0 0 0
0 0 0 0
0 0 0 0
0 0 0 0
