10881691
0 1.20204 0.227269 3.40717 2 728.373 247.206 388.466 179.171
1 1.197 0.472277 3.27266 2 737.545 207.586 393.358 150.456
2 1.18808 0.710753 3.12719 2 747.522 165.186 398.678 119.725
3 1.19643 0.807724 3.03727 2 757.22 145.458 403.851 105.426
4 1.04212 0.652836 3.17844 2 711.251 176.434 379.334 127.877
5 0.988488 0.441252 3.29984 2 691.308 213.101 368.698 154.452
6 1.01419 0.222115 3.34583 1 693.66 247.416 369.952 179.324
7 1.02871 0.172623 3.35784 2 695.902 255.04 371.148 184.849
8 1.3457 0.601899 3.17035 2 778.429 184.292 415.162 133.572
9 1.45646 0.393101 3.22091 2 797.658 218.907 425.418 158.661
10 1.61625 0.227083 3.16959 2 837.476 244.662 446.654 177.327
11 1.65988 0.200162 3.15613 2 848.415 248.871 452.488 180.378
12 1.12213 0.231004 3.38087 2 713.774 246.397 380.68 178.585
13 1.13303 -0.0185636 3.52805 2 706.209 283.89 376.645 205.76
14 1.15463 -0.297442 3.69731 2 700.086 322.18 373.379 233.512
15 1.13174 -0.338938 3.7495 2 692.804 327.235 369.496 237.176
16 1.25905 0.218969 3.36838 2 743.04 248.054 396.288 179.786
17 1.28365 -0.0294438 3.48812 2 738.968 285.515 394.116 206.937
18 1.27701 -0.324238 3.62967 2 727.725 326.755 388.12 236.828
19 1.2614 -0.406151 3.53037 2 731.591 339.883 390.182 246.343
20 1.19105 0.652134 3.16561 2 744.95 176.057 397.306 127.604
21 1.03191 0.117687 3.38731 2 694.687 263.526 370.5 191
22 1.05222 0.167253 3.33707 2 702.157 255.689 374.484 185.32
23 1.65386 0.149609 3.10412 2 853.112 256.638 454.993 186.008
24 1.66669 0.197082 3.18329 2 846.816 249.637 451.635 180.934
1
0
-0.0611412 0.00638431 0.966684 -0.24848
-0.0575256 0.005455 0.966906 -0.248502
-0.0561258 -0.005307 0.956387 -0.286611
0 0 0 0
0.215239 0.688044 -0.675294 0.155709
0.197734 0.900167 -0.193209 -0.336558
0.0415853 0.75951 0.110102 0.639759
-0.00152825 0.752285 0.180901 0.633514
0.167962 0.781948 0.56337 -0.207268
-0.162805 0.43605 0.203882 0.861271
-0.378568 0.115068 -0.0711421 0.915634
-0.488342 0.106435 -0.0870683 0.86175
-0.0576676 -0.637253 0.720316 -0.267822
-0.188109 -0.63581 0.185031 0.725345
-0.139977 -0.388633 0.232176 0.880605
0 0 0 0
-0.056728 0.652271 0.661086 -0.366457
0.137968 0.736201 0.179837 0.637676
0.17259 0.727817 0.139915 0.648783
0 0 0 0
-0.0548181 0.000373139 0.962536 -0.265554
0 0 0 0
0 0 0 0
0 0 0 0
0 0 0 0
