10699799
0 1.16048 0.2425 3.41785 2 719.109 245.052 383.525 177.61
1 1.15194 0.482018 3.26007 2 728.893 205.793 388.743 149.156
2 1.13839 0.715747 3.0908 2 739.461 163.001 394.379 118.141
3 1.13323 0.82489 3.01909 2 744.359 141.731 396.991 102.724
4 1.00972 0.670307 3.20096 2 702.597 174.406 374.719 126.407
5 0.966052 0.444994 3.34717 2 683.673 213.516 364.626 154.753
6 0.996114 0.212273 3.39682 1 686.761 249.409 366.273 180.768
7 0.99625 0.147324 3.38769 1 687.319 259.082 366.57 187.779
8 1.28371 0.601352 3.13109 2 768.39 183.165 409.808 132.755
9 1.362 0.387439 3.20694 2 778.589 219.538 415.248 159.118
10 1.37833 0.170805 3.08124 2 794.296 252.912 423.624 183.307
11 1.37015 0.116486 3.0233 2 798.368 261.541 425.796 189.562
12 1.08563 0.251634 3.4019 2 704.849 243.535 375.92 176.511
13 1.05258 -0.0315929 3.48936 2 692.588 285.819 369.38 207.157
14 1.04193 -0.335814 3.62286 2 682.869 328.386 364.197 238.009
15 0.995612 -0.417244 3.59231 2 675.633 340.32 360.337 246.659
16 1.21273 0.228413 3.36754 2 733.495 246.626 391.198 178.751
17 1.26194 -0.0194414 3.512 2 732.895 284.033 390.878 205.863
18 1.25885 -0.293805 3.67202 2 721.419 321.993 384.757 233.376
19 1.36895 -0.299918 3.6695 2 742.551 322.9 396.027 234.033
20 1.14266 0.658281 3.13512 2 736.76 174.043 392.938 126.144
21 0.996478 0.0927356 3.40621 2 686.236 267.359 365.993 193.778
22 0.951098 0.166773 3.3752 2 678.748 256.077 361.999 185.601
23 1.3556 0.068465 2.9949 2 797.977 269.54 425.588 195.359
24 1.33701 0.0831901 3.01963 2 791.128 267.147 421.935 193.624
1
0
-0.154657 0.0310202 0.945221 -0.285789
-0.159518 0.0324903 0.944413 -0.285626
-0.166134 0.0260167 0.931471 -0.322622
0 0 0 0
0.366527 0.67663 -0.637227 0.0420849
0.219674 0.867449 -0.194284 -0.401907
-0.10896 -0.528228 0.054693 0.840304
0.0360321 -0.527604 -0.0597774 0.846619
0.177191 0.778404 0.530596 -0.284883
0.0255951 0.768336 0.232061 0.595946
0.0992833 -0.478235 -0.24206 0.838356
0.235735 -0.431701 -0.322891 0.808582
-0.13542 -0.613518 0.73547 -0.253655
-0.0434072 -0.588214 0.152692 0.792972
-0.079007 -0.446272 0.190096 0.870898
0 0 0 0
-0.107913 0.638538 0.626924 -0.433116
0.162766 0.792889 0.218493 0.545064
0.010908 0.0217503 0.26076 0.965097
0 0 0 0
-0.165273 0.0304326 0.938196 -0.302566
0 0 0 0
0 0 0 0
0 0 0 0
0 0 0 0
