3695526
0 0.527581 -0.759034 2.2562 2 646.126 452.895 344.601 328.252
1 0.608011 -0.590589 2.34726 2 663.422 409.486 353.825 296.79
2 0.684157 -0.425363 2.42822 2 679.006 370.446 362.137 268.494
3 0.671133 -0.305541 2.39051 2 678.171 346.273 361.691 250.974
4 0.553502 -0.473813 2.50047 2 637.001 377.615 339.734 273.69
5 0.440391 -0.611892 2.29807 2 616.606 416.833 328.857 302.115
6 0.419796 -0.774187 2.18011 2 617.486 462.418 329.326 335.154
7 0.412961 -0.81074 2.15784 2 616.7 472.978 328.907 342.808
8 0.806193 -0.461119 2.33657 2 723.195 381.903 385.704 276.798
9 0.728546 -0.569538 2.10059 2 724.563 419.619 386.433 304.134
10 0.668255 -0.71994 1.97229 2 718.937 467.494 383.433 338.833
11 0.641583 -0.76523 1.95458 2 711.544 480.956 379.49 348.59
12 0.464106 -0.746102 2.26283 2 626.144 449.413 333.944 325.728
13 0.418384 -0.48752 2.30068 2 609.635 388.973 325.139 281.923
14 0.272899 -0.88536 2.10189 1 574.027 496.236 306.148 359.665
15 0.24399 -0.79096 2.03276 1 567.195 479.773 302.504 347.733
16 0.577934 -0.752576 2.1941 2 666.679 456.297 355.562 330.718
17 0.71854 -0.55064 2.06848 2 724.938 417.101 386.634 302.309
18 0.639362 -0.830006 1.89105 2 718.037 504.819 382.953 365.886
19 0.543204 -0.803757 1.90328 1 681.845 496.673 363.651 359.982
20 0.665819 -0.466565 2.40986 2 675.256 379.852 360.137 275.311
21 0.40741 -0.848553 2.09059 2 619.155 488.419 330.216 353.999
22 0.434968 -0.82591 2.15076 2 624.25 477.232 332.933 345.891
23 0.605938 -0.821588 1.89439 2 705.546 502.297 376.291 364.058
24 0.623183 -0.767218 1.989 2 701.251 478.063 374.001 346.494
1
0
-0.257462 0.133558 0.916097 0.276843
-0.274771 0.12829 0.911055 0.279323
-0.299676 0.125011 0.912841 0.247563
0 0 0 0
-0.0283892 -0.582231 0.688559 0.431379
-0.339085 0.829279 -0.359434 0.261007
-0.099664 0.453302 -0.296173 0.834785
-0.0584223 0.467014 -0.273761 0.838773
-0.371052 0.693558 0.61604 0.0423356
0.474586 -0.558063 -0.273447 0.623346
0.218691 -0.180178 -0.297197 0.911803
0.274193 -0.140185 -0.128541 0.942679
0.152839 -0.604191 0.758905 0.18883
0.929014 0.0978747 -0.352506 0.0556158
0.252932 -0.500467 -0.104489 0.821365
0 0 0 0
-0.502325 0.671688 0.536585 -0.0926274
0.711976 -0.0109615 0.598793 -0.36663
-0.275096 0.954075 -0.117647 -0.0148853
0 0 0 0
-0.29516 0.123972 0.908291 0.269293
0 0 0 0
0 0 0 0
0 0 0 0
0 0 0 0
