3629809
0 -0.185322 -0.0611113 1.5841 2 403.494 300.735 215.197 217.969
1 -0.200484 0.268255 1.58834 2 396.926 195.521 211.694 141.711
2 -0.213447 0.579719 1.57906 2 390.24 93.914 208.128 68.0676
3 -0.132939 0.674676 1.64638 2 427.952 72.0608 228.241 52.2287
4 -0.254643 0.404998 1.43999 2 361.536 137.938 192.819 99.9753
5 -0.273114 0.186219 1.35576 2 344.904 211.444 183.949 153.252
6 -0.183186 -0.0466716 1.31911 2 388.397 299.126 207.145 216.802
7 -0.167329 -0.10423 1.31463 2 396.356 321.364 211.39 232.92
8 -0.0826718 0.449556 1.68099 1 449.976 145.241 239.987 105.269
9 -0.108262 0.204958 1.78805 1 442.307 223.189 235.897 161.764
10 -0.100824 -0.064903 1.80491 1 445.577 299.391 237.641 216.994
11 -0.0982734 -0.149856 1.8114 2 446.662 323.059 238.22 234.149
12 -0.219397 -0.0511232 1.51108 2 384.032 298.344 204.817 216.236
13 -0.217032 -0.385241 1.45272 2 380.621 416.184 202.998 301.644
14 -0.306823 -0.674523 1.44765 2 337.008 518.929 179.738 376.113
15 -0.375518 -0.566748 1.43248 1 302.103 483.173 161.121 350.198
16 -0.1427 -0.0693056 1.58057 2 421.891 303.392 225.008 219.894
17 -0.089648 -0.304417 1.64711 1 446.451 374.928 238.107 271.742
18 -0.187946 -0.54021 1.46893 1 395.253 468.821 210.802 339.795
19 -0.122741 -0.555014 1.3537 1 421.066 490.471 224.569 355.486
20 -0.210473 0.503744 1.58346 2 391.905 119.092 209.016 86.3166
21 -0.143373 -0.167141 1.33465 2 409.992 344.66 218.663 249.805
22 -0.221461 -0.0942011 1.37239 2 372.816 315.998 198.835 229.031
23 -0.0966687 -0.169596 1.7933 2 446.893 329.059 238.343 238.497
24 -0.0926084 -0.143383 1.80811 2 448.751 321.321 239.334 232.889
0
1
0.359628 -0.0191468 0.93279 0.0142663
0.386474 -0.0187258 0.921991 0.0148144
0.416258 -0.0298113 0.908576 -0.018156
0 0 0 0
-0.339231 0.782466 -0.331869 0.403152
-0.170122 0.961271 -0.0767457 0.202795
-0.150946 -0.295638 -0.125406 0.934926
-0.11572 -0.303432 -0.0769289 0.942666
0.176413 0.764457 0.556035 0.274424
0.157063 0.560946 0.139184 0.800811
-0.00942076 0.1349 0.0327654 0.990272
-0.00969473 0.134811 0.0397726 0.990025
0.41564 -0.565837 0.623496 -0.343984
-0.0773256 0.908626 0.0386067 -0.40857
0.150075 -0.0841928 0.00432754 0.985074
0 0 0 0
-0.0296538 0.770263 0.636422 -0.0279516
-0.160096 -0.482687 0.0649873 0.85858
0.0245218 0.393888 -0.347672 0.850515
0 0 0 0
0.416291 -0.0235777 0.908926 -0.000589561
0 0 0 0
0 0 0 0
0 0 0 0
0 0 0 0
