3683520
0 0.506344 -0.0611518 2.11694 2 649.043 295.882 346.156 214.451
1 0.505579 0.192521 2.09627 2 650.517 234.539 346.942 169.991
2 0.501295 0.433088 2.06503 2 651.953 174.411 347.708 126.411
3 0.487532 0.557795 2.00961 2 652.069 139.677 347.77 101.236
4 0.349826 0.357438 2.14548 2 596.466 196.619 318.115 142.507
5 0.309183 0.11875 2.22467 2 579.605 254.178 309.123 184.225
6 0.295521 -0.107589 2.20818 2 576.046 305.881 307.224 221.698
7 0.299108 -0.182365 2.19378 2 577.818 323.321 308.17 234.339
8 0.657739 0.335984 2.0325 2 708.179 196.929 377.695 142.732
9 0.738696 0.114062 2.07963 2 730.044 253.25 389.357 183.552
10 0.735318 -0.137806 2.03972 2 733.758 315.66 391.337 228.786
11 0.715662 -0.204454 2.0274 2 728.56 332.632 388.565 241.087
12 0.439577 -0.0608675 2.10646 2 627.842 295.871 334.849 214.444
13 0.409854 -0.411779 2.09468 2 619.172 381.177 330.225 276.272
14 0.428263 -0.746566 2.11471 2 624.399 461.365 333.013 334.391
15 0.389771 -0.794947 1.99347 2 619.6 484.782 330.453 351.363
16 0.558897 -0.059732 2.06747 2 670.735 295.9 357.726 214.464
17 0.593135 -0.406833 1.9896 2 690.505 385.46 368.269 279.376
18 0.623922 -0.7412 2.00263 2 700.067 470.127 373.369 340.741
19 0.585006 -0.7888 1.88101 2 699.529 495.1 373.082 358.842
20 0.503026 0.374127 2.0755 2 651.582 189.471 347.511 137.326
21 0.298824 -0.255524 2.18236 2 578.277 340.559 308.414 246.833
22 0.275199 -0.168357 2.18919 2 570.468 320.155 304.25 232.044
23 0.704351 -0.277168 2.01482 2 726.245 351.369 387.331 254.667
24 0.680253 -0.209314 2.01225 2 718.128 334.232 383.002 242.247
1
1
-0.156315 0.00487042 0.98687 -0.0403716
-0.165843 0.00526028 0.985313 -0.0403226
-0.17525 0.00115268 0.980504 -0.0888745
0 0 0 0
0.182205 0.73242 -0.646142 -0.113417
0.0751352 0.777701 -0.160835 -0.603048
0.0412621 -0.364864 -0.0228109 0.929866
0.0132333 -0.36919 -0.0968434 0.9242
-0.0452647 0.769237 0.618384 -0.154359
0.0255906 0.903542 0.196736 0.379806
0.0527788 -0.603151 -0.0584766 0.793728
0.165918 -0.60284 0.0162692 0.78025
0.0268723 -0.700728 0.708083 -0.0829274
0.0439917 -0.587223 0.0112813 0.80815
-0.0397123 -0.585393 0.00811866 0.809736
0 0 0 0
-0.242446 0.642429 0.671605 -0.2783
-0.116891 0.797491 -0.0266017 0.591301
-0.010747 0.814025 0.0486344 0.578691
0 0 0 0
-0.175567 0.00312403 0.982796 -0.0572581
0 0 0 0
0 0 0 0
0 0 0 0
0 0 0 0
