3457543
0 -0.208026 -0.0609202 1.56103 2 392.267 300.969 209.209 218.138
1 -0.227004 0.266189 1.56478 2 383.888 194.864 204.74 141.235
2 -0.242857 0.577103 1.55425 2 375.604 91.7448 200.322 66.4954
3 -0.158624 0.668802 1.61036 2 415.629 69.2234 221.669 50.1722
4 -0.290186 0.40397 1.42186 2 342.599 136.407 182.719 98.8657
5 -0.306085 0.189816 1.34133 2 326.308 209.271 174.031 151.677
6 -0.228799 -0.04562 1.30469 2 363.163 298.934 193.687 216.663
7 -0.210665 -0.109057 1.30674 2 372.902 323.516 198.881 234.48
8 -0.140097 0.454906 1.64485 1 425.073 140.516 226.706 101.844
9 -0.172667 0.233156 1.7882 1 417.478 215.156 222.655 155.942
10 -0.116055 -0.0299374 1.73125 1 437.897 289.954 233.545 210.154
11 -0.127143 -0.114732 1.74049 1 433.74 314.555 231.328 227.985
12 -0.24024 -0.0499041 1.48901 2 372.868 298.191 198.863 216.125
13 -0.243589 -0.384076 1.43906 2 366.833 417.103 195.644 302.31
14 -0.323316 -0.672603 1.44275 2 328.604 519.025 175.256 376.182
15 -0.391473 -0.566021 1.42434 1 293.306 484.052 156.43 350.834
16 -0.165681 -0.0683106 1.55809 2 410.834 303.395 219.112 219.897
17 -0.220232 -0.424055 1.49859 1 382.261 425.301 203.872 308.252
18 -0.297476 -0.711448 1.51708 1 347.995 520.485 185.597 377.241
19 -0.346921 -0.597315 1.44793 2 317.747 491.791 169.465 356.443
20 -0.239428 0.50151 1.55906 2 377.57 117.234 201.37 84.9697
21 -0.192417 -0.175822 1.31598 2 383.182 348.97 204.364 252.929
22 -0.180754 -0.0881161 1.36533 2 392.848 313.893 209.519 227.506
23 -0.127665 -0.131641 1.71061 1 432.645 320.145 230.744 232.036
24 -0.129957 -0.125112 1.6994 1 431.38 318.457 230.069 230.813
0
1
0.365053 -0.0248766 0.930518 0.0159152
0.391886 -0.0244045 0.91954 0.01663
0.42162 -0.0339078 0.905934 -0.0192277
0 0 0 0
-0.319863 0.785476 -0.346858 0.400505
-0.165529 0.956551 -0.0756524 0.227788
-0.170361 0.250056 -0.0320487 0.952587
-0.130969 0.236414 0.0482993 0.961573
0.192032 0.760737 0.543889 0.297636
0.205632 0.516564 0.202421 0.806166
-0.0892999 0.979581 0.117494 -0.136532
0.0458809 0.989447 -0.0706066 -0.117914
0.426118 -0.55961 0.622548 -0.343066
-0.0698026 0.912315 0.0253795 -0.402698
0.133272 -0.0895112 0.0183281 0.986859
0 0 0 0
-0.0249727 0.765002 0.643124 -0.0232275
0.0360303 0.398376 -0.105346 0.91044
0.0728097 0.935025 -0.112982 0.32812
0 0 0 0
0.42155 -0.0290248 0.90634 0.000115269
0 0 0 0
0 0 0 0
0 0 0 0
0 0 0 0
