3676010
0 0.511197 -0.0491429 2.07864 2 653.732 293.221 348.657 212.522
1 0.52196 0.211642 2.08058 2 657.285 229.495 350.552 166.335
2 0.529869 0.464144 2.07315 2 660.934 167.136 352.498 121.138
3 0.519937 0.596471 2.06761 2 658.27 134.062 351.077 97.1661
4 0.383098 0.363759 2.1612 2 606.318 195.717 323.369 141.853
5 0.335124 0.122136 2.21534 2 588.101 253.281 313.654 183.575
6 0.281741 -0.0987687 2.13971 2 574.554 304.582 306.429 220.757
7 0.262457 -0.166387 2.09363 2 570.231 321.458 304.123 232.988
8 0.668249 0.340672 2.00854 2 714.533 194.713 381.084 141.126
9 0.744892 0.126342 2.01946 2 739.594 249.305 394.45 180.693
10 0.693558 -0.083858 1.92409 2 733.708 303.431 391.311 219.923
11 0.662764 -0.155943 1.88255 2 727.876 323.443 388.201 234.427
12 0.448706 -0.0506977 2.07426 2 633.144 293.614 337.677 212.808
13 0.420969 -0.401082 2.07325 2 624.289 379.596 332.954 275.126
14 0.432208 -0.734463 2.10857 2 626.099 458.953 333.92 332.643
15 0.378361 -0.784754 1.99462 2 615.548 482.048 328.292 349.382
16 0.55905 -0.0460057 2.02359 2 674.872 292.772 359.932 212.197
17 0.597528 -0.395006 1.96927 2 694.194 383.48 370.237 277.941
18 0.626978 -0.727958 1.99847 2 701.584 467.143 374.178 338.579
19 0.574498 -0.779112 1.88381 2 695.388 492.205 370.874 356.744
20 0.528456 0.402155 2.07677 2 660.048 182.603 352.026 132.348
21 0.244148 -0.24301 2.06663 2 565.302 340.79 301.494 247
22 0.233848 -0.165458 2.06658 2 561.813 321.746 299.633 233.197
23 0.648865 -0.220511 1.84085 2 728.234 342.298 388.392 248.093
24 0.636672 -0.191412 1.8924 2 716.991 332.765 382.395 241.183
1
0
-0.213917 0.0193505 0.976627 0.0080367
-0.225321 0.0192552 0.974059 0.00826239
-0.237505 0.017997 0.97088 -0.0256756
0 0 0 0
0.168726 0.757162 -0.60016 -0.195054
-0.00168575 -0.66476 0.144924 0.732863
-0.197073 0.812485 -0.00407917 -0.548647
-0.30774 0.796363 0.0560162 -0.517653
-0.125574 0.805356 0.548125 -0.187595
-0.0378599 0.920895 0.168236 0.349593
0.146055 -0.168907 -0.184924 0.957048
0.219832 -0.154601 -0.213067 0.939348
-0.0260247 0.715443 -0.697794 0.0233873
0.0340306 -0.538827 0.0200809 0.841489
-0.042478 -0.536381 0.0354615 0.84216
0 0 0 0
-0.310958 0.634393 0.651759 -0.275792
-0.0940125 0.835413 0.00388046 0.541508
0.0133693 0.843766 0.0604592 0.533128
0 0 0 0
-0.237292 0.0189216 0.971238 -0.00565334
0 0 0 0
0 0 0 0
0 0 0 0
0 0 0 0
