3743963
0 -0.148449 -0.114127 1.52592 2 417.047 319.063 222.425 231.252
1 -0.151882 0.233679 1.52784 2 415.475 203.68 221.587 147.624
2 -0.152938 0.56273 1.51593 2 414.02 91.856 220.811 66.576
3 -0.067524 0.65695 1.57314 2 454.185 68.0688 242.232 49.3353
4 -0.222152 0.379262 1.36903 2 371.658 140.135 198.218 101.568
5 -0.20614 0.1479 1.28772 2 373.63 222.963 199.269 161.601
6 -0.13648 -0.054346 1.26908 2 410.003 302.88 218.669 219.523
7 -0.123236 -0.118821 1.27956 2 417.699 328.22 222.773 237.889
8 -0.0259643 0.434092 1.61652 1 472.86 144.696 252.192 104.873
9 -0.0969752 0.183429 1.66585 1 443.917 225.481 236.756 163.426
10 -0.143722 0.0466176 1.43212 1 414.96 264.743 221.312 191.882
11 -0.0959271 -0.0110603 1.42323 1 437.647 285.14 233.412 206.665
12 -0.188323 -0.106604 1.46416 2 395.439 318.082 210.901 230.541
13 -0.191703 -0.385596 1.42219 2 390.727 419.201 208.388 303.831
14 -0.30392 -0.66963 1.42855 2 336.464 520.342 179.447 377.137
15 -0.363565 -0.553199 1.40781 1 304.801 481.805 162.561 349.205
16 -0.100843 -0.116236 1.51285 2 438.132 320.078 233.67 231.988
17 -0.224046 -0.447385 1.41541 1 374.309 442.324 199.632 320.59
18 -0.276143 -0.748332 1.38504 1 346.075 556.162 184.573 403.098
19 -0.318632 -0.624224 1.38462 2 324.386 511.244 173.006 370.543
20 -0.15297 0.482928 1.52098 2 414.33 119.462 220.976 86.5843
21 -0.105586 -0.186251 1.29646 2 427.881 353.997 228.203 256.572
22 -0.165823 -0.130177 1.33163 2 398.233 330.73 212.391 239.709
23 -0.0952309 -0.0816064 1.34795 2 435.396 311.832 232.211 226.011
24 -0.0648562 -0.0507168 1.45393 2 453.312 298.844 241.766 216.598
1
1
0.251022 -0.00408591 0.967965 0.0039079
0.320952 -0.00379001 0.947079 0.00419549
0.39803 -0.0124036 0.916828 -0.0290696
0 0 0 0
-0.30551 0.781572 -0.378046 0.391012
-0.168649 0.920583 -0.0289274 0.351066
-0.142099 -0.313027 -0.0940679 0.93433
-0.121021 -0.334264 0.0408286 0.933785
0.188537 0.76291 0.563554 0.254614
0.161811 0.716637 -0.0338607 0.677571
0.0191382 0.137189 -0.500729 0.854449
-0.34303 0.183554 0.00436347 0.921205
0.357772 -0.589857 0.650308 -0.318068
-0.0672404 0.858056 0.0328337 -0.508076
0.185193 -0.0914228 0.0279652 0.978041
0 0 0 0
-0.0934149 0.715709 0.685515 -0.0954165
0.077643 0.501874 -0.205468 0.836586
0.0302565 0.664695 -0.0939702 0.740564
0 0 0 0
0.398331 -0.00748058 0.917136 -0.0117481
0 0 0 0
0 0 0 0
0 0 0 0
0 0 0 0
