3657124
0 0.629458 -0.881521 2.4624 2 661.293 463.959 352.69 336.271
1 0.662147 -0.670659 2.52694 2 665.556 416.558 354.963 301.916
2 0.690531 -0.458623 2.5786 2 669.285 371.785 356.952 269.464
3 0.703783 -0.33631 2.55762 2 674.291 348.139 359.622 252.326
4 0.585541 -0.514045 2.64076 2 637.278 380.256 339.882 275.605
5 0.474543 -0.565124 2.39832 1 620.831 401.154 331.11 290.751
6 0.428715 -0.740825 2.20583 2 618.695 452.538 329.971 327.994
7 0.415704 -0.805381 2.12828 1 619.444 474.365 330.37 343.813
8 0.803409 -0.509476 2.43418 1 712.781 387.988 380.15 281.208
9 0.720751 -0.382383 2.29808 2 701.218 366.028 373.983 265.292
10 0.531134 -0.233805 2.18631 2 651.772 335.57 347.612 243.216
11 0.455105 -0.16673 2.12416 2 631.769 321.058 336.944 232.699
12 0.570206 -0.886033 2.48162 2 643.337 463.45 343.113 335.902
13 0.467199 -0.572989 2.33241 2 622.561 406.297 332.033 294.479
14 0.410968 -0.955093 2.20894 1 613.024 501.931 326.946 363.793
15 0.405897 -0.841712 2.08816 2 618.808 486.986 330.031 352.961
16 0.675195 -0.857606 2.38749 2 680.155 464.587 362.75 336.727
17 0.748152 -0.602567 2.19776 2 720.109 421.168 384.058 305.257
18 0.690869 -0.984553 2.07515 1 714.147 522.6 380.878 378.774
19 0.65713 -0.848943 1.99199 2 712.491 498.465 379.995 361.28
20 0.683882 -0.511646 2.56803 2 668.318 382.706 356.436 277.38
21 0.392667 -0.838939 2.04227 2 617.346 490.919 329.251 355.811
22 0.435029 -0.841976 2.0772 2 629.251 488.139 335.601 353.797
23 0.398331 -0.124838 2.10715 2 614.245 311.257 327.597 225.595
24 0.483935 -0.120219 2.16143 2 638.436 309.449 340.499 224.285
0
0
-0.373906 0.0131543 0.912761 0.163977
-0.363094 0.0150911 0.917116 0.16381
-0.355901 0.0223644 0.927371 0.11321
0 0 0 0
-0.123896 -0.640137 0.689089 0.316276
-0.414568 0.699645 -0.483798 0.323371
-0.109656 0.440934 -0.394956 0.798475
-0.137181 0.427803 -0.404851 0.796405
-0.378132 0.675169 0.602547 -0.19519
0.873154 -0.414801 0.222507 0.126624
0.830498 -0.361505 0.300033 0.299279
0.841236 -0.392546 0.272653 0.252765
-0.00435048 0.69502 -0.681073 -0.230362
0.837096 -0.111575 -0.481601 0.234268
0.155124 -0.653559 -0.0689743 0.73759
0 0 0 0
-0.481088 0.56549 0.632459 -0.220842
0.688416 -0.143673 0.645818 -0.297256
-0.0884175 0.821821 -0.144524 0.543972
0 0 0 0
-0.353959 0.0170944 0.924462 0.140683
0 0 0 0
0 0 0 0
0 0 0 0
0 0 0 0
