3626974
0 -0.181808 -0.0629738 1.58529 2 405.082 301.314 216.044 218.388
1 -0.19734 0.265055 1.59024 2 398.401 196.653 212.481 142.531
2 -0.209745 0.578784 1.58235 2 392.062 94.6134 209.1 68.5745
3 -0.127355 0.670968 1.65206 2 430.491 73.9369 229.595 53.5884
4 -0.251405 0.406508 1.44268 2 363.321 137.676 193.771 99.7855
5 -0.278166 0.186159 1.3579 2 342.542 211.57 182.689 153.343
6 -0.189704 -0.0480182 1.32183 2 385.188 299.607 205.434 217.151
7 -0.173713 -0.103029 1.321 2 393.445 320.713 209.837 232.448
8 -0.078993 0.448631 1.68427 1 451.553 145.791 240.828 105.667
9 -0.104639 0.203945 1.79137 1 443.777 223.585 236.681 162.052
10 -0.0803633 -0.0657491 1.80146 1 453.31 299.661 241.765 217.19
11 -0.0943583 -0.154931 1.79644 1 447.848 324.838 238.852 235.438
12 -0.216062 -0.0539174 1.51446 2 385.776 299.239 205.747 216.885
13 -0.216566 -0.382514 1.45125 2 380.744 415.358 203.063 301.045
14 -0.306156 -0.671654 1.44769 2 337.325 517.922 179.907 375.383
15 -0.372732 -0.561122 1.42422 1 302.403 482.331 161.281 349.587
16 -0.139054 -0.0697292 1.58164 2 423.52 303.511 225.877 219.981
17 -0.0884315 -0.306486 1.64583 1 446.929 375.641 238.362 272.26
18 -0.186684 -0.542139 1.46773 1 395.775 469.649 211.08 340.395
19 -0.121509 -0.556823 1.35254 1 421.643 491.337 224.876 356.114
20 -0.206969 0.501732 1.58617 2 393.599 120.028 209.92 86.9949
21 -0.149645 -0.164993 1.33511 2 406.779 343.826 216.949 249.2
22 -0.227627 -0.088983 1.3729 2 369.755 314.062 197.203 227.628
23 -0.0968302 -0.176824 1.78742 1 446.706 331.266 238.243 240.097
24 -0.0940675 -0.160874 1.78957 1 447.819 326.688 238.837 236.779
0
1
0.351395 -0.0194905 0.935898 0.0153795
0.383161 -0.0189538 0.923348 0.0160363
0.418476 -0.0267047 0.907712 -0.0149678
0 0 0 0
-0.342735 0.777411 -0.338865 0.404148
-0.166922 0.962532 -0.09196 0.192906
-0.145012 -0.318297 -0.126543 0.928249
-0.130425 -0.330497 -0.0539892 0.933191
0.177529 0.762092 0.558649 0.274973
0.148181 0.510027 0.148656 0.834156
-0.0464324 -0.0961666 0.0142399 0.99418
0.0799261 -0.093307 -0.0204587 0.992213
0.410611 -0.571497 0.623362 -0.340896
-0.0864771 0.903906 0.0390678 -0.417073
0.149231 -0.123593 0.0128048 0.980964
0 0 0 0
-0.0315334 0.759598 0.649035 -0.0277506
-0.153066 -0.48432 0.0628625 0.8591
0.0244171 0.39415 -0.347707 0.850382
0 0 0 0
0.418456 -0.0220559 0.907969 0.00070736
0 0 0 0
0 0 0 0
0 0 0 0
0 0 0 0
