3624276
0 0.491576 -0.0272622 2.14664 2 641.949 287.658 342.373 208.491
1 0.499431 0.219672 2.14949 2 644.394 229.284 343.677 166.182
2 0.504643 0.460208 2.13993 2 647.147 171.701 345.145 124.446
3 0.484489 0.584425 2.14503 2 640.415 142.333 341.555 103.161
4 0.376635 0.351841 2.2492 2 599.487 201.795 319.726 146.258
5 0.344758 0.123428 2.30824 2 586.777 254.123 312.948 184.185
6 0.317189 -0.109808 2.25417 2 580.797 305.88 309.759 221.698
7 0.304638 -0.188026 2.23315 2 577.87 323.864 308.198 234.732
8 0.594804 0.347878 2.02951 2 686.892 193.874 366.342 140.517
9 0.606168 0.175876 1.96911 2 696.992 235.727 371.729 170.852
10 0.472141 -0.0130902 1.89563 2 655.912 284.719 349.82 206.36
11 0.392628 -0.0734358 1.86163 2 629.395 301.227 335.677 218.326
12 0.44606 -0.0325835 2.14797 2 627.13 288.907 334.47 209.396
13 0.423844 -0.405901 2.13846 2 620.911 377.722 331.153 273.768
14 0.442782 -0.779743 2.15246 2 626.633 466.096 334.204 337.82
15 0.42121 -0.8545 2.09662 2 623.333 489.272 332.444 354.618
16 0.524677 -0.021471 2.09065 2 657.233 286.429 350.524 207.599
17 0.575925 -0.390196 2.02956 2 680.465 379.179 362.914 274.824
18 0.611294 -0.768367 2.04422 2 691.392 473.074 368.743 342.877
19 0.538994 -0.812663 1.95396 1 675.259 493.455 360.138 357.649
20 0.503703 0.400682 2.14413 2 646.426 186.11 344.76 134.89
21 0.305342 -0.247239 2.19889 2 579.605 338.2 309.123 245.123
22 0.326331 -0.158315 2.19992 2 586.091 317.671 312.582 230.244
23 0.343393 -0.122239 1.83898 2 612.655 314.923 326.749 228.252
24 0.38559 -0.103854 1.83074 2 629.215 310 335.581 224.684
1
3
-0.310056 0.0133216 0.950568 0.0104239
-0.342099 0.0129606 0.939512 0.0108695
-0.375528 0.0205324 0.926109 -0.029671
0 0 0 0
0.201884 0.753567 -0.563233 -0.272301
0.0425917 0.709317 -0.135841 -0.690364
-0.0780881 0.898865 -0.100071 0.419441
-0.0849713 0.896271 -0.124962 0.416969
-0.265361 0.747413 0.509853 -0.333177
-0.168645 0.984919 0.0268221 0.0278082
0.0272724 0.786826 -0.332428 0.519281
0.0846303 0.737703 -0.454644 0.491864
0.00562513 0.746855 -0.664781 -0.0155762
0.0322451 -0.452679 0.00211945 0.891088
-0.0314035 -0.549216 0.00172025 0.835088
0 0 0 0
-0.375391 0.591393 0.635158 -0.325438
-0.103616 0.885093 0.0236959 0.453113
-0.00235668 0.903715 0.0503738 0.425153
0 0 0 0
-0.375673 0.0164945 0.926559 -0.00928975
0 0 0 0
0 0 0 0
0 0 0 0
0 0 0 0
