3547913
0 -0.191319 -0.0999545 1.54141 2 398.555 314.043 212.562 227.614
1 -0.204561 0.245476 1.53903 2 392.321 200.294 209.238 145.17
2 -0.214548 0.571408 1.52262 2 386.249 89.7236 205.999 65.0305
3 -0.128213 0.661774 1.57937 2 427.645 67.3351 228.078 48.8036
4 -0.269482 0.398521 1.39432 2 350.109 135.558 186.725 98.2502
5 -0.280185 0.18581 1.31261 2 336.553 209.278 179.495 151.682
6 -0.199467 -0.0505275 1.2869 2 377.252 301.101 201.201 218.234
7 -0.183787 -0.113995 1.29307 2 386.088 325.88 205.914 236.193
8 -0.111811 0.449074 1.61321 1 436.044 139.608 232.557 101.186
9 -0.144737 0.226969 1.75672 1 427.247 215.772 227.865 156.389
10 -0.178615 0.0581565 1.53654 1 404.007 262.056 215.471 189.934
11 -0.124589 0.0283226 1.46506 1 425.51 271.434 226.939 196.732
12 -0.228533 -0.0884738 1.48097 2 377.707 311.479 201.444 225.756
13 -0.229239 -0.381336 1.42821 2 372.911 417.139 198.886 302.337
14 -0.320713 -0.665803 1.4387 2 329.408 517.304 175.684 374.935
15 -0.388946 -0.558286 1.41501 1 293.284 482.604 156.418 349.785
16 -0.144601 -0.106613 1.52732 2 418.849 316.534 223.386 229.42
17 -0.200305 -0.461534 1.48197 1 390.367 439.893 208.196 318.829
18 0.0148843 -0.264524 1.377 1 491.405 378.62 262.083 274.418
19 0.0991115 -0.235592 1.28481 1 537.125 374.21 286.467 271.222
20 -0.21253 0.492409 1.52885 2 387.67 117.053 206.757 84.8383
21 -0.158077 -0.181433 1.30459 2 400.479 351.713 213.589 254.917
22 -0.145277 -0.0995334 1.34568 2 409.692 318.651 218.502 230.954
23 -0.116567 -0.00783442 1.44779 2 428.627 283.947 228.601 205.801
24 -0.121616 0.0521909 1.45411 2 426.471 263.058 227.451 190.661
0
1
0.247678 -0.0194094 0.968647 0.00142081
0.326557 -0.0192266 0.944977 0.00301339
0.413588 -0.0278706 0.909526 -0.0305042
0 0 0 0
-0.308118 0.781717 -0.367063 0.399056
-0.167852 0.942234 -0.0747847 0.28005
-0.171116 0.26272 -0.00658798 0.949555
-0.104814 0.246845 0.0758716 0.960377
0.197838 0.760394 0.551579 0.280038
0.25003 0.701794 0.144018 0.651328
-0.435799 0.894372 -0.0899828 0.0456091
-0.555135 0.768142 0.184042 0.260597
0.377809 -0.568935 0.661136 -0.3106
-0.0768948 0.853669 0.0448316 -0.513154
0.152244 -0.10063 0.0334496 0.982637
0 0 0 0
-0.0908381 0.744456 0.651265 -0.115705
-0.083522 0.947579 -0.0544118 -0.303576
-0.683471 0.392749 0.592085 0.167484
0 0 0 0
0.413714 -0.0232007 0.910031 -0.0120853
0 0 0 0
0 0 0 0
0 0 0 0
0 0 0 0
