3371592
0 0.832843 -0.789793 2.84581 2 686.898 422.826 366.346 306.458
1 0.739954 -0.579221 2.7188 2 672.442 389.78 358.636 282.507
2 0.644715 -0.370769 2.57754 2 656.875 354.386 350.333 256.854
3 0.586631 -0.274772 2.58016 2 640.937 335.316 341.833 243.033
4 0.553183 -0.458729 2.67517 2 626.815 368.383 334.301 266.999
5 0.515958 -0.616572 2.42921 2 630.99 410.504 336.528 297.527
6 0.524973 -0.855851 2.27186 1 644.263 473.52 343.607 343.201
7 0.528702 -0.936492 2.2228 1 648.946 496.26 346.104 359.682
8 0.742333 -0.424001 2.49219 2 690.227 367.905 368.121 266.653
9 0.657336 -0.254173 2.28484 2 682.976 337.838 364.254 244.86
10 0.44139 -0.0975205 2.17223 2 624.049 303.987 332.826 220.325
11 0.374444 -0.0529757 2.14226 2 604.344 293.744 322.317 212.902
12 0.770204 -0.782326 2.85133 2 671.208 421.168 357.978 305.257
13 0.611777 -0.642534 2.52982 2 651.456 410.662 347.443 297.642
14 0.694103 -1.00005 2.6827 2 663.455 471.514 353.843 341.747
15 0.637491 -0.948402 2.54381 2 657.815 471.538 350.835 341.765
16 0.877389 -0.78001 2.77854 2 702.986 424.495 374.926 307.668
17 0.78356 -0.641978 2.43141 2 707.475 415.967 377.32 301.487
18 0.923763 -0.964368 2.61321 1 729.051 469.491 388.827 340.281
19 0.861111 -0.923856 2.47313 2 725.371 471.8 386.865 341.954
20 0.66895 -0.422747 2.61518 2 660.875 363.482 352.466 263.447
21 0.52964 -0.932764 2.21392 1 649.9 496.261 346.614 359.684
22 0.528986 -0.929316 2.20109 1 650.659 496.712 347.018 360.01
23 0.307901 0.0104067 2.10272 2 584.726 278.704 311.854 202.001
24 0.400797 -0.0227177 2.15331 2 612.195 286.559 326.504 207.694
0
0
-0.277169 -0.103706 0.907578 -0.297867
-0.283982 -0.101465 0.905469 -0.298638
-0.281715 -0.0917746 0.894141 -0.335746
0 0 0 0
0.31787 0.793425 -0.515698 0.0590781
-0.359725 0.734144 -0.320493 0.47845
-0.241073 0.773159 -0.155974 0.565492
-0.229598 0.776251 -0.143004 0.569446
-0.106494 0.451964 0.695903 -0.547821
0.871118 -0.439653 0.207706 0.0686754
0.805515 -0.372052 0.348762 0.301809
0.79478 -0.366349 0.357584 0.325954
-0.23889 -0.645491 0.708442 -0.156149
0.695953 -0.292427 -0.444216 0.482501
-0.200124 -0.55801 0.100946 0.79899
0 0 0 0
-0.129353 0.456211 0.737191 -0.481341
0.613489 -0.505721 0.550283 -0.25508
0.0845183 0.768186 0.292533 0.56318
0 0 0 0
-0.286528 -0.0955674 0.898786 -0.317731
0 0 0 0
0 0 0 0
0 0 0 0
0 0 0 0
