3731678
0 -0.227693 -0.0784943 1.56851 2 384.038 306.557 204.82 222.189
1 -0.243788 0.259037 1.57343 2 377.07 197.639 201.104 143.246
2 -0.256407 0.577796 1.56467 2 370.318 92.7772 197.503 67.2436
3 -0.176739 0.675008 1.6146 2 408.023 67.8083 217.612 49.1465
4 -0.301526 0.410571 1.4273 2 337.607 134.574 180.057 97.537
5 -0.30792 0.196794 1.34051 2 325.244 206.57 173.463 149.719
6 -0.224264 -0.0276266 1.31373 2 366.396 291.867 195.411 211.541
7 -0.208159 -0.100832 1.31852 2 375.223 319.968 200.119 231.909
8 -0.0825216 0.436887 1.64036 1 449.199 145.803 239.573 105.676
9 -0.152878 0.186351 1.68963 1 421.697 225.366 224.905 163.342
10 -0.124284 -0.0550873 1.56738 1 429.46 298.985 229.045 216.7
11 -0.151128 -0.0735542 1.48785 1 414.112 306.225 220.86 221.948
12 -0.269413 -0.0689656 1.49869 2 360.107 304.54 192.057 220.726
13 -0.251899 -0.396333 1.43683 2 362.609 421.704 193.391 305.645
14 -0.306977 -0.697117 1.4362 2 335.839 528.723 179.114 383.211
15 -0.369133 -0.581886 1.41524 1 303.039 491.069 161.621 355.92
16 -0.175263 -0.08529 1.56301 2 406.832 308.829 216.977 223.835
17 -0.299336 -0.415662 1.46449 1 342.387 425.868 182.606 308.664
18 -0.350797 -0.716926 1.43434 1 314.649 535.826 167.813 388.359
19 -0.376583 -0.584102 1.40824 1 298.486 492.896 159.193 357.244
20 -0.25374 0.500533 1.56885 2 371.91 118.57 198.352 85.9377
21 -0.182697 -0.163722 1.32722 2 389.122 343.747 207.532 249.143
22 -0.176716 -0.0804499 1.37505 2 395.527 310.834 210.948 225.288
23 -0.157387 -0.134126 1.41131 2 407.212 329.337 217.18 238.699
24 -0.128964 -0.111014 1.53558 2 426.21 317.789 227.312 230.329
1
1
0.295854 -0.0205997 0.954908 0.0139971
0.321395 -0.0202164 0.946618 0.0145453
0.350235 -0.0256031 0.936114 -0.0192514
0 0 0 0
-0.360424 0.793794 -0.33492 0.35751
-0.179492 0.940227 -0.0684141 0.281202
-0.18491 0.226995 -0.0142204 0.956075
-0.0984527 0.213959 0.0545833 0.970335
0.0915739 0.790957 0.573921 0.191353
0.163959 0.505534 0.0119697 0.847
-0.0694437 0.0650349 -0.227086 0.969216
0.0566755 0.181428 -0.623983 0.757969
0.382847 -0.585161 0.641563 -0.315296
-0.0697441 0.878026 0.0671273 -0.468721
0.0898393 -0.125692 0.0103817 0.987939
0 0 0 0
-0.0379109 0.750119 0.65927 -0.0353158
0.0885172 0.458063 -0.203285 0.860824
0.0496328 0.483338 -0.0840061 0.869979
0 0 0 0
0.350164 -0.0225983 0.936414 -0.00164986
0 0 0 0
0 0 0 0
0 0 0 0
0 0 0 0
