3663390
0 0.087353 -0.186446 1.69675 2 519.364 336.821 276.994 244.123
1 0.157784 0.153236 1.72835 2 546.751 236.335 291.601 171.293
2 0.223642 0.47642 1.74416 2 572.638 142.196 305.407 103.062
3 0.317514 0.568325 1.79584 2 606.458 119.863 323.444 86.8753
4 0.0935123 0.348197 1.58636 2 524.624 169.785 279.799 123.058
5 -0.0117854 0.177093 1.46495 2 478.424 220.032 255.159 159.476
6 0.0127646 -0.0576467 1.38823 2 490.272 302.2 261.479 219.03
7 0.00272074 -0.107481 1.37554 2 485.316 320.722 258.835 232.455
8 0.352021 0.346942 1.84455 1 615.799 185.595 328.426 134.516
9 0.322013 0.105787 1.95051 1 597.656 253.725 318.75 183.897
10 0.402761 -0.0503271 2.09052 1 616.725 293.419 328.92 212.666
11 0.459825 -0.0988467 2.12164 1 633.447 304.857 337.838 220.957
12 0.0436208 -0.170166 1.63758 2 502.271 333.783 267.878 241.922
13 -0.020257 -0.431861 1.48104 2 474.5 429.563 253.067 311.341
14 -0.225409 -0.657176 1.44386 2 375.662 513.54 200.353 372.207
15 -0.160929 -0.575857 1.42163 2 405.439 487.957 216.234 353.664
16 0.126313 -0.193587 1.67864 2 535.728 339.597 285.722 246.135
17 0.171889 -0.494067 1.73166 2 552.609 426.417 294.725 309.061
18 0.157479 -0.796164 1.74334 2 546.624 514.348 291.533 372.792
19 0.213754 -0.720736 1.68035 1 572.207 500.173 305.177 362.519
20 0.207794 0.397708 1.74252 2 566.309 165.227 302.032 119.754
21 0.0129145 -0.167655 1.37978 2 490.394 342.705 261.543 248.388
22 0.0449887 -0.105457 1.44089 2 505.413 318.221 269.554 230.642
23 0.498967 -0.156555 2.13463 1 645.312 318.464 344.166 230.818
24 0.505265 -0.0567432 2.08612 1 651.141 295.027 347.275 213.831
0
0
0.226394 0.109451 0.967633 0.0212611
0.296068 0.110706 0.948637 0.0132563
0.367159 0.095962 0.9248 -0.027024
0 0 0 0
-0.27307 0.701531 -0.549088 0.363027
-0.229004 0.91388 -0.288288 0.171085
-0.0887417 0.253567 -0.138542 0.953223
0.058098 0.281419 -0.145127 0.946766
0.204346 0.770042 0.565826 0.212412
-0.00409097 -0.284317 0.212507 0.934873
0.0409415 0.54091 0.388536 0.744835
-0.133507 0.621703 0.427878 0.642325
0.312716 -0.542801 0.714298 -0.312016
-0.282066 0.912957 -0.0214261 -0.29409
-0.240161 0.798868 -0.274476 -0.478325
0 0 0 0
-0.192133 0.756099 0.617335 -0.101474
-0.0158234 0.536833 0.112956 0.835943
0.0296618 0.412684 0.00774742 0.910358
0 0 0 0
0.368787 0.103994 0.923615 -0.0108318
0 0 0 0
0 0 0 0
0 0 0 0
0 0 0 0
