3596640
0 0.618532 -0.293654 2.36721 2 664.597 344.318 354.452 249.557
1 0.581855 -0.0888649 2.24301 2 663.132 301.347 353.67 218.412
2 0.542745 0.111845 2.1089 2 661.719 254.255 352.917 184.281
3 0.519586 0.22749 2.03546 2 660.369 224.375 352.197 162.624
4 0.409316 0.0593794 2.20614 2 611.788 267.565 326.287 193.927
5 0.352891 -0.131946 2.32696 2 588.365 309.937 313.794 224.638
6 0.329724 -0.318899 2.37118 2 579.782 349.409 309.217 253.247
7 0.334494 -0.39761 2.36776 2 581.391 366.436 310.075 265.588
8 0.685679 0.0318529 2.08889 2 711.174 273.444 379.293 198.188
9 0.794076 -0.164262 2.15589 2 739.238 320.069 394.26 231.982
10 0.842787 -0.394918 2.17933 2 752.208 373.706 401.178 270.857
11 0.847201 -0.481782 2.186 2 752.824 393.721 401.506 285.363
12 0.554712 -0.283933 2.36375 2 646.055 342.265 344.563 248.069
13 0.394185 -0.452885 2.16398 2 609.839 387.635 325.247 280.952
14 0.457544 -0.789832 2.1986 2 628.293 464.555 335.09 336.703
15 0.423787 -0.859011 2.10604 2 623.558 489.434 332.564 354.735
16 0.668213 -0.296573 2.31643 2 683.556 346.398 364.563 251.065
17 0.631648 -0.437275 2.042 2 698.347 390.424 372.452 282.974
18 0.640098 -0.762773 2.08998 2 696.418 467.513 371.423 338.847
19 0.598759 -0.831361 1.9997 2 691.554 493.314 368.829 357.548
20 0.552967 0.0623429 2.14423 2 662.063 266.435 353.1 193.108
21 0.330253 -0.45738 2.3557 2 580.713 379.816 309.714 275.285
22 0.304966 -0.443721 2.34325 2 573.75 377.348 306 273.497
23 0.848416 -0.541567 2.18241 2 753.656 407.892 401.95 295.634
24 0.861591 -0.478436 2.154 2 761.458 394.601 406.111 286.002
0
0
-0.206232 -0.0196654 0.938114 -0.277533
-0.206308 -0.0196428 0.938097 -0.277535
-0.203476 -0.0205903 0.927327 -0.31343
0 0 0 0
0.334576 0.71081 -0.615295 0.0649659
0.15655 0.795805 -0.255529 -0.526204
0.0464669 0.743508 -0.121506 -0.655952
0.0044557 0.736757 0.036929 -0.675134
0.0601822 0.685254 0.626627 -0.366256
0.0680074 0.912491 0.275891 0.294311
4.44339e-005 0.895315 0.11485 0.430372
0.0232218 0.897157 0.0395677 0.439324
-0.184061 -0.622783 0.735731 -0.192258
0.418246 -0.345692 -0.223297 0.809756
-0.105075 -0.537795 -0.00751218 0.836469
0 0 0 0
-0.101077 0.574386 0.685021 -0.43659
-0.345775 0.643114 -0.392309 0.559409
0.0540147 0.833441 0.0508922 0.547602
0 0 0 0
-0.205156 -0.0200523 0.93341 -0.293691
0 0 0 0
0 0 0 0
0 0 0 0
0 0 0 0
