3415232
0 -0.223141 -0.097655 1.56774 2 385.983 312.762 205.858 226.685
1 -0.222228 0.243311 1.57135 2 386.447 202.651 206.105 146.879
2 -0.222128 0.56463 1.55974 2 385.225 96.5373 205.454 69.9689
3 -0.14689 0.665843 1.59487 2 420.069 68.1103 224.037 49.3654
4 -0.284535 0.391932 1.42118 2 345.32 140.69 184.171 101.97
5 -0.289431 0.194191 1.34347 2 335.168 207.753 178.756 150.576
6 -0.197692 -0.0472082 1.31673 2 380.613 299.37 202.994 216.979
7 -0.185368 -0.114136 1.32315 2 387.498 324.915 206.665 235.494
8 -0.119682 0.442104 1.64903 1 433.801 144.876 231.361 105.004
9 -0.119572 0.20384 1.77082 1 437.504 222.939 233.336 161.583
10 -0.160119 0.0734516 1.5277 1 411.883 256.882 219.671 186.184
11 -0.163418 0.0108905 1.48135 1 408.104 277.491 217.655 201.122
12 -0.258196 -0.0925731 1.50532 2 365.799 312.384 195.093 226.412
13 -0.270844 -0.381642 1.46156 2 355.716 414.181 189.715 300.192
14 -0.36953 -0.664517 1.4485 2 307.141 515.184 163.808 373.398
15 -0.433971 -0.555619 1.42371 1 272.549 480.381 145.36 348.174
16 -0.178767 -0.100177 1.55559 2 404.901 313.809 215.947 227.445
17 -0.268099 -0.430826 1.61379 1 369.011 417.132 196.806 302.332
18 -0.286083 -0.728036 1.6308 2 362.267 509.09 193.209 368.981
19 -0.205996 -0.765424 1.54809 1 391.7 533.461 208.906 386.646
20 -0.222425 0.486668 1.56505 2 385.542 122.759 205.622 88.9739
21 -0.16164 -0.1804 1.34202 2 400.989 349.348 213.861 253.203
22 -0.229903 -0.134484 1.37145 2 368.434 330.937 196.498 239.858
23 -0.173287 -0.0523881 1.41802 2 399.899 299.91 213.279 217.371
24 -0.201518 0.0625025 1.4244 2 386.592 258.989 206.183 187.712
1
1
0.278281 0.00275986 0.960484 0.00471694
0.341828 0.00306882 0.939747 0.00452202
0.411667 -0.0122819 0.910697 -0.0317998
0 0 0 0
-0.310807 0.7733 -0.380422 0.400856
-0.17517 0.942263 -0.0639351 0.278153
-0.149582 -0.348354 -0.112799 0.91845
-0.101683 -0.371327 0.0099484 0.922864
0.196429 0.764851 0.549764 0.272358
0.177012 0.735792 0.153155 0.635469
-0.51356 0.827509 0.0495584 -0.221426
-0.30914 0.920486 0.055123 -0.232593
0.370172 -0.588571 0.631173 -0.343771
-0.0761109 0.872003 0.0173969 -0.483235
0.168365 -0.143529 0.00245055 0.975216
0 0 0 0
-0.095393 0.720255 0.680831 -0.0927486
0.154812 0.469543 0.0127481 0.869137
0.0389092 0.389312 0.0145195 0.920169
0 0 0 0
0.412132 -0.00570426 0.911032 -0.0116251
0 0 0 0
0 0 0 0
0 0 0 0
0 0 0 0
