3695426
0 0.529902 -0.761575 2.24197 2 647.882 454.572 345.537 329.468
1 0.609295 -0.590003 2.3344 2 664.801 410.072 354.561 297.214
2 0.684286 -0.424326 2.41861 2 679.824 370.585 362.573 268.595
3 0.670562 -0.304255 2.38117 2 678.772 346.255 362.012 250.961
4 0.55189 -0.473651 2.4917 2 637.095 377.923 339.784 273.913
5 0.43697 -0.584533 2.27318 2 616.988 412.159 329.06 298.727
6 0.429629 -0.780037 2.16571 2 621.538 465.021 331.487 337.041
7 0.422848 -0.814186 2.14359 2 620.791 475.086 331.088 344.336
8 0.807199 -0.457365 2.32657 2 724.529 381.514 386.415 276.516
9 0.732495 -0.570757 2.0921 2 726.853 420.481 387.655 304.759
10 0.679826 -0.712682 1.96667 2 723.677 466.134 385.961 337.848
11 0.652038 -0.760345 1.95036 2 715.738 480.097 381.727 347.968
12 0.463447 -0.745665 2.247 2 626.949 450.507 334.373 326.521
13 0.442379 -0.480345 2.26831 2 618.779 388.934 330.016 281.894
14 0.434327 -0.801272 2.16275 2 623.251 470.308 332.401 340.873
15 0.40566 -0.714144 2.08229 1 619.03 456.188 330.149 330.639
16 0.582718 -0.756798 2.18189 2 669.229 458.27 356.922 332.148
17 0.723528 -0.552777 2.06078 2 727.523 418.141 388.012 303.063
18 0.64191 -0.838573 1.89566 2 718.365 506.546 383.128 367.137
19 0.558996 -0.767849 1.88696 2 689.387 488.855 367.673 354.316
20 0.666228 -0.465581 2.3994 2 676.215 380.077 360.648 275.474
21 0.421138 -0.85265 2.08373 2 624.171 490.105 332.891 355.222
22 0.441953 -0.831475 2.13133 2 627.81 480.361 334.832 348.159
23 0.615504 -0.818991 1.90078 2 708.286 500.857 377.753 363.014
24 0.632077 -0.767617 1.983 2 705.002 478.746 376.001 346.988
1
0
-0.231369 0.136097 0.92419 0.271697
-0.262473 0.126836 0.915842 0.276142
-0.299591 0.118732 0.911897 0.254149
0 0 0 0
-0.0261703 -0.582058 0.686946 0.434315
-0.348375 0.776342 -0.416881 0.31959
-0.0782762 0.366208 -0.236539 0.896556
-0.0323993 0.379364 -0.291603 0.877497
-0.3756 0.68701 0.620306 0.0464925
0.460229 -0.551675 -0.280964 0.63632
0.209892 -0.184631 -0.308202 0.909323
0.271731 -0.141516 -0.109174 0.94563
0.160969 -0.595106 0.768237 0.172481
0.864948 0.0543499 -0.498706 0.0142759
0.104441 -0.591599 -0.119413 0.79047
0 0 0 0
-0.485581 0.680831 0.542234 -0.0816246
0.719846 -0.00769061 0.592926 -0.360833
-0.22643 0.943604 -0.168681 0.17288
0 0 0 0
-0.295361 0.11766 0.907435 0.274735
0 0 0 0
0 0 0 0
0 0 0 0
0 0 0 0
