3668027
0 -0.146326 -0.0998686 1.53336 2 418.334 314.168 223.111 227.705
1 -0.139965 0.236255 1.53743 2 421.249 203.323 224.666 147.366
2 -0.133222 0.55444 1.52698 2 423.492 96.0422 225.862 69.6101
3 -0.0523919 0.654034 1.58279 2 460.999 70.3233 245.866 50.9693
4 -0.192726 0.391536 1.38783 2 387.873 137.573 206.866 99.7108
5 -0.251076 0.179852 1.28058 2 348.632 209.88 185.937 152.118
6 -0.202328 -0.0381458 1.22972 2 370.664 296.928 197.688 215.209
7 -0.199363 -0.11192 1.21377 2 370.786 327.961 197.753 237.702
8 -0.00259947 0.424029 1.62873 1 482.854 148.898 257.522 107.92
9 -0.0289414 0.180993 1.73483 1 472.487 228.43 251.993 165.563
10 0.0544733 0.0237706 1.87501 1 503.911 274.803 268.752 199.174
11 0.111708 -0.0248422 1.90623 1 524.216 287.799 279.582 208.593
12 -0.185917 -0.0907536 1.46722 2 396.768 312.529 211.609 226.517
13 -0.170544 -0.394589 1.40138 2 399.775 424.534 213.213 307.696
14 -0.272422 -0.679013 1.42308 2 351.239 524.629 187.328 380.244
15 -0.327842 -0.560476 1.40751 1 322.364 484.494 171.927 351.155
16 -0.0997131 -0.103954 1.52471 2 439.004 315.696 234.135 228.812
17 -0.0580701 -0.341064 1.62886 2 459.374 387.454 244.999 280.821
18 -0.197416 -0.712891 1.6242 2 399.632 505.281 213.137 366.22
19 -0.163086 -0.607422 1.58496 2 412.611 476.747 220.059 345.54
20 -0.135015 0.477254 1.53178 2 422.953 122.533 225.575 88.8103
21 -0.18625 -0.175377 1.2308 2 379.628 353.499 202.468 256.212
22 -0.166878 -0.0889761 1.2121 2 389.187 318.393 207.566 230.767
23 0.152535 -0.0829515 1.91902 1 538.589 303.073 287.247 219.663
24 0.160865 0.0164728 1.87017 1 543.073 276.756 289.639 200.589
0
0
0.289025 0.0108094 0.957256 0.00307129
0.345407 0.0109729 0.938386 0.00242342
0.40677 -0.00202247 0.912931 -0.0330285
0 0 0 0
-0.327754 0.760652 -0.388202 0.404085
-0.195249 0.943346 -0.169585 0.207885
-0.150209 0.509053 -0.0407961 0.846545
-0.0729346 0.525747 -0.0797167 0.843751
0.183838 0.769308 0.558527 0.249832
-0.0106691 -0.283537 0.20952 0.935732
0.0372231 0.543749 0.389395 0.742511
-0.13355 0.62161 0.428113 0.64225
0.364465 -0.575805 0.652597 -0.331258
-0.0839223 0.888244 0.0699575 -0.446189
0.169127 -0.0411458 0.043484 0.983774
0 0 0 0
-0.0671841 0.734247 0.672721 -0.0617637
-0.141529 -0.30856 0.1673 0.925619
0.15545 0.45395 -0.0875552 0.872983
0 0 0 0
0.407342 0.00459562 0.913143 -0.0148982
0 0 0 0
0 0 0 0
0 0 0 0
0 0 0 0
