3446232
0 0.599167 -0.0535373 2.25278 2 667.692 293.291 356.102 212.574
1 0.607312 0.200956 2.23422 2 671.86 235.459 358.325 170.657
2 0.613392 0.450774 2.20377 2 676.718 176.972 360.916 128.267
3 0.591912 0.581854 2.20494 2 670.014 146.627 357.341 106.273
4 0.500816 0.363256 2.32725 2 632.612 201.869 337.393 146.312
5 0.482802 0.109355 2.39486 1 622.942 258.046 332.236 187.028
6 0.450178 -0.118782 2.35809 2 615.531 306.757 328.283 222.333
7 0.432927 -0.169279 2.34768 2 611.052 317.779 325.895 230.322
8 0.681896 0.348925 2.08641 2 710.428 195.937 378.895 142.012
9 0.67233 0.190422 1.95682 2 721.977 231.604 385.055 167.864
10 0.428234 0.120369 1.86659 2 642.288 248.462 342.554 180.082
11 0.334179 0.0769757 1.83729 2 609.272 259.97 324.945 188.423
12 0.556471 -0.0558709 2.26254 2 653.747 293.755 348.665 212.91
13 0.503956 -0.457719 2.26371 2 637.923 384.112 340.225 278.399
14 0.494666 -0.77275 2.27545 2 634.707 454.501 338.51 329.416
15 0.407094 -0.813291 2.19347 2 612.678 470.441 326.762 340.969
16 0.627176 -0.0498928 2.18754 2 682.155 292.813 363.816 212.227
17 0.685086 -0.423741 2.12815 2 707.083 382.765 377.111 277.422
18 0.697832 -0.74759 2.15455 2 708.642 458.334 377.942 332.194
19 0.610319 -0.794127 2.07509 1 687.976 476.552 366.921 345.398
20 0.612013 0.389086 2.21306 2 675.378 191.661 360.202 138.913
21 0.421933 -0.223502 2.31933 2 609.371 330.096 324.998 239.249
22 0.430553 -0.202144 2.3385 2 610.874 325.058 325.799 235.598
23 0.274522 0.0405633 1.8193 2 587.815 269.918 313.502 195.633
24 0.302964 0.0221419 1.83415 2 597.689 275.094 318.767 199.385
1
0
-0.393029 0.02899 0.918667 -0.0271719
-0.416541 0.0296797 0.908248 -0.0264168
-0.44014 0.0429263 0.894747 -0.0621476
0 0 0 0
0.264653 0.707801 -0.591586 -0.281073
-0.0564248 -0.634535 0.121582 0.761183
0.0578777 0.146251 -0.0886883 0.983563
0.144253 0.154147 -0.121622 0.969865
-0.311891 0.688806 0.518623 -0.399124
-0.334266 0.940686 -0.0398393 0.0422965
0.423691 0.342514 -0.436485 0.715996
0.392668 0.376871 -0.379816 0.748011
0.0991912 0.723346 -0.680851 -0.0580825
0.0596837 -0.37288 0.0256059 0.925604
0.00668015 -0.374688 0.0227819 0.926847
0 0 0 0
-0.397396 0.57416 0.606389 -0.380405
-0.10072 0.922601 0.0415567 0.370049
0.0306556 0.929781 0.0331241 0.365337
0 0 0 0
-0.440651 0.0358453 0.895847 -0.0447114
0 0 0 0
0 0 0 0
0 0 0 0
0 0 0 0
