3455553
0 0.606392 -0.104402 2.33112 2 663.64 303.975 353.941 220.317
1 0.587626 0.140783 2.28011 2 661.98 249.826 353.056 181.071
2 0.566861 0.375514 2.21584 2 660.918 194.949 352.49 141.296
3 0.528476 0.491387 2.15278 2 653.916 164.923 348.755 119.534
4 0.419984 0.298762 2.31579 2 609.052 215.729 324.828 156.357
5 0.394048 0.0612694 2.42135 2 596.006 268.391 317.87 194.526
6 0.381939 -0.162182 2.39416 2 593.823 315.54 316.706 228.699
7 0.383298 -0.224771 2.37119 2 595.33 329.27 317.509 238.65
8 0.711195 0.290474 2.17203 2 710.77 213.043 379.077 154.411
9 0.821667 0.0820565 2.21281 2 741.297 262.3 395.358 190.111
10 0.815308 -0.15791 2.17605 2 743.668 318.225 396.623 230.645
11 0.814828 -0.233303 2.17072 2 744.198 336.041 396.906 243.558
12 0.543311 -0.104851 2.3279 2 645.025 304.084 344.013 220.396
13 0.485085 -0.45737 2.29302 2 630.216 382.686 336.115 277.366
14 0.503679 -0.766542 2.27534 2 637.461 453.117 339.979 328.413
15 0.457356 -0.814542 2.16177 2 630.718 473.547 336.383 343.22
16 0.654826 -0.101414 2.27784 2 682.71 303.861 364.112 220.234
17 0.684393 -0.448755 2.16103 2 703.468 387.123 375.183 280.582
18 0.694869 -0.772973 2.1615 2 706.957 463.75 377.044 336.12
19 0.644875 -0.822645 2.0506 2 702.006 485.893 374.403 352.169
20 0.57274 0.317879 2.23416 2 661.208 208.82 352.644 151.35
21 0.381918 -0.28734 2.34686 2 596.137 343.317 317.94 248.831
22 0.410234 -0.219353 2.34286 2 604.641 328.695 322.475 238.234
23 0.815167 -0.303431 2.16091 2 745.545 352.861 397.624 255.749
24 0.770299 -0.24425 2.18023 2 728.799 338.339 388.693 245.224
1
4
-0.204318 -0.0157881 0.972835 -0.107693
-0.215199 -0.0145811 0.970486 -0.107863
-0.223807 -0.0131086 0.961346 -0.159851
0 0 0 0
0.246393 0.740175 -0.620029 -0.0836381
0.117759 0.718859 -0.177468 -0.661725
-0.0281358 0.755044 -0.0598814 0.652327
-0.138967 0.74369 -0.106848 0.645133
-0.0508782 0.722841 0.639183 -0.257599
0.0149617 0.925417 0.25388 0.280936
0.0444021 -0.427381 -0.0629524 0.900784
0.0179703 -0.428109 -0.0304887 0.903034
0.0526941 0.704016 -0.702614 0.0889889
0.0949061 -0.542094 0.00342214 0.834934
-0.00962528 -0.544133 -0.040252 0.837978
0 0 0 0
-0.225136 0.602279 0.685601 -0.341358
-0.156307 0.81687 -0.056467 0.552362
-0.00806963 0.842925 0.0140074 0.537788
0 0 0 0
-0.224914 -0.0111812 0.965292 -0.132286
0 0 0 0
0 0 0 0
0 0 0 0
0 0 0 0
