3736374
0 -0.211641 -0.103793 1.55197 2 390.097 315.082 208.052 228.367
1 -0.229544 0.245627 1.56349 2 382.713 201.491 204.114 146.038
2 -0.245048 0.574192 1.5602 2 375.048 93.4278 200.026 67.7152
3 -0.159234 0.664438 1.61149 2 415.417 70.7596 221.556 51.2856
4 -0.292516 0.408542 1.42204 2 341.468 134.772 182.116 97.6809
5 -0.297236 0.194995 1.3266 2 329.168 206.488 175.556 149.66
6 -0.212886 -0.0512049 1.30294 2 371.449 301.124 198.106 218.25
7 -0.20235 -0.106329 1.31225 2 377.757 322.275 201.471 233.58
8 -0.0678785 0.437365 1.63158 1 455.212 144.925 242.78 105.04
9 -0.138404 0.186765 1.68088 1 427.304 224.956 227.895 163.045
10 -0.18393 0.0502308 1.447 1 396.514 263.638 211.474 191.082
11 -0.167548 -0.014264 1.43682 2 403.766 286.234 215.342 207.459
12 -0.25758 -0.0936115 1.49547 2 365.301 312.943 194.827 226.817
13 -0.241941 -0.396262 1.43091 2 366.931 422.251 195.697 306.042
14 -0.305313 -0.695085 1.43488 2 336.5 528.238 179.467 382.86
15 -0.372826 -0.584883 1.42077 1 301.942 491.326 161.036 356.107
16 -0.155485 -0.109541 1.53322 2 414.207 317.37 220.91 230.025
17 -0.276295 -0.441513 1.43906 1 350.932 437.631 187.164 317.189
18 -0.327921 -0.742503 1.4088 1 322.986 549.414 172.259 398.207
19 -0.358997 -0.611842 1.39577 1 305.616 504.871 162.995 365.923
20 -0.24163 0.494811 1.56324 2 376.89 119.875 201.008 86.8837
21 -0.178852 -0.173529 1.32001 2 390.6 347.863 208.32 252.126
22 -0.16853 -0.0823883 1.36547 2 399.04 311.758 212.821 225.958
23 -0.172535 -0.0771054 1.35881 2 396.592 309.941 211.516 224.641
24 -0.127589 -0.056594 1.47163 2 424.361 300.662 226.326 217.916
1
1
0.178537 -0.0222316 0.983463 0.0207645
0.255819 -0.0205183 0.966246 0.022459
0.34309 -0.0267539 0.938862 -0.0105659
0 0 0 0
-0.363065 0.792417 -0.344998 0.34819
-0.191549 0.915196 -0.0831649 0.344688
-0.170062 0.246695 -0.00347298 0.954048
-0.0723462 0.223526 0.101411 0.966705
0.0846416 0.782874 0.588048 0.184781
0.161283 0.71554 -0.0329722 0.678899
-0.0414761 0.234998 -0.499688 0.832687
-0.138226 0.248801 -0.0429801 0.957677
0.342965 -0.600292 0.672018 -0.265359
-0.0713061 0.814497 0.0808897 -0.570059
0.103561 -0.070876 0.013957 0.991996
0 0 0 0
-0.11348 0.731885 0.662419 -0.112548
0.0605764 0.569393 -0.205736 0.793596
0.0411148 0.568176 -0.0889199 0.817055
0 0 0 0
0.342939 -0.0229324 0.939045 0.00784113
0 0 0 0
0 0 0 0
0 0 0 0
0 0 0 0
