3565493
0 0.732298 -0.861559 2.60359 2 679.071 450.129 362.171 326.247
1 0.715101 -0.648076 2.635 2 672.006 406.617 358.403 294.71
2 0.685538 -0.433354 2.65249 2 662.73 364.369 353.456 264.089
3 0.663028 -0.305174 2.62454 1 658.541 340.341 351.222 246.675
4 0.588636 -0.524766 2.76429 2 631.152 377.772 336.614 273.804
5 0.497689 -0.627349 2.55142 2 618.92 406.397 330.09 294.551
6 0.457828 -0.762706 2.34675 2 619.179 446.976 330.229 323.962
7 0.460131 -0.835348 2.2313 2 627.002 472.305 334.401 342.32
8 0.765158 -0.495979 2.57848 2 689.513 379.257 367.741 274.881
9 0.726351 -0.388572 2.36019 2 697.109 365.119 371.792 264.633
10 0.557563 -0.26049 2.22893 2 656.816 340.637 350.302 246.889
11 0.374216 -0.0853117 2.09292 1 607.133 301.874 323.804 218.794
12 0.68981 -0.87623 2.63639 2 665.445 450.85 354.904 326.77
13 0.457103 -0.628916 2.46709 2 612.156 411.004 326.483 297.89
14 0.603495 -0.910708 2.50922 2 650.802 466.482 347.094 338.1
15 0.545178 -0.87811 2.37474 2 643.214 469.966 343.048 340.625
16 0.76126 -0.83017 2.51984 2 693.543 449.395 369.89 325.716
17 0.739581 -0.601731 2.29272 2 707.689 415.158 377.434 300.901
18 0.682058 -0.820689 2.13717 2 705.282 477.175 376.151 345.85
19 0.64032 -0.844337 2.03466 2 702.101 492.877 374.454 357.231
20 0.69374 -0.486765 2.6502 2 665.106 374.74 354.723 271.607
21 0.46677 -0.856887 2.16518 2 633.517 483.245 337.876 350.25
22 0.495602 -0.852759 2.2114 2 639.434 478.068 341.032 346.497
23 0.329397 -0.0373926 2.05391 2 594.368 290.434 316.996 210.502
24 0.342849 -0.0905837 2.0726 2 597.873 303.358 318.865 219.87
0
0
-0.484623 -0.070231 0.870777 0.0442246
-0.436757 -0.0677331 0.895743 0.0479629
-0.385659 -0.0783542 0.919256 -0.00986156
0 0 0 0
0.259595 0.726968 -0.56004 -0.300805
-0.4564 0.825318 -0.298543 0.14636
-0.19264 0.501876 -0.43663 0.721363
-0.267915 0.470443 -0.40246 0.738194
-0.251261 0.678527 0.625733 -0.291423
0.822343 -0.529835 0.204305 -0.0358579
0.564195 0.0999949 -0.662286 0.482766
0.582146 0.0991811 -0.682272 0.431015
0.177319 0.743675 -0.580288 -0.280663
0.852369 -0.113209 -0.315207 0.401616
-0.227812 -0.594161 -0.0908643 0.76604
0 0 0 0
-0.460765 0.463454 0.674266 -0.343907
0.565978 -0.261888 0.730374 -0.278637
-0.188285 0.790819 -0.256849 0.522669
0 0 0 0
-0.387875 -0.0785554 0.918192 0.0174744
0 0 0 0
0 0 0 0
0 0 0 0
0 0 0 0
