3556210
0 -0.151622 -0.110372 1.53332 2 415.947 317.641 221.839 230.222
1 -0.152525 0.235747 1.53004 2 415.282 203.104 221.484 147.207
2 -0.151132 0.562855 1.51265 2 414.696 91.4016 221.171 66.2466
3 -0.0623241 0.652231 1.5718 2 456.455 69.4273 243.443 50.3199
4 -0.219463 0.383117 1.37241 2 373.288 139.049 199.087 100.781
5 -0.20676 0.148956 1.29497 2 373.917 222.876 199.423 161.537
6 -0.13157 -0.0436995 1.28134 2 413.358 298.465 220.457 216.324
7 -0.119671 -0.117259 1.30012 2 420.641 326.863 224.342 236.906
8 -0.0486267 0.440438 1.60308 1 462.995 141.504 246.931 102.56
9 -0.0824064 0.217858 1.74691 1 451.504 218.079 240.802 158.061
10 -0.11719 0.0483149 1.52663 1 431.202 265.206 229.974 192.218
11 -0.0785425 0.0128198 1.46765 1 447.193 276.795 238.503 200.617
12 -0.190288 -0.0994192 1.4672 2 394.704 315.524 210.509 228.688
13 -0.203011 -0.380013 1.42395 2 385.35 417.033 205.52 302.26
14 -0.312391 -0.658273 1.43322 2 332.824 515.554 177.506 373.667
15 -0.376642 -0.547809 1.41276 1 299.007 479.155 159.47 347.285
16 -0.10539 -0.115773 1.5256 2 436.465 319.6 232.781 231.642
17 -0.0700693 -0.37119 1.64092 2 454.495 396.057 242.397 287.057
18 -0.138072 -0.558906 1.40426 1 415.768 484.324 221.743 351.031
19 -0.0706439 -0.563474 1.29045 1 445.979 504.111 237.856 365.373
20 -0.151738 0.483529 1.51909 2 414.803 119.056 221.229 86.2904
21 -0.0894051 -0.182575 1.31196 2 437.049 351.698 233.093 254.906
22 -0.165957 -0.130276 1.33521 2 398.395 330.635 212.477 239.64
23 -0.0763023 -0.0200712 1.4515 2 447.844 288.201 238.85 208.884
24 -0.0971983 0.0338646 1.42072 2 436.947 269.159 233.038 195.083
0
1
0.294199 -0.00264139 0.955732 -0.00414356
0.348296 -0.0028737 0.937372 -0.00398596
0.407006 -0.0130093 0.91252 -0.0385143
0 0 0 0
-0.298875 0.776993 -0.38307 0.400267
-0.159032 0.937386 -0.0249633 0.308857
-0.154633 -0.403463 -0.106363 0.895541
-0.124541 -0.434495 0.0765447 0.888732
0.202065 0.764384 0.552315 0.264262
0.251128 0.702263 0.142662 0.650699
-0.44417 0.881345 0.010559 -0.160723
-0.429187 0.850921 0.301611 -0.0276093
0.372923 -0.566788 0.657046 -0.328588
-0.0779144 0.879394 0.0161348 -0.469399
0.184065 -0.084303 0.0316855 0.978779
0 0 0 0
-0.0519478 0.743627 0.663381 -0.0651586
-0.176828 -0.585747 0.12885 0.780404
-0.0466559 0.336702 -0.441233 0.830523
0 0 0 0
0.407445 -0.0075524 0.912961 -0.020818
0 0 0 0
0 0 0 0
0 0 0 0
0 0 0 0
