3572824
0 0.626273 -0.576686 2.3386 2 669.51 406.939 357.072 294.944
1 0.544786 -0.339437 2.29201 2 648.229 356.527 345.722 258.406
2 0.462183 -0.105383 2.23543 2 626.52 305.13 334.144 221.154
3 0.423044 0.0358809 2.24846 2 613.594 273.12 327.25 197.954
4 0.427976 -0.226668 2.36073 2 608.933 329.917 324.764 239.12
5 0.469352 -0.433506 2.4532 2 616.096 371.019 328.584 268.91
6 0.562752 -0.558205 2.52384 1 638.232 393.817 340.39 285.433
7 0.556604 -0.612578 2.56091 1 634.381 403.031 338.336 292.112
8 0.587766 -0.178394 2.14818 2 673.093 323.452 358.983 234.434
9 0.471634 -0.0816112 1.95082 2 650.846 302.461 347.118 219.22
10 0.271169 0.0105872 1.84964 2 584.848 278.312 311.919 201.717
11 0.181537 0.0569133 1.80423 2 553.133 265.252 295.004 192.251
12 0.581079 -0.576821 2.3541 2 654.913 406.087 349.287 294.327
13 0.352519 -0.54657 2.07963 2 601.235 415.015 320.659 300.797
14 0.447673 -0.830831 2.16304 2 627.531 477.284 334.683 345.929
15 0.387961 -0.903083 2.09493 1 612.43 501.272 326.629 363.315
16 0.657611 -0.563762 2.27123 2 684.655 407.818 365.149 295.581
17 0.510937 -0.545356 1.89694 2 670.705 427.887 357.71 310.127
18 0.629267 -0.865204 1.99943 1 702.017 501.833 374.409 363.722
19 0.569094 -0.938547 1.93351 1 687.599 528.343 366.72 382.936
20 0.483069 -0.163205 2.25123 2 631.987 318.012 337.06 230.491
21 0.579154 -0.639882 2.54967 1 641.236 409.08 341.993 296.496
22 0.526787 -0.591037 2.54262 1 627.293 399.549 334.556 289.588
23 0.127298 0.0859709 1.8059 2 532.401 257.136 283.947 186.368
24 0.14583 0.0236118 1.79686 2 539.731 274.566 287.856 199.001
0
2
-0.382089 -0.11361 0.904954 -0.148857
-0.390184 -0.112272 0.901494 -0.149869
-0.392115 -0.103097 0.895383 -0.184139
0 0 0 0
0.371213 0.813845 -0.363754 -0.259888
0.197819 0.970916 0.108766 0.0797501
-0.357565 -0.368285 0.0876231 0.853719
-0.126337 -0.541067 0.269608 0.786509
-0.121461 0.614924 0.658654 -0.416281
0.793033 -0.539371 0.256411 0.120126
0.565435 0.193347 -0.608435 0.522214
0.572722 0.186918 -0.617522 0.505684
0.215334 0.707961 -0.672466 -0.0145808
0.655041 -0.264772 -0.336332 0.622654
-0.198165 -0.392485 0.062788 0.895959
0 0 0 0
-0.278706 0.465387 0.712741 -0.444678
-0.472886 0.611251 -0.547035 0.321719
0.0689114 0.896018 0.214839 0.382423
0 0 0 0
-0.395739 -0.10675 0.896896 -0.166049
0 0 0 0
0 0 0 0
0 0 0 0
0 0 0 0
