3650028
0 0.633098 -0.841128 2.46717 2 661.956 455.23 353.043 329.945
1 0.682202 -0.635074 2.4969 2 673.309 410.92 359.098 297.829
2 0.727059 -0.430743 2.51712 2 683.94 368.393 364.768 267.007
3 0.716146 -0.309696 2.48208 2 683.589 344.737 364.581 249.861
4 0.58545 -0.475066 2.58717 2 640.41 374.631 341.552 271.527
5 0.437389 -0.559186 2.38893 2 610.567 400.32 325.635 290.146
6 0.445079 -0.763877 2.23905 2 621.78 455.271 331.616 329.974
7 0.434563 -0.822636 2.18435 2 621.955 473.439 331.709 343.142
8 0.85375 -0.475351 2.44318 2 726.263 380.485 387.34 275.77
9 0.836699 -0.631267 2.33391 2 732.665 419.288 390.755 303.894
10 0.71189 -0.710833 2.12336 2 716.536 452.1 382.153 327.676
11 0.672597 -0.766909 2.05749 2 710.678 471.437 379.028 341.691
12 0.571058 -0.825839 2.48548 2 643.283 450.759 343.084 326.704
13 0.462301 -0.570003 2.35577 2 619.725 404.391 330.52 293.097
14 0.440514 -0.870912 2.19191 2 623.381 484.045 332.47 350.829
15 0.476618 -0.739823 2.20852 1 633.597 452.131 337.918 327.698
16 0.682448 -0.835724 2.39398 2 681.725 459.423 363.587 332.984
17 0.724605 -0.592592 2.18111 2 714.409 419.894 381.018 304.333
18 0.631298 -0.981849 2.11737 1 690.404 517.481 368.215 375.063
19 0.630883 -0.864603 2.0071 2 701.755 500.851 374.269 363.01
20 0.716472 -0.481641 2.51388 2 681.325 378.842 363.374 274.58
21 0.422306 -0.859525 2.10518 2 623.128 489.645 332.335 354.888
22 0.456953 -0.837361 2.17418 2 629.759 477.816 335.871 346.314
23 0.638858 -0.820832 2.00101 2 705.27 490.452 376.144 355.473
24 0.652335 -0.762306 2.08764 2 700.714 467.6 373.714 338.91
0
0
-0.331238 0.0857412 0.933779 0.104818
-0.288253 0.0904381 0.94793 0.100794
-0.24975 0.0910695 0.96239 0.0560031
0 0 0 0
-0.110584 -0.648027 0.713894 0.241219
-0.3923 0.798342 -0.430303 0.15359
-0.16717 0.468986 -0.262343 0.826609
-0.12968 0.483735 -0.346845 0.79302
-0.239872 0.68612 0.680302 -0.0942862
-0.25497 0.870339 -0.164829 0.387726
0.423684 -0.215786 -0.407328 0.779751
0.324079 -0.229339 -0.31604 0.861681
-0.0341585 -0.602186 0.783482 0.149535
0.79651 -0.0808877 -0.531563 0.276532
0.144397 -0.45395 -0.202281 0.855664
0 0 0 0
-0.426356 0.643086 0.590569 -0.236409
0.610735 -0.176085 0.70713 -0.309782
0.0123488 0.765389 -0.140252 0.627978
0 0 0 0
-0.247416 0.0922419 0.961218 0.0796066
0 0 0 0
0 0 0 0
0 0 0 0
0 0 0 0
