3601429
0 0.575815 -0.764376 2.34565 2 654.199 447.506 348.906 324.346
1 0.658212 -0.572462 2.34951 2 678.101 405.461 361.654 293.872
2 0.746076 -0.39059 2.36588 2 702.412 365.367 374.62 264.813
3 0.776593 -0.283085 2.30292 2 717.582 343.877 382.71 249.237
4 0.604067 -0.408254 2.41826 2 656.719 367.128 350.25 266.09
5 0.45857 -0.507825 2.43717 2 613.999 387.181 327.466 280.623
6 0.423819 -0.727245 2.5128 2 600.729 428.656 320.389 310.684
7 0.427862 -0.755786 2.52721 2 601.2 433.606 320.64 314.272
8 0.87097 -0.46948 2.35038 2 740.988 383.161 395.194 277.71
9 0.811517 -0.554429 2.12239 2 749.221 414.568 399.584 300.473
10 0.704046 -0.725948 2.06415 2 720.534 460.711 384.285 333.917
11 0.659604 -0.791391 2.06639 2 705.331 476.655 376.176 345.473
12 0.500506 -0.729787 2.34746 2 631.733 439.766 336.924 318.736
13 0.461081 -0.50718 2.13828 2 633.182 401.997 337.697 291.362
14 0.484187 -0.828122 2.19147 2 637.229 474.111 339.855 343.629
15 0.454859 -0.899473 2.13231 1 631.94 496.545 337.035 359.889
16 0.638271 -0.781829 2.29164 2 677.176 455.37 361.161 330.046
17 0.756873 -0.547821 2.08886 2 735.329 415.093 392.175 300.854
18 0.651679 -0.820469 2.07965 2 701.256 482.525 374.003 349.728
19 0.590959 -0.863576 2.00359 2 688.4 501.049 367.147 363.154
20 0.724532 -0.435962 2.36302 2 696.37 375.261 371.397 271.984
21 0.382728 -0.819584 2.53017 2 588.749 446.339 313.999 323.5
22 0.414137 -0.726434 2.491 2 599.063 429.783 319.5 311.501
23 0.598513 -0.848177 2.04653 2 686.744 492.677 366.263 357.086
24 0.653681 -0.772562 2.1065 2 699.217 468.417 372.916 339.503
0
2
-0.175058 0.196431 0.963702 0.0452669
-0.152195 0.197447 0.967576 0.0406041
-0.125743 0.21399 0.967021 0.0571564
0 0 0 0
-0.0716423 -0.595049 0.772784 0.208779
0.127611 0.874114 -0.450495 0.129208
0.0942711 0.81742 -0.153675 -0.547103
0.22405 0.783798 -0.0837973 -0.573097
-0.0779423 0.781171 0.618675 0.0306225
0.537506 -0.667229 -0.203721 0.473698
0.280021 -0.0871209 -0.120038 0.948467
0.292759 -0.045101 0.0286366 0.954693
0.00166381 -0.539594 0.841807 0.0140143
0.735771 -0.248026 -0.5657 0.277684
-0.0735782 -0.528273 0.0505463 0.844369
0 0 0 0
-0.299313 0.758442 0.55409 -0.167815
0.651341 -0.0962337 0.654694 -0.371308
0.0794959 0.845692 -0.165616 0.501056
0 0 0 0
-0.122222 0.21605 0.965928 0.0732593
0 0 0 0
0 0 0 0
0 0 0 0
0 0 0 0
