3727554
0 0.497209 -0.0524214 2.00672 2 655.017 294.482 349.342 213.436
1 0.498062 0.210074 1.99725 2 656.249 227.737 350 165.06
2 0.498562 0.463557 1.97763 2 658.542 161.762 351.222 117.243
3 0.491794 0.595958 1.96088 2 657.847 126.152 350.852 91.4329
4 0.349049 0.365369 2.05661 2 601.117 190.968 320.596 138.411
5 0.308151 0.119505 2.12882 2 583.595 252.777 311.251 183.209
6 0.283365 -0.124661 2.10796 2 576.467 311.158 307.449 225.523
7 0.288902 -0.187541 2.09859 2 578.74 326.487 308.662 236.633
8 0.645089 0.343404 1.92614 2 716.096 190.277 381.918 137.91
9 0.729382 0.130429 1.94801 2 743.488 247.06 396.527 179.066
10 0.720555 -0.106052 1.88215 2 749.356 309.954 399.656 224.651
11 0.715122 -0.181052 1.86635 2 749.626 330.705 399.8 239.69
12 0.430568 -0.0542248 1.9989 2 632.508 294.977 337.338 213.795
13 0.389318 -0.403915 1.98964 2 619.199 384.46 330.24 278.651
14 0.401541 -0.733142 2.03699 2 620.667 464.885 331.022 336.942
15 0.356312 -0.785329 1.92448 2 612.403 489.531 326.615 354.806
16 0.549276 -0.0491957 1.9556 2 678.087 294.005 361.647 213.091
17 0.570096 -0.39658 1.87071 2 695.149 389.317 370.746 282.171
18 0.583642 -0.728493 1.9009 2 696.914 476.807 371.688 345.583
19 0.536407 -0.776449 1.78615 2 692.08 502.892 369.109 364.489
20 0.498743 0.401431 1.98454 2 657.886 178.197 350.873 129.155
21 0.285937 -0.255273 2.08401 2 578.479 343.306 308.522 248.823
22 0.31755 -0.166024 2.05833 2 590.208 322.088 314.777 233.445
23 0.708808 -0.255253 1.84248 2 750.751 351.909 400.401 255.059
24 0.663234 -0.161312 1.87133 2 729.532 325.162 389.084 235.673
1
4
-0.173043 0.00471808 0.984748 -0.0174707
-0.187927 0.00498195 0.982016 -0.0173973
-0.202878 0.00983434 0.977633 -0.0545633
0 0 0 0
0.161665 0.764754 -0.606469 -0.145644
0.054949 0.748656 -0.152444 -0.64285
-0.0148736 0.888655 -0.0642149 0.453814
-0.0855024 0.88139 0.00415138 0.464568
-0.0911989 0.80054 0.564708 -0.178671
-0.0236509 0.912404 0.191401 0.361006
0.0900168 -0.548357 -0.102666 0.825022
0.0866567 -0.547696 -0.0666953 0.829501
-0.028136 0.714446 -0.696976 0.0547728
0.0556131 -0.572182 0.0228382 0.81792
-0.0553516 -0.561062 0.0486127 0.824489
0 0 0 0
-0.265213 0.636647 0.67212 -0.269441
-0.114181 0.807585 -0.0455651 0.576795
0.0263554 0.830106 0.042093 0.555389
0 0 0 0
-0.203072 0.0084777 0.978601 -0.0321
0 0 0 0
0 0 0 0
0 0 0 0
0 0 0 0
