3691818
0 0.576389 -0.739812 2.26889 2 660.147 447.62 352.078 324.429
1 0.5966 -0.525269 2.15458 2 675.839 405.525 360.447 293.919
2 0.613058 -0.316932 2.03391 2 692.667 360.606 369.422 261.363
3 0.643248 -0.235504 1.95628 2 711.703 342.567 379.575 248.288
4 0.476651 -0.342052 2.07612 2 642.644 365.007 342.743 264.552
5 0.31917 -0.486746 2.10249 2 588.862 398.935 314.06 289.143
6 0.234604 -0.729572 2.11189 2 560.925 457.341 299.16 331.474
7 0.218338 -0.789954 2.11566 2 555.5 471.684 296.267 341.87
8 0.752181 -0.411424 2.05004 2 738.444 383.639 393.837 278.057
9 0.834891 -0.571875 2.08625 2 761.546 421.125 406.158 305.226
10 0.855452 -0.803556 2.18419 2 755.299 468.765 402.826 339.754
11 0.850894 -0.866086 2.20527 1 751.134 481.323 400.605 348.857
12 0.498458 -0.713903 2.26181 2 636.727 442.216 339.588 320.512
13 0.372116 -0.563885 1.93556 2 617.113 429.689 329.127 311.433
14 0.457621 -0.858069 2.05892 1 638.146 493.955 340.344 358.012
15 0.417541 -0.733593 1.97611 1 630.524 470.698 336.279 341.156
16 0.640049 -0.7475 2.21967 2 683.999 453.124 364.8 328.418
17 0.662657 -0.545072 1.8997 2 725.955 427.687 387.176 309.981
18 0.632461 -0.859813 2.00227 1 702.828 500.162 374.841 362.511
19 0.627949 -0.795547 1.89526 1 713.523 495.223 380.546 358.931
20 0.609268 -0.367448 2.06483 2 688.3 371.896 367.094 269.545
21 0.203989 -0.839918 2.10255 2 551.243 485.077 293.996 351.577
22 0.187319 -0.793475 2.09927 2 545.817 474.031 291.102 343.571
23 0.866293 -0.891869 2.19893 2 756.563 487.73 403.5 353.5
24 0.865589 -0.888091 2.1895 2 757.5 487.73 404 353.5
3
0
-0.162392 0.0826193 0.955712 -0.231122
-0.123921 0.073281 0.961457 -0.234251
-0.0882685 0.0578982 0.958007 -0.266606
0 0 0 0
-0.224877 -0.623234 0.736984 -0.13366
0.0258778 0.909439 -0.404454 -0.0930996
0.106268 -0.688965 0.129763 0.705122
0.0726385 -0.691868 0.113161 0.709392
0.11811 0.767314 0.582851 -0.239923
0.155961 0.937253 0.199823 -0.239381
0.147307 0.835335 0.138897 0.5111
0.15497 0.83147 0.0574178 0.53042
-0.166348 -0.559857 0.793404 -0.171458
0.64784 -0.272895 -0.52664 0.477998
-0.215988 -0.526921 0.0892815 0.817149
0 0 0 0
-0.105054 0.648918 0.664386 -0.355611
0.607392 -0.30957 0.630808 -0.370571
0.14836 0.745949 0.0675414 0.645746
0 0 0 0
-0.0874253 0.0589596 0.962259 -0.250876
0 0 0 0
0 0 0 0
0 0 0 0
0 0 0 0
