3592126
0 0.511469 -0.0353863 2.26969 2 639.412 289.125 341.02 209.554
1 0.502094 0.202146 2.26283 2 637.095 235.843 339.784 170.935
2 0.491149 0.433471 2.24797 2 635.014 183.109 338.674 132.715
3 0.47311 0.556761 2.21888 2 631.552 153.4 336.828 111.182
4 0.340906 0.33942 2.31213 2 585.609 206.736 312.325 149.839
5 0.285984 0.162128 2.33502 2 568.229 246.055 303.056 178.337
6 0.297801 -0.0107368 2.25049 2 574.988 283.626 306.661 205.568
7 0.311825 -0.0579242 2.20301 2 581.358 294.525 310.058 213.467
8 0.639969 0.334128 2.20742 2 684.63 204.115 365.136 147.939
9 0.698419 0.108113 2.13695 2 710.205 255.44 378.776 185.139
10 0.530923 0.0831212 2.07096 2 661.013 260.813 352.54 189.034
11 0.464344 0.0765747 2.02047 2 642.536 261.967 342.686 189.87
12 0.450161 -0.0382732 2.26014 2 621.239 289.799 331.327 210.043
13 0.430878 -0.425642 2.24347 2 616.647 377.664 328.878 273.726
14 0.466507 -0.785578 2.23043 2 629.009 460.951 335.472 334.091
15 0.447903 -0.857539 2.16596 2 627.418 483.324 334.623 350.307
16 0.560291 -0.0317663 2.22427 2 657.885 288.467 350.872 209.077
17 0.599187 -0.4081 2.11091 2 680.527 379.728 362.948 275.221
18 0.642403 -0.764898 2.10197 2 695.968 466.968 371.183 338.452
19 0.609361 -0.804307 1.98536 2 696.776 487.913 371.614 353.633
20 0.494269 0.376555 2.25332 2 635.533 196.237 338.951 142.23
21 0.336521 -0.123487 2.14084 2 592.194 310.437 315.837 225.001
22 0.296542 -0.0802397 2.15091 2 578.825 300.1 308.707 217.508
23 0.429219 0.0766699 2.00464 2 631.62 261.801 336.864 189.75
24 0.428096 0.0584719 2.0845 2 625.544 266.98 333.624 193.504
1
0
-0.155889 -0.0172251 0.987472 -0.0173328
-0.160783 -0.017139 0.986687 -0.017418
-0.165037 -0.0191886 0.984801 -0.050611
0 0 0 0
0.136828 0.772968 -0.609113 -0.11305
-0.0207036 0.854679 -0.159855 -0.493499
-0.178498 0.840844 0.140732 -0.491238
-0.274228 0.80085 0.282534 -0.451235
-0.0721226 0.78243 0.600828 -0.146997
-0.166105 0.966742 0.0947935 0.169802
0.622512 -0.0386342 -0.209114 0.753165
0.604182 -0.12796 -0.309696 0.722965
-0.0455424 0.720524 -0.688976 0.0639038
0.03273 -0.586608 -0.0028108 0.809204
-0.030986 -0.554317 -0.0423629 0.830649
0 0 0 0
-0.249242 0.633698 0.681897 -0.267062
-0.146421 0.794654 -0.0462533 0.587321
-0.0454449 0.807802 0.0414213 0.586238
0 0 0 0
-0.165508 -0.0175766 0.985579 -0.0305447
0 0 0 0
0 0 0 0
0 0 0 0
0 0 0 0
