3649498
0 0.609448 -0.790696 2.35069 2 663.794 452.899 354.023 328.255
1 0.673869 -0.596855 2.40858 2 677.856 407.585 361.523 295.412
2 0.732041 -0.409121 2.4572 2 690.253 366.05 368.135 265.308
3 0.735681 -0.287639 2.40549 2 695.656 342.118 371.016 247.962
4 0.592789 -0.446367 2.50802 2 647.395 371.77 345.277 269.454
5 0.482379 -0.593162 2.50218 1 617.307 401.872 329.23 291.271
6 0.481652 -0.696309 2.26956 2 631.034 437.671 336.552 317.218
7 0.474313 -0.782024 2.17839 2 634.98 464.437 338.656 336.617
8 0.866597 -0.452619 2.39936 2 734.432 377.476 391.697 273.589
9 0.934105 -0.618539 2.39667 1 754.344 412.959 402.317 299.307
10 0.96803 -0.826139 2.51238 1 751.13 448.993 400.603 325.424
11 0.981709 -0.908309 2.5031 1 755.703 466.224 403.042 337.913
12 0.539554 -0.779808 2.34382 2 643.594 450.986 343.25 326.869
13 0.512901 -0.550184 2.22713 2 643.412 407.076 343.153 295.043
14 0.389244 -0.93058 2.13676 1 610.33 503.529 325.509 364.951
15 0.426725 -0.842005 2.13119 1 622.863 482.898 332.194 349.998
16 0.665256 -0.783464 2.30312 2 684.346 454.868 364.985 329.682
17 0.775375 -0.543477 2.10803 2 739.134 412.824 394.205 299.209
18 0.654929 -0.919899 2.02698 1 707.625 512.385 377.4 371.369
19 0.659528 -0.821347 1.95648 2 717.492 495.222 382.663 358.93
20 0.718134 -0.456109 2.44599 2 687.299 376.245 366.559 272.697
21 0.450652 -0.838583 2.12254 2 631.253 482.901 336.668 350
22 0.484558 -0.81729 2.16282 2 639.379 474.111 341.002 343.629
23 0.989294 -0.910372 2.49526 1 758.619 467.197 404.597 338.618
24 0.965262 -0.900761 2.48914 1 752.684 465.74 401.432 337.562
0
1
-0.164861 0.129407 0.964014 0.163557
-0.179412 0.126921 0.961413 0.165494
-0.197153 0.115053 0.963581 0.139299
0 0 0 0
-0.0385283 -0.626411 0.730249 0.26993
-0.204933 0.755246 -0.242107 -0.573577
-0.218957 0.339005 -0.499376 0.766653
-0.133854 0.377223 -0.374409 0.836423
-0.229461 0.698958 0.677171 0.015665
0.101954 0.810434 0.162863 -0.553424
-0.190884 -0.495557 0.176639 0.828725
-0.0462301 -0.467615 -0.0876644 0.878359
0.129736 -0.64892 0.74818 0.0479417
0.852375 -0.178177 -0.465656 0.157716
0.190187 -0.564183 -0.00359572 0.803438
0 0 0 0
-0.39619 0.664774 0.626188 -0.0948588
0.662512 -0.100882 0.653128 -0.352597
0.0123246 0.776826 -0.182596 0.602534
0 0 0 0
-0.19584 0.120233 0.961242 0.152331
0 0 0 0
0 0 0 0
0 0 0 0
0 0 0 0
