3640566
0 -0.169644 -0.100513 1.53898 2 408.133 314.269 217.671 227.778
1 -0.188086 0.247848 1.53046 2 399.241 199.065 212.928 144.28
2 -0.203897 0.575066 1.50817 2 390.204 86.6388 208.109 62.7946
3 -0.128274 0.678504 1.56117 2 426.955 59.3467 227.709 43.0137
4 -0.245979 0.396643 1.38147 2 360.671 134.925 192.358 97.7918
5 -0.252349 0.18197 1.30511 2 350.515 210.403 186.941 152.497
6 -0.172778 -0.0452065 1.28157 2 391.196 299.07 208.638 216.762
7 -0.155988 -0.118477 1.28753 2 400.57 327.815 213.637 237.596
8 -0.0729383 0.44462 1.61025 1 452.652 140.788 241.414 102.041
9 -0.0985372 0.200436 1.71698 1 444.479 222.12 237.055 160.989
10 -0.150408 0.0455802 1.49269 1 414.681 265.763 221.163 192.621
11 -0.135074 -0.00258325 1.41777 1 418.468 282.132 223.183 204.486
12 -0.209056 -0.090454 1.47536 2 386.423 312.264 206.092 226.325
13 -0.207208 -0.38444 1.43175 2 383.852 417.879 204.721 302.873
14 -0.310071 -0.669281 1.43716 2 334.374 518.795 178.333 376.016
15 -0.371147 -0.55437 1.41233 1 301.652 481.584 160.881 349.045
16 -0.122027 -0.105993 1.52784 2 429.045 316.308 228.824 229.256
17 -0.070392 -0.323795 1.62292 1 454.057 382.416 242.164 277.17
18 -0.1891 -0.554296 1.44954 1 393.491 476.339 209.862 345.244
19 -0.128362 -0.571081 1.33181 1 417.094 500.105 222.45 362.469
20 -0.200354 0.495968 1.51595 2 392.408 114.45 209.285 82.9516
21 -0.130949 -0.184037 1.30421 2 414.808 352.721 221.231 255.648
22 -0.126463 -0.0945107 1.34962 2 419.519 316.647 223.743 229.501
23 -0.199467 -0.0574731 1.34942 2 382.213 302.783 203.847 219.453
24 -0.0965073 -0.063942 1.43871 2 437.859 303.685 233.525 220.107
1
1
0.265466 -0.0287324 0.96368 -0.00476145
0.332127 -0.0289948 0.942785 -0.00274296
0.40663 -0.0403068 0.912007 -0.0356417
0 0 0 0
-0.323394 0.791413 -0.329909 0.400302
-0.159549 0.947396 -0.0603566 0.270818
-0.174058 0.239542 -0.00729636 0.955129
-0.100136 0.225852 0.0642707 0.966868
0.179231 0.765769 0.560176 0.260148
0.186559 0.742092 0.095631 0.636671
-0.0343359 0.261176 -0.468767 0.843128
-0.204229 0.203363 -0.437999 0.851523
0.373731 -0.578805 0.653399 -0.313655
-0.0621959 0.864192 0.0394203 -0.497745
0.170159 -0.114734 0.0290831 0.978282
0 0 0 0
-0.0649743 0.738931 0.663398 -0.0982994
-0.1919 -0.466308 0.124036 0.854603
0.0553784 0.402597 -0.356973 0.841082
0 0 0 0
0.406719 -0.0344071 0.912754 -0.0166094
0 0 0 0
0 0 0 0
0 0 0 0
0 0 0 0
