3555608
0 -0.158097 -0.109719 1.52968 2 412.868 317.514 220.196 230.13
1 -0.164291 0.237965 1.52631 2 409.789 202.161 218.554 146.524
2 -0.167441 0.566013 1.50897 2 407.026 89.8492 217.08 65.1214
3 -0.0798314 0.6566 1.56674 2 448.614 67.3063 239.261 48.7827
4 -0.229599 0.38658 1.37185 2 368.109 137.679 196.325 99.7879
5 -0.216817 0.151334 1.29702 2 368.721 222.025 196.651 160.921
6 -0.145466 -0.0460912 1.27848 2 405.707 299.455 216.377 217.041
7 -0.135366 -0.121094 1.29463 2 412.012 328.569 219.74 238.143
8 -0.0648593 0.44359 1.59947 1 455.931 140.167 243.163 101.591
9 -0.0984375 0.220959 1.74332 1 445.106 217.04 237.39 157.308
10 -0.133141 0.0513981 1.52304 1 423.869 264.142 226.063 191.446
11 -0.0888585 0.0183889 1.45785 1 442.081 274.834 235.776 199.196
12 -0.195397 -0.0978704 1.46558 2 392.2 315.03 209.173 228.329
13 -0.20333 -0.381406 1.42307 2 385.131 417.621 205.403 302.686
14 -0.314399 -0.658845 1.43365 2 331.901 515.685 177.014 373.761
15 -0.378211 -0.547898 1.4116 1 298.086 479.348 158.979 347.425
16 -0.112601 -0.116106 1.51939 2 433.004 319.871 230.936 231.838
17 -0.163086 -0.471758 1.46971 1 407.121 444.761 217.131 322.357
18 -0.0146275 -0.204517 1.4227 1 476.882 354.002 254.337 256.575
19 0.0696667 -0.169093 1.33284 1 519.919 345.44 277.29 250.37
20 -0.16703 0.486505 1.51536 2 407.634 117.629 217.405 85.2561
21 -0.11029 -0.189897 1.30588 2 425.801 354.893 227.094 257.222
22 -0.106339 -0.0780975 1.34324 2 429.536 310.621 229.086 225.134
23 -0.0850587 -0.0115704 1.43856 2 443.335 285.277 236.446 206.765
24 -0.0919275 0.0462782 1.43461 2 439.927 264.9 234.628 191.996
1
1
0.281379 -0.00991253 0.959543 -0.00215098
0.343127 -0.0100313 0.939234 -0.00150241
0.410628 -0.0188234 0.910918 -0.0354817
0 0 0 0
-0.303751 0.779623 -0.372471 0.401483
-0.153992 0.942089 -0.0211311 0.297168
-0.177735 0.254481 0.00130084 0.950604
-0.0401403 0.225585 0.117344 0.966297
0.200758 0.762473 0.552681 0.269954
0.250862 0.702284 0.142964 0.650712
-0.443567 0.891388 -0.0248094 -0.0897832
-0.485482 0.828867 0.266723 0.0783959
0.379838 -0.56281 0.659248 -0.323047
-0.0717716 0.873085 0.0237567 -0.48167
0.186735 -0.0893498 0.0351551 0.977707
0 0 0 0
-0.0689641 0.748364 0.653774 -0.0881781
0.0268842 0.490955 -0.0943795 0.86564
-0.455613 0.256314 0.851131 0.0479204
0 0 0 0
0.410927 -0.0140588 0.911386 -0.017788
0 0 0 0
0 0 0 0
0 0 0 0
0 0 0 0
