3561441
0 0.730219 -0.863158 2.6023 2 678.614 450.526 361.927 326.535
1 0.719347 -0.650559 2.6361 2 673.051 407.05 358.961 295.024
2 0.695479 -0.433033 2.65404 2 665.234 364.266 354.791 264.015
3 0.674553 -0.306053 2.62645 1 661.47 340.476 352.784 246.772
4 0.600894 -0.522083 2.76785 2 634.036 377.162 338.153 273.362
5 0.496116 -0.619453 2.55876 2 618.091 404.452 329.649 293.141
6 0.459215 -0.756564 2.35461 2 619.127 445.08 330.201 322.588
7 0.45928 -0.832241 2.23486 2 626.507 471.288 334.137 341.583
8 0.807122 -0.499358 2.55671 1 702.729 380.81 374.789 276.006
9 0.725716 -0.388338 2.3628 2 696.684 364.974 371.565 264.528
10 0.560609 -0.26586 2.22135 2 658.373 342.076 351.132 247.932
11 0.387743 -0.0861002 2.09948 2 611.21 302.004 325.978 218.888
12 0.688404 -0.877163 2.63509 2 665.165 451.115 354.755 326.962
13 0.461084 -0.623372 2.47187 2 613.016 409.605 326.942 296.876
14 0.603662 -0.905909 2.50951 2 650.827 465.482 347.107 337.375
15 0.544492 -0.875236 2.37506 2 642.991 469.321 342.929 340.158
16 0.758852 -0.832406 2.51856 2 692.987 449.934 369.593 326.106
17 0.743115 -0.603499 2.2896 2 709.07 415.738 378.171 301.321
18 0.683519 -0.822664 2.13514 2 705.962 477.829 376.513 346.324
19 0.639348 -0.844398 2.03297 2 701.95 493.068 374.374 357.369
20 0.702525 -0.487384 2.652 2 667.29 374.803 355.888 271.652
21 0.457794 -0.849362 2.17457 2 630.005 480.602 336.002 348.334
22 0.493094 -0.851479 2.20844 2 638.854 478.035 340.722 346.473
23 0.329907 -0.039919 2.06248 2 594.079 291.016 316.842 210.924
24 0.379763 -0.115191 2.09308 2 608.973 309.114 324.786 224.042
0
0
-0.490466 -0.0607484 0.867533 0.0560319
-0.436754 -0.0572254 0.895777 0.0596254
-0.38044 -0.066601 0.922375 -0.00738055
0 0 0 0
0.264901 0.715348 -0.565682 -0.313223
-0.462141 0.825805 -0.307 0.101104
-0.199843 0.507723 -0.429395 0.719653
-0.264475 0.479598 -0.403659 0.73287
-0.243391 0.686242 0.631347 -0.266898
0.821134 -0.513221 0.243229 0.056417
0.553392 0.0836938 -0.662694 0.497584
0.588252 0.10451 -0.691204 0.406539
0.173021 0.7363 -0.585348 -0.29205
0.860264 -0.110902 -0.309571 0.389632
-0.220087 -0.588268 -0.0911205 0.772787
0 0 0 0
-0.471544 0.470246 0.664644 -0.338768
0.566692 -0.255357 0.729356 -0.285819
-0.187419 0.797211 -0.256741 0.513238
0 0 0 0
-0.382711 -0.0658059 0.921181 0.025041
0 0 0 0
0 0 0 0
0 0 0 0
0 0 0 0
