3646292
0 0.632602 -0.782219 2.30869 2 674.04 454.165 359.488 329.172
1 0.663593 -0.582893 2.28386 2 685.382 411.405 365.537 298.181
2 0.701581 -0.386386 2.27158 2 697.892 367.91 372.209 266.656
3 0.751917 -0.287387 2.19759 2 721.044 347.891 384.557 252.146
4 0.551067 -0.403338 2.28992 2 650.375 370.841 346.867 268.781
5 0.395344 -0.568428 2.29165 2 603.274 407.449 321.746 295.313
6 0.317648 -0.74405 2.2853 2 580.24 447.169 309.462 324.102
7 0.286704 -0.807507 2.27683 2 571.232 462.092 304.657 334.918
8 0.851507 -0.455107 2.25802 2 745.541 384.089 397.622 278.383
9 0.879594 -0.622559 2.26276 1 753.618 421.656 401.93 305.61
10 0.92157 -0.816417 2.37331 1 753.133 456.684 401.671 330.998
11 0.885208 -0.929598 2.31641 1 748.531 485.66 399.217 352
12 0.557148 -0.760244 2.29335 2 652.443 450.386 347.97 326.434
13 0.446469 -0.54984 2.05801 2 634.193 417.358 338.236 302.495
14 0.469597 -0.869314 2.13192 1 636.769 489.372 339.61 354.69
15 0.459979 -0.923999 2.02433 1 641.505 514.093 342.136 372.608
16 0.693389 -0.786206 2.27066 2 695.808 457.969 371.098 331.93
17 0.742272 -0.533847 2.02131 2 738.721 416.039 393.985 301.54
18 0.677476 -0.80299 2.14658 2 702.866 472.138 374.862 342.199
19 0.666095 -0.833621 2.02159 2 712.303 491.499 379.895 356.232
20 0.692261 -0.435752 2.27564 2 694.711 378.83 370.513 274.571
21 0.257441 -0.856692 2.24601 2 563.434 475.827 300.498 344.873
22 0.302489 -0.81185 2.25892 2 576.781 464.534 307.617 336.688
23 0.917713 -0.930859 2.31526 2 758.245 485.936 404.397 352.2
24 0.849971 -0.916447 2.31089 2 738.746 483.36 393.998 350.333
3
0
-0.0867569 0.0816694 0.991381 -0.0544636
-0.0718144 0.0808398 0.992576 -0.0556876
-0.055039 0.0950289 0.993326 -0.0352794
0 0 0 0
-0.0531376 -0.623095 0.780072 0.0204267
-0.0186412 0.927599 -0.368702 -0.0572043
0.136834 0.680006 -0.155804 0.703273
0.120094 0.669654 -0.198404 0.705532
-0.0254076 0.746375 0.662863 -0.0537752
-0.0706196 -0.673544 -0.0457561 0.734342
-0.223668 -0.552204 0.152051 0.788621
0.258041 -0.664683 -0.0635398 0.698265
0.0191337 -0.592947 0.798029 -0.105824
0.774387 -0.240298 -0.463479 0.357448
-0.102011 -0.663545 0.0605448 0.738671
0 0 0 0
-0.182994 0.696238 0.662381 -0.207403
0.589945 -0.184102 0.710142 -0.337298
0.230524 0.714114 0.0630921 0.657966
0 0 0 0
-0.0537091 0.0973007 0.993555 -0.0222917
0 0 0 0
0 0 0 0
0 0 0 0
0 0 0 0
