3593333
0 -0.183533 -0.0633769 1.56274 2 403.18 301.736 215.029 218.694
1 -0.197471 0.267118 1.56155 2 396.758 194.415 211.604 140.909
2 -0.209165 0.581508 1.54723 2 390.217 89.4426 208.116 64.8268
3 -0.128462 0.675996 1.61686 2 428.845 67.8069 228.717 49.1455
4 -0.252303 0.403892 1.41272 2 360.302 135.55 192.161 98.2448
5 -0.264999 0.189378 1.33518 2 346.955 209.167 185.043 151.601
6 -0.173373 -0.0498909 1.30931 2 392.852 300.502 209.521 217.8
7 -0.163551 -0.108986 1.31094 2 398.093 323.314 212.316 234.334
8 -0.0783311 0.451234 1.64926 1 451.134 142.08 240.605 102.978
9 -0.09484 0.207972 1.76362 1 446.965 221.521 238.381 160.555
10 -0.152873 0.0430394 1.54552 1 415.956 267.123 221.843 193.607
11 -0.11584 0.0318784 1.49919 1 430.857 270.458 229.791 196.024
12 -0.216002 -0.0572947 1.4959 2 384.579 300.608 205.109 217.876
13 -0.222493 -0.38079 1.44344 2 377.336 415.486 201.246 301.139
14 -0.320141 -0.664734 1.45113 2 330.986 514.934 176.526 373.217
15 -0.38903 -0.557247 1.42845 1 295.029 480.347 157.349 348.149
16 -0.142574 -0.0664826 1.55584 2 420.959 302.827 224.512 219.485
17 -0.0995313 -0.340246 1.631 1 441.871 387.077 235.664 280.548
18 -0.202743 -0.548457 1.42543 1 385.315 477.567 205.501 346.134
19 -0.138599 -0.557289 1.30842 1 410.471 498.636 218.918 361.405
20 -0.206661 0.504961 1.55272 2 391.766 115.453 208.942 83.6788
21 -0.139675 -0.172311 1.32874 2 411.576 346.917 219.507 251.441
22 -0.217078 -0.0993398 1.35784 2 373.847 318.289 199.385 230.692
23 -0.125982 0.0140239 1.46963 2 425.041 276.385 226.689 200.32
24 -0.142606 0.0447075 1.43806 2 415.781 265.483 221.75 192.419
0
1
0.335393 -0.0204549 0.941841 0.00537282
0.370944 -0.0202359 0.928414 0.0061463
0.410665 -0.0295719 0.910939 -0.0258863
0 0 0 0
-0.328956 0.788235 -0.329896 0.402046
-0.160382 0.955243 -0.0691755 0.238755
-0.153915 -0.32588 -0.108337 0.926486
-0.0818771 -0.344962 -0.015665 0.934907
0.17863 0.766652 0.556285 0.266239
0.187657 0.751221 0.114661 0.622338
-0.452499 0.85355 0.015064 -0.257819
-0.460559 0.766548 0.442076 -0.0697031
0.400425 -0.580263 0.616807 -0.350006
-0.0766608 0.898204 0.0258543 -0.432069
0.162712 -0.0980409 0.0293012 0.981353
0 0 0 0
-0.0532911 0.73013 0.678144 -0.0647463
-0.133707 -0.514616 0.0735724 0.84373
0.0165823 0.376397 -0.4052 0.832984
0 0 0 0
0.410708 -0.025215 0.911374 -0.00897975
0 0 0 0
0 0 0 0
0 0 0 0
0 0 0 0
