3545518
0 0.766238 -0.545997 2.55305 2 691.933 390.262 369.031 282.856
1 0.678355 -0.438889 2.36826 2 682.302 375.64 363.894 272.259
2 0.585756 -0.329218 2.1676 2 670.906 358.528 357.816 259.856
3 0.586427 -0.291387 2.05339 2 681.586 353.47 363.512 256.19
4 0.512028 -0.319157 2.18904 2 645.59 355.347 344.315 257.551
5 0.365323 -0.472314 2.22591 2 597.34 389.079 318.581 281.999
6 0.305684 -0.692614 2.20133 2 580.122 441.544 309.398 320.025
7 0.286737 -0.768729 2.17238 2 575.441 461.689 306.902 334.626
8 0.792324 -0.400539 2.14843 2 739.733 376.357 394.524 272.778
9 0.894013 -0.542998 2.21652 2 763.765 406.267 407.342 294.456
10 0.959361 -0.76458 2.33495 2 768.723 448.211 409.985 324.857
11 0.975882 -0.819584 2.34568 2 772.123 459.296 411.799 332.892
12 0.69467 -0.521869 2.5511 2 672.512 385.445 358.673 279.365
13 0.448409 -0.527826 2.16054 2 627.586 405.618 334.712 293.987
14 0.49001 -0.820246 2.22026 2 637.052 469.788 339.761 340.496
15 0.460889 -0.912156 2.16678 1 631.518 496.109 336.809 359.573
16 0.8214 -0.558587 2.50048 2 711.73 395.19 379.589 286.428
17 0.720188 -0.52361 2.03996 2 728.866 412.236 388.728 298.783
18 0.698787 -0.805112 2.11885 2 712.656 475.105 380.083 344.349
19 0.661926 -0.896156 2.0678 1 705.72 502.14 376.384 363.944
20 0.609172 -0.356757 2.21946 2 673.884 363.059 359.405 263.14
21 0.266329 -0.817339 2.14955 2 569.87 475.225 303.931 344.436
22 0.313353 -0.77631 2.15737 2 584.651 464.777 311.814 336.864
23 1.00898 -0.853869 2.33092 2 783.459 467.719 417.845 338.996
24 0.953869 -0.819838 2.34792 2 765.433 459.232 408.231 332.845
3
0
-0.271109 -0.0627484 0.811407 -0.513986
-0.243553 -0.08007 0.8201 -0.511574
-0.207766 -0.0931782 0.821367 -0.52298
0 0 0 0
-0.362568 -0.41386 0.736064 -0.394303
-0.0129838 0.888925 -0.379594 -0.256031
0.0562678 0.6907 -0.13031 0.709075
-0.03726 0.670751 -0.20841 0.710823
0.180948 0.614718 0.598742 -0.480507
0.230656 0.929047 0.25986 -0.127049
-0.213032 -0.376726 0.166878 0.885916
-0.167682 -0.360706 0.0342489 0.916843
-0.410623 -0.495132 0.700765 -0.308482
0.613197 -0.340207 -0.34284 0.625068
-0.11008 -0.495195 0.0518321 0.860219
0 0 0 0
0.0865565 0.476666 0.641096 -0.595225
0.419167 -0.499959 0.601073 -0.461575
0.133485 0.823054 0.0448853 0.550227
0 0 0 0
-0.210983 -0.0964659 0.824179 -0.516633
0 0 0 0
0 0 0 0
0 0 0 0
0 0 0 0
