3617291
0 0.630526 -0.803691 2.48857 2 659.674 446.023 351.826 323.271
1 0.621373 -0.587545 2.52257 2 654.517 399.885 349.076 289.831
2 0.602103 -0.365882 2.52764 2 648.58 354.823 345.909 257.171
3 0.555054 -0.264233 2.54512 2 634.482 333.94 338.391 242.035
4 0.525874 -0.469619 2.63681 2 621.732 371.747 331.59 269.437
5 0.445297 -0.550086 2.41494 2 611.45 397.104 326.107 287.815
6 0.44286 -0.738655 2.26269 2 619.622 447.718 330.465 324.5
7 0.431204 -0.783836 2.19626 2 620.114 463.337 330.728 335.82
8 0.690749 -0.420801 2.39777 2 683.419 370.625 364.49 268.624
9 0.584091 -0.275943 2.22492 2 665.455 344.306 354.909 249.549
10 0.419688 -0.141012 2.1043 2 621.471 315.21 331.451 228.46
11 0.211122 0.0260893 1.95952 2 558.036 274.475 297.619 198.935
12 0.600663 -0.804593 2.50149 2 650.464 445.333 346.914 322.771
13 0.406933 -0.552517 2.27173 2 607.848 404.991 324.185 293.532
14 0.440415 -0.817376 2.20007 2 622.808 470.837 332.164 341.256
15 0.361451 -0.850099 2.1105 1 602.766 486.827 321.475 352.846
16 0.648594 -0.784563 2.42338 2 669.595 446.449 357.117 323.58
17 0.613342 -0.533413 2.11796 2 684.7 409.677 365.173 296.929
18 0.606158 -0.812563 2.12307 2 682.015 476.579 363.741 345.418
19 0.597264 -0.832473 2.01272 2 689.712 492.24 367.846 356.769
20 0.607253 -0.420633 2.52736 2 650.082 365.887 346.711 265.19
21 0.42964 -0.833846 2.14428 2 622.954 479.718 332.242 347.693
22 0.457962 -0.83353 2.1615 2 630.939 478.065 336.501 346.495
23 0.162449 0.0683537 1.90919 2 542.441 263.103 289.302 190.693
24 0.189402 0.0744316 1.91742 2 551.87 261.572 294.331 189.584
0
0
-0.489053 -0.0564853 0.868516 0.0575838
-0.473631 -0.055459 0.877022 0.0585728
-0.45536 -0.0429044 0.889069 -0.0190659
0 0 0 0
0.271435 0.739984 -0.50726 -0.348475
-0.413867 0.738765 -0.409121 0.339941
-0.133312 0.391059 -0.305331 0.857947
-0.129796 0.386075 -0.45263 0.793237
-0.318432 0.610073 0.630917 -0.358267
0.85505 -0.440625 0.243335 0.124604
0.74243 -0.441398 0.474054 0.170993
0.739119 -0.438873 0.478105 0.180302
0.0981286 0.691419 -0.690306 -0.189177
0.753035 -0.116912 -0.504238 0.406219
-0.00840535 -0.366044 -0.144345 0.919296
0 0 0 0
-0.48159 0.479504 0.635699 -0.366106
0.588841 -0.314746 0.685265 -0.290883
0.0154486 0.733293 -0.00321858 0.67973
0 0 0 0
-0.455987 -0.0440402 0.888872 -0.00654539
0 0 0 0
0 0 0 0
0 0 0 0
0 0 0 0
