3701793
0 0.531417 -0.715323 2.31167 2 643.318 439.058 343.103 318.223
1 0.620759 -0.583355 2.42929 2 660.949 403.603 352.506 292.526
2 0.704438 -0.45383 2.53931 2 675.992 372.248 360.529 269.8
3 0.693638 -0.332287 2.51862 2 674.455 348.363 359.709 252.489
4 0.575835 -0.52351 2.62178 2 635.837 382.816 339.113 277.46
5 0.441963 -0.577463 2.39161 2 611.776 404.103 326.281 292.888
6 0.385975 -0.73754 2.18717 2 606.279 453.208 323.349 328.479
7 0.367447 -0.796131 2.11107 2 604.677 473.68 322.495 343.317
8 0.811339 -0.507284 2.4617 2 712.447 386.336 379.972 280.011
9 0.865032 -0.545581 2.19872 2 756.895 407.882 403.677 295.628
10 0.736108 -0.444972 2.08407 2 728.922 390.175 388.759 282.794
11 0.667183 -0.3987 2.03882 2 710.786 380.955 379.086 276.111
12 0.470299 -0.709422 2.31532 2 624.711 437.447 333.179 317.055
13 0.379515 -0.470352 2.37443 1 594.326 381.865 316.974 276.77
14 0.241078 -0.880535 2.08879 1 564.022 496.402 300.812 359.785
15 0.345918 -0.815347 2.0134 1 603.145 487.935 321.677 353.649
16 0.579888 -0.703061 2.25192 2 662.529 440.524 353.349 319.286
17 0.7667 -0.577749 2.09244 1 738.16 422.167 393.685 305.981
18 0.682193 -0.821762 1.86939 1 736.394 504.97 392.743 365.995
19 0.607783 -0.803479 1.91406 2 704.028 495.292 375.482 358.981
20 0.684339 -0.486119 2.51351 2 672.45 379.738 358.64 275.229
21 0.353951 -0.819586 2.02588 2 605.162 487.73 322.753 353.5
22 0.387995 -0.815534 2.08396 2 613.111 480.973 326.993 348.603
23 0.627538 -0.390254 2.02156 2 699.051 379.64 372.827 275.158
24 0.658517 -0.369415 2.03233 2 708.506 373.904 377.87 271
1
0
-0.270217 0.139713 0.871847 0.383855
-0.275076 0.13757 0.870327 0.384629
-0.284594 0.131578 0.877656 0.36251
0 0 0 0
0.00472873 -0.552438 0.617645 0.559736
-0.427246 0.73885 -0.467082 0.231076
-0.141681 0.498614 -0.422615 0.743443
-0.15205 0.494003 -0.421133 0.745311
-0.364206 0.742996 0.539539 0.155588
0.639359 -0.689065 0.143506 -0.309542
0.843178 -0.408731 0.202287 0.284728
0.831453 -0.380242 0.231074 0.332726
0.233017 -0.624389 0.702619 0.249335
0.934661 0.161927 -0.286071 0.135472
-0.323345 0.857137 -0.00445501 -0.400929
0 0 0 0
-0.572036 0.648607 0.501468 -0.024786
0.643772 0.00451559 0.55927 -0.52226
-0.370533 0.912568 -0.0717878 -0.157386
0 0 0 0
-0.280597 0.132091 0.871826 0.379126
0 0 0 0
0 0 0 0
0 0 0 0
0 0 0 0
