3406281
0 -0.206037 -0.0885005 1.58863 2 394.716 309.417 210.515 224.261
1 -0.213932 0.248232 1.59269 2 391.357 202.147 208.724 146.513
2 -0.221361 0.566905 1.58412 2 387.09 98.665 206.448 71.511
3 -0.146504 0.668135 1.61853 2 421.171 70.513 224.625 51.1069
4 -0.280967 0.398338 1.44843 2 349.65 141.097 186.48 102.265
5 -0.289981 0.196542 1.36727 2 337.497 208.166 179.998 150.876
6 -0.202002 -0.0381867 1.33552 2 379.847 295.693 202.585 214.314
7 -0.184887 -0.108403 1.33898 2 388.898 322.223 207.412 233.543
8 -0.122348 0.441105 1.65569 1 432.892 145.737 230.876 105.628
9 -0.122212 0.202893 1.77747 1 436.656 223.427 232.883 161.937
10 -0.162457 0.07276 1.53417 1 411.137 257.212 219.273 186.424
11 -0.154591 0.0236368 1.50166 1 413.181 273.248 220.363 198.046
12 -0.241026 -0.0824418 1.5241 2 375.064 308.618 200.034 223.682
13 -0.263156 -0.381183 1.47114 2 360.188 413.134 192.1 299.434
14 -0.366943 -0.661799 1.45224 2 308.812 513.652 164.7 372.288
15 -0.426282 -0.549149 1.42938 1 277.094 477.305 147.783 345.944
16 -0.161999 -0.0909733 1.58007 2 413.45 310.346 220.506 224.935
17 -0.240382 -0.427263 1.63069 1 382.007 414.553 203.737 300.462
18 -0.288961 -0.722271 1.61002 2 359.461 510.195 191.712 369.782
19 -0.292498 -0.78249 1.62317 2 359.026 527.142 191.481 382.065
20 -0.219778 0.489679 1.5886 2 388.166 124.16 207.022 89.9893
21 -0.158567 -0.17067 1.35193 2 403.183 345.185 215.031 250.185
22 -0.240542 -0.0965981 1.38626 2 364.406 316.539 194.35 229.423
23 -0.159133 -0.0480741 1.45927 2 408.97 297.88 218.117 215.9
24 -0.192745 0.0627269 1.44317 2 392.061 259.204 209.099 187.868
1
1
0.303531 -0.00933755 0.95273 0.0092981
0.34413 -0.00892999 0.938829 0.00969018
0.389004 -0.020701 0.920724 -0.0226918
0 0 0 0
-0.321053 0.782729 -0.374904 0.379086
-0.177756 0.947313 -0.0700941 0.257077
-0.143797 -0.342738 -0.121821 0.920333
-0.119795 -0.359877 -0.0207163 0.925045
0.153868 0.787647 0.535164 0.263698
0.176918 0.735447 0.153305 0.635858
-0.508107 0.806417 0.0920797 -0.288168
-0.252648 0.912409 0.151246 -0.28426
0.383975 -0.586227 0.627445 -0.339431
-0.0944126 0.882261 0.00811822 -0.461125
0.178748 -0.147247 -0.0053404 0.9728
0 0 0 0
-0.0685701 0.723216 0.683945 -0.0669056
0.134181 0.447926 0.0140541 0.883833
0.0565296 0.45556 -0.0679898 0.885803
0 0 0 0
0.389191 -0.0144466 0.921039 -0.00309477
0 0 0 0
0 0 0 0
0 0 0 0
0 0 0 0
