3655912
0 -0.0942043 -0.127183 1.55459 2 442.298 322.597 235.892 233.814
1 -0.095324 0.222515 1.54193 2 441.401 208.112 235.414 150.837
2 -0.0951674 0.55182 1.51753 2 440.499 95.7886 234.933 69.4263
3 -0.0116923 0.650077 1.57228 2 478.799 70.1996 255.359 50.8797
4 -0.164526 0.380168 1.37951 2 401.475 140.965 214.12 102.17
5 -0.194147 0.160888 1.29098 2 380.316 218.011 202.835 158.012
6 -0.131648 -0.0632655 1.26309 2 412.283 306.556 219.884 222.188
7 -0.114714 -0.12557 1.26373 2 421.507 331.513 224.804 240.276
8 0.035302 0.421343 1.61918 1 499.015 148.958 266.141 107.963
9 0.00844878 0.177793 1.72557 1 487.323 229.087 259.905 166.039
10 0.0375796 -0.0321141 1.83911 2 497.991 290.036 265.595 210.214
11 0.0698325 -0.0623991 1.85856 2 509.767 298.182 271.876 216.118
12 -0.12906 -0.121689 1.50117 2 424.833 322.232 226.578 233.549
13 -0.173701 -0.40431 1.42922 2 399.883 425.209 213.271 308.186
14 -0.303906 -0.678985 1.43003 2 336.643 523.399 179.543 379.352
15 -0.350178 -0.556381 1.41757 1 312.581 481.576 166.71 349.04
16 -0.0532815 -0.127654 1.53793 2 460.145 323.191 245.41 234.244
17 0.00980182 -0.397678 1.63926 2 488.084 404.429 260.311 293.124
18 -0.0918794 -0.683815 1.6524 2 445.39 492.421 237.542 356.9
19 -0.176668 -0.613818 1.5548 1 405.153 482.684 216.081 349.843
20 -0.0954567 0.472224 1.52537 2 440.656 123.585 235.016 89.5727
21 -0.101042 -0.192091 1.28232 2 429.697 357.116 229.172 258.833
22 -0.0842513 -0.102053 1.325 2 440.245 320.172 234.797 232.056
23 0.105804 -0.110625 1.85574 2 523.139 311.357 279.007 225.667
24 0.112743 -0.0362439 1.809 2 526.776 291.34 280.947 211.159
0
0
0.222196 -0.00558179 0.974833 -0.0172885
0.304041 -0.00702739 0.952486 -0.0167531
0.393901 -0.0176767 0.917842 -0.045781
0 0 0 0
-0.305649 0.769257 -0.398553 0.39494
-0.165041 0.942607 -0.112759 0.267469
-0.14552 0.245275 -0.0248513 0.958147
-0.127279 0.236513 0.0364391 0.962566
0.185943 0.7701 0.560979 0.240153
0.0117138 -0.186036 0.209745 0.959823
0.149307 0.749317 0.202883 0.612429
-0.0729839 0.68256 0.425848 0.589439
0.34408 -0.591108 0.65155 -0.328152
-0.145007 0.831504 0.00253263 -0.536253
0.218988 -0.0625146 0.015414 0.973601
0 0 0 0
-0.123115 0.69515 0.692465 -0.148663
-0.143948 -0.207762 0.14821 0.956111
0.0818869 0.918465 -0.150327 0.356537
0 0 0 0
0.394257 -0.0133022 0.918404 -0.0303145
0 0 0 0
0 0 0 0
0 0 0 0
0 0 0 0
