3600213
0 -0.174334 -0.0989484 1.54593 2 406.384 313.609 216.738 227.3
1 -0.178151 0.248082 1.55149 2 404.82 200.119 215.904 145.044
2 -0.179886 0.574192 1.54254 2 403.108 91.3116 214.991 66.1814
3 -0.0937336 0.662516 1.61408 2 443.68 71.7284 236.629 51.9877
4 -0.234942 0.401481 1.40979 2 368.596 136.149 196.584 98.6792
5 -0.255101 0.188897 1.32203 2 350.778 208.644 187.082 151.222
6 -0.182425 -0.0236139 1.29131 2 386.747 290.47 206.265 210.529
7 -0.16045 -0.103289 1.29485 2 398.68 321.606 212.629 233.096
8 -0.0491496 0.443881 1.64446 1 463.306 143.977 247.097 104.353
9 -0.0659979 0.200653 1.75878 1 458.15 223.476 244.346 161.972
10 -0.124177 0.0357428 1.54068 1 428.565 269.479 228.568 195.314
11 -0.0964865 9.84625e-005 1.49111 1 439.499 281.177 234.399 203.794
12 -0.211097 -0.0891967 1.48954 2 386.409 311.541 206.085 225.8
13 -0.216003 -0.376532 1.43837 2 380.094 414.437 202.717 300.378
14 -0.316784 -0.659733 1.45001 2 332.461 513.374 177.313 372.086
15 -0.385449 -0.551471 1.4212 1 295.81 479.291 157.765 347.384
16 -0.128757 -0.104406 1.52718 2 425.988 315.799 227.194 228.887
17 -0.094329 -0.363982 1.60576 1 443.421 396.307 236.491 287.238
18 -0.203504 -0.569733 1.39985 1 383.111 488.963 204.326 354.394
19 -0.141627 -0.578329 1.28144 1 407.282 511.604 217.217 370.804
20 -0.179861 0.495318 1.54691 2 403.444 118.057 215.17 85.5658
21 -0.135653 -0.171843 1.30637 2 412.455 347.862 219.976 252.125
22 -0.129314 -0.0771652 1.35717 2 418.441 309.979 223.169 224.668
23 -0.0940327 -0.0745732 1.46946 2 439.981 306.874 234.656 222.418
24 -0.120988 0.034725 1.43397 2 425.968 268.964 227.183 194.941
0
1
0.212732 -0.00366753 0.977062 0.00899821
0.302789 -0.00281371 0.953008 0.00930062
0.403046 -0.0113063 0.914761 -0.0252712
0 0 0 0
-0.317641 0.781898 -0.362024 0.395826
-0.176462 0.948353 -0.0920019 0.247029
-0.174826 0.243183 -0.0264647 0.953728
-0.125428 0.229275 0.0520283 0.963843
0.18387 0.76426 0.561969 0.257468
0.188024 0.751208 0.114125 0.622341
-0.451826 0.874797 -0.0299638 -0.172294
-0.401334 0.872059 0.270397 -0.0730039
0.364473 -0.577439 0.662457 -0.308015
-0.078449 0.836092 0.0407507 -0.54142
0.166389 -0.119325 0.0400742 0.977993
0 0 0 0
-0.133364 0.731734 0.653593 -0.139985
-0.130327 -0.514805 0.0909624 0.842447
0.0227049 0.381879 -0.41058 0.827694
0 0 0 0
0.403315 -0.00690147 0.915008 -0.00708117
0 0 0 0
0 0 0 0
0 0 0 0
0 0 0 0
