3400720
0 0.714133 -0.259455 2.52063 2 679.902 333.596 362.614 241.786
1 0.679116 -0.034539 2.36919 2 682.11 288.626 363.792 209.193
2 0.641101 0.180743 2.20078 2 685.436 239.413 365.566 173.523
3 0.618824 0.28658 2.13608 2 684.432 212.894 365.03 154.303
4 0.494295 0.128187 2.28945 2 632.882 252.791 337.537 183.22
5 0.405831 -0.0644387 2.32776 2 604.038 295.241 322.154 213.987
6 0.409783 -0.263671 2.25085 2 609.509 340.657 325.072 246.903
7 0.429219 -0.341602 2.18863 2 619.359 360.508 330.325 261.291
8 0.796785 0.101782 2.21141 2 733.603 257.744 391.255 186.81
9 0.905627 -0.089201 2.28425 2 758.863 301.136 404.727 218.259
10 0.893296 -0.298918 2.27125 2 756.739 348.379 403.594 252.5
11 0.865099 -0.378054 2.25833 2 749.652 366.65 399.814 265.743
12 0.631437 -0.252788 2.50937 2 657.812 332.426 350.833 240.938
13 0.534121 -0.435811 2.31189 2 643.725 377.137 343.32 273.344
14 0.548353 -0.742348 2.33289 2 646.933 443.564 345.031 321.489
15 0.519555 -0.814079 2.23169 2 645.455 467.416 344.243 338.777
16 0.778883 -0.259677 2.46838 2 702.405 334.803 374.616 242.66
17 0.796958 -0.421324 2.23193 2 731.57 377.537 390.171 273.633
18 0.764324 -0.741208 2.25893 2 718.685 448.712 383.299 325.22
19 0.728217 -0.812042 2.15907 2 717.839 473.123 382.847 342.913
20 0.651323 0.127648 2.24554 2 684.522 252.286 365.078 182.854
21 0.44273 -0.391155 2.14099 2 626.852 374.111 334.321 271.151
22 0.40315 -0.369512 2.16636 2 612.45 367.874 326.64 266.63
23 0.856531 -0.445623 2.25046 2 747.971 382.285 398.918 277.075
24 0.808176 -0.37024 2.2306 2 735.182 365.901 392.097 265.2
4
0
-0.137434 -0.024618 0.944694 -0.296748
-0.139914 -0.0238385 0.94433 -0.296812
-0.139595 -0.0261544 0.926676 -0.347996
0 0 0 0
0.318594 0.692708 -0.632575 0.136023
-0.0131236 0.869555 -0.229556 -0.437041
0.113395 -0.646711 -0.14412 0.740362
0.141173 -0.626297 -0.310718 0.700911
0.138042 0.690033 0.629012 -0.330369
0.0818373 0.909729 0.284512 0.291115
-0.0425286 0.762571 -0.00241533 -0.6455
-0.169468 0.73871 -0.0758939 -0.647942
-0.160507 -0.635944 0.716976 -0.236133
0.359056 -0.47286 -0.22681 0.772036
-0.03896 -0.595789 0.0136163 0.80208
0 0 0 0
-0.0427502 0.576923 0.70487 -0.410476
-0.325143 0.564938 -0.33565 0.680048
0.0640556 0.794013 -0.0149332 0.604331
0 0 0 0
-0.140498 -0.0234092 0.935009 -0.324762
0 0 0 0
0 0 0 0
0 0 0 0
0 0 0 0
