3556096
0 -0.156086 -0.110574 1.52987 2 413.783 317.792 220.684 230.331
1 -0.158341 0.236229 1.52734 2 412.531 202.799 220.017 146.986
2 -0.157358 0.563608 1.5108 2 411.751 90.9074 219.601 65.8885
3 -0.0695022 0.654137 1.56906 2 453.233 68.4315 241.724 49.5982
4 -0.224027 0.384593 1.3714 2 370.894 138.384 197.81 100.299
5 -0.20894 0.148047 1.29518 2 372.772 223.24 198.812 161.801
6 -0.136812 -0.0510859 1.28054 2 410.489 301.397 218.928 218.449
7 -0.126646 -0.120606 1.29948 2 416.908 328.196 222.351 237.872
8 -0.0548216 0.441187 1.60126 1 460.297 141.1 245.492 102.268
9 -0.0885244 0.21859 1.74509 1 449.057 217.798 239.497 157.857
10 -0.123278 0.0490408 1.52481 1 428.391 264.945 228.475 192.029
11 -0.0821128 0.0123434 1.46584 1 445.473 276.954 237.586 200.732
12 -0.194111 -0.0990972 1.46489 2 392.761 315.47 209.473 228.648
13 -0.202671 -0.378814 1.42311 2 385.459 416.682 205.578 302.005
14 -0.313049 -0.656619 1.43314 2 332.495 514.984 177.33 373.253
15 -0.377597 -0.546681 1.41456 1 298.774 478.496 159.346 346.807
16 -0.110078 -0.116653 1.52084 2 434.194 320.015 231.57 231.943
17 -0.166223 -0.454397 1.58061 2 411.213 427.539 219.314 309.875
18 -0.0655975 -0.371962 1.29962 2 449.06 426.818 239.499 309.352
19 0.0119848 -0.350986 1.19405 1 490.897 430.771 261.812 312.217
20 -0.157929 0.484228 1.51701 2 411.879 118.59 219.669 85.9523
21 -0.100746 -0.188145 1.3108 2 431.041 353.928 229.888 256.522
22 -0.171065 -0.135733 1.33503 2 395.735 332.72 211.059 241.151
23 -0.0806567 -0.0183872 1.44824 2 445.696 287.629 237.705 208.47
24 -0.0972085 0.0344977 1.42168 2 436.974 268.942 233.053 194.925
0
1
0.286909 -0.00416297 0.957945 -0.00256607
0.345047 -0.00431233 0.938573 -0.00230626
0.408309 -0.012678 0.912002 -0.0370924
0 0 0 0
-0.300806 0.776987 -0.38094 0.400863
-0.156438 0.931982 -0.0222551 0.326255
-0.144042 -0.3947 -0.10129 0.901779
-0.120212 -0.423506 0.0886685 0.893493
0.201885 0.763674 0.552676 0.265695
0.251026 0.702271 0.142776 0.650704
-0.444275 0.884047 0.00278755 -0.145163
-0.425181 0.85276 0.30323 -0.00856479
0.375531 -0.564397 0.659031 -0.325746
-0.0722925 0.87613 0.0220197 -0.476114
0.186072 -0.0739471 0.0311719 0.979254
0 0 0 0
-0.061382 0.74738 0.65723 -0.0755237
0.0216674 0.800391 -0.116819 -0.587586
0.667067 -0.366756 0.433743 -0.482056
0 0 0 0
0.408712 -0.00774574 0.912426 -0.0193256
0 0 0 0
0 0 0 0
0 0 0 0
0 0 0 0
