3719265
0 -0.201201 -0.0839771 1.56683 2 395.603 308.347 210.988 223.485
1 -0.216158 0.256406 1.56356 2 388.623 197.998 207.266 143.506
2 -0.228998 0.577444 1.55023 2 381.526 91.1472 203.48 66.0623
3 -0.242185 0.561435 1.49651 2 371.724 89.7595 198.253 65.0565
4 -0.280428 0.497761 1.45783 1 350.591 107.018 186.982 77.565
5 -0.268317 0.242367 1.34721 2 346.364 189.755 184.727 137.532
6 -0.192683 -0.0139968 1.30166 2 382.081 286.656 203.777 207.765
7 -0.16243 -0.106724 1.29622 2 397.713 322.908 212.114 234.039
8 -0.0728217 0.440498 1.64869 1 453.44 145.375 241.834 105.366
9 -0.143283 0.189988 1.69799 1 425.895 224.56 227.144 162.758
10 -0.110249 -0.0553483 1.58624 1 436.195 298.855 232.638 216.606
11 -0.107345 -0.0924321 1.56123 1 436.699 311.155 232.906 225.521
12 -0.24453 -0.072589 1.50695 2 372.217 305.619 198.516 221.508
13 -0.225824 -0.394249 1.44562 2 375.873 420.061 200.466 304.455
14 -0.31205 -0.687273 1.43657 2 333.407 525.201 177.817 380.659
15 -0.373921 -0.572859 1.41985 1 301.276 487.155 160.68 353.083
16 -0.14841 -0.0919237 1.55224 2 418.213 311.175 223.047 225.535
17 -0.106233 -0.396948 1.65223 1 439.567 403.262 234.436 292.279
18 -0.201245 -0.585224 1.41816 1 385.515 491.863 205.608 356.495
19 -0.144447 -0.58469 1.29343 1 406.481 511.977 216.79 371.074
20 -0.226196 0.49951 1.55527 2 383.214 117.507 204.381 85.1674
21 -0.144037 -0.167086 1.3126 2 408.395 345.71 217.811 250.566
22 -0.137563 -0.108575 1.26997 2 409.43 324.495 218.363 235.189
23 -0.108485 -0.131635 1.5237 2 435 324.923 232 235.5
24 -0.107398 -0.120367 1.54767 2 436.249 320.556 232.666 232.334
0
1
0.216561 -0.0224721 0.97601 7.59398e-005
0.296747 -0.0223885 0.954692 0.0019391
0.381661 -0.0289083 0.923564 -0.0229876
0 0 0 0
-0.376188 0.626419 -0.592149 0.339766
-0.196601 0.909383 -0.0544656 0.362497
-0.123057 0.942498 0.11004 0.290595
-0.0743131 0.941006 0.140978 0.298513
0.141973 0.773209 0.568992 0.241329
0.163788 0.482929 0.0162565 0.860052
-0.0611174 -0.00564274 -0.211246 0.975504
-0.0360735 0.00713902 -0.291627 0.955825
0.352405 -0.58291 0.672272 -0.289961
-0.0634359 0.836465 0.0749788 -0.539148
0.14334 -0.10541 0.000305744 0.984044
0 0 0 0
-0.0818787 0.748315 0.649233 -0.108707
-0.142253 -0.549488 0.0932257 0.818007
-0.0296709 0.390195 -0.447576 0.804079
0 0 0 0
0.381601 -0.0255653 0.92394 -0.00787304
0 0 0 0
0 0 0 0
0 0 0 0
0 0 0 0
