3736586
0 0.527415 -0.793866 2.20549 2 649.844 464.948 346.584 336.988
1 0.594037 -0.587345 2.25644 2 666.395 413.945 355.411 300.022
2 0.657401 -0.387744 2.30128 2 681.716 367.041 363.582 266.026
3 0.648625 -0.267639 2.26374 2 682.178 341.397 363.828 247.44
4 0.51349 -0.430011 2.35036 2 634.973 374.27 338.652 271.266
5 0.418167 -0.589809 2.3829 1 605.333 407.186 322.845 295.123
6 0.488888 -0.523502 2.134 2 642.571 406.191 342.705 294.402
7 0.494367 -0.514908 2.08219 2 648.373 407.224 345.799 295.15
8 0.784871 -0.433901 2.23461 2 727.512 380.289 388.006 275.628
9 0.767511 -0.523004 1.97915 2 752.986 416.11 401.593 301.591
10 0.6596 -0.718242 1.9071 2 723.758 473.357 386.004 343.082
11 0.644787 -0.751411 1.88349 2 721.221 484.672 384.651 351.284
12 0.458518 -0.772474 2.20478 2 628.179 460.003 335.029 333.404
13 0.44838 -0.524024 2.06959 2 633.945 410.2 338.104 297.307
14 0.327794 -0.934579 1.99887 1 597.692 519.826 318.769 376.763
15 0.387659 -0.839443 2.01437 1 617.469 493.952 329.317 358.009
16 0.583162 -0.79506 2.15114 2 672.031 469.892 358.416 340.571
17 0.714964 -0.544719 1.96343 2 736.582 422.841 392.844 306.469
18 0.604671 -0.848524 1.86463 2 708.423 512.995 377.825 371.812
19 0.582964 -0.760933 1.78256 2 710.527 498.83 378.948 361.545
20 0.642224 -0.437235 2.29188 2 677.985 378.414 361.592 274.269
21 0.463015 -0.494625 2.05234 2 640.128 403.975 341.402 292.796
22 0.472592 -0.462958 2.07633 2 641.461 394.748 342.113 286.108
23 0.600368 -0.815301 1.84467 2 709.337 506.43 378.313 367.053
24 0.629139 -0.751879 1.92671 2 710.368 480.319 378.863 348.128
0
0
-0.186977 0.127295 0.963481 0.143318
-0.197164 0.125771 0.961448 0.144657
-0.211253 0.123567 0.962139 0.119969
0 0 0 0
-0.0343902 -0.63996 0.724106 0.254832
-0.113714 0.702182 -0.253153 -0.655685
0.748825 -0.612404 -0.251744 0.0291013
0.73757 -0.639651 -0.193312 0.0973016
-0.249192 0.699168 0.669885 -0.0179382
-0.518206 0.702633 0.259093 -0.413086
0.252197 -0.0745256 -0.141336 0.954394
0.21635 -0.115943 -0.265327 0.93239
0.095495 -0.589587 0.799463 0.0642457
0.828928 -0.201285 -0.501781 0.14345
0.16307 -0.548847 0.00971863 0.819805
0 0 0 0
-0.382976 0.698952 0.58793 -0.138325
0.665278 -0.0658563 0.65274 -0.356369
-0.0338288 0.815339 -0.222262 0.533552
0 0 0 0
-0.208234 0.1247 0.959751 0.1413
0 0 0 0
0 0 0 0
0 0 0 0
0 0 0 0
