3370516
0 0.145387 -0.157181 1.77241 2 540.371 326.09 288.198 236.346
1 0.166305 0.155624 1.77398 2 548.442 236.807 292.502 171.634
2 0.182968 0.454252 1.76266 2 555.691 150.16 296.369 108.834
3 0.252923 0.567864 1.7638 2 583.284 117.109 311.085 84.8787
4 0.0730238 0.336967 1.65174 2 514.438 177.711 274.367 128.802
5 -0.0196865 0.137542 1.56182 2 475.293 236.672 253.49 171.536
6 0.00773961 -0.0837497 1.47496 2 487.562 309.915 260.033 224.622
7 0.00965624 -0.146266 1.4688 2 488.476 331.585 260.521 240.328
8 0.281127 0.333449 1.85082 1 588.775 189.725 314.013 137.51
9 0.155179 0.132526 1.97481 1 537.979 247.262 286.922 179.212
10 0.207759 -0.0662019 2.10151 1 551.924 297.147 294.359 215.368
11 0.248941 -0.130439 2.13854 1 564.034 312.086 300.818 226.196
12 0.0983111 -0.141921 1.70156 2 523.676 323.403 279.294 234.398
13 0.0436968 -0.426612 1.55587 2 503.364 420.635 268.461 304.871
14 -0.142651 -0.659613 1.50906 2 418.377 504.35 223.134 365.546
15 -0.0795579 -0.581116 1.48783 1 446.882 480.481 238.337 348.246
16 0.185949 -0.165225 1.76804 2 556.323 328.526 296.705 238.112
17 0.257218 -0.486717 1.82676 2 581.34 416.807 310.048 302.096
18 0.263005 -0.795792 1.86692 2 581.69 498.815 310.235 361.534
19 0.299952 -0.859835 1.83289 2 597.454 520.618 318.642 377.337
20 0.179206 0.381435 1.76769 2 553.922 171.628 295.425 124.394
21 0.0191297 -0.209144 1.45777 2 492.987 353.858 262.926 256.471
22 0.0547911 -0.143648 1.5194 2 508.747 329.037 271.332 238.481
23 0.272007 -0.192259 2.16308 1 570.512 326.229 304.273 236.446
24 0.294837 -0.0984932 2.10545 1 580.328 304.901 309.508 220.988
0
0
0.313681 0.0324765 0.948938 -0.00810381
0.336353 0.0322728 0.941141 -0.0088805
0.358218 0.0117017 0.932647 -0.0413777
0 0 0 0
-0.239958 0.728152 -0.55348 0.325385
-0.19608 0.958976 -0.204653 0.00591028
-0.117776 0.333202 -0.154159 0.922681
-0.0307164 0.332401 -0.041151 0.941739
0.205887 0.778599 0.535006 0.255271
0.230444 -0.0764594 0.26734 0.932512
0.082689 0.596611 0.285788 0.745348
-0.0326219 0.635239 0.346772 0.689316
0.342688 -0.556461 0.686186 -0.319476
-0.247484 0.908355 -0.000814355 -0.337108
-0.210376 0.857143 -0.264544 -0.38867
0 0 0 0
-0.0380494 0.771614 0.633899 -0.0365588
-0.0561514 0.445873 0.127585 0.884176
0.018634 0.418531 0.0625075 0.905857
0 0 0 0
0.35922 0.0216242 0.932714 -0.0232196
0 0 0 0
0 0 0 0
0 0 0 0
0 0 0 0
