3554058
0 0.464355 -0.587253 2.83538 2 597.081 386.485 318.443 280.119
1 0.451294 -0.262852 2.84139 2 593.375 328.106 316.467 237.807
2 0.438831 0.0548719 2.83382 2 590.552 271.403 314.961 196.709
3 0.514149 0.146395 2.85388 2 608.083 255.204 324.311 184.968
4 0.349926 -0.0612197 2.72824 2 572.186 292.569 305.166 212.05
5 0.29071 -0.300178 2.66888 2 558.937 338.182 298.1 245.11
6 0.333795 -0.545236 2.63968 2 571.238 386.12 304.66 279.855
7 0.345241 -0.606096 2.64067 2 574.265 397.875 306.275 288.374
8 0.580429 -0.100362 2.93529 1 620.255 298.553 330.803 216.387
9 0.604921 -0.369906 2.93906 1 626.016 345.133 333.875 250.148
10 0.638058 -0.56187 2.88773 1 636.737 380.21 339.593 275.571
11 0.578996 -0.615404 2.95385 1 619.454 387.186 330.375 280.627
12 0.400092 -0.564162 2.74945 2 584.429 385.462 311.696 279.377
13 0.325574 -0.858879 2.71294 2 567.052 442.515 302.427 320.729
14 0.266 -1.17655 2.74405 2 551.205 500.086 293.976 362.455
15 0.293624 -1.24158 2.67244 2 560.174 518.363 298.76 375.702
16 0.517509 -0.59593 2.84909 2 609.479 387.573 325.056 280.908
17 0.470694 -0.967976 2.88366 2 597.08 452.396 318.443 327.89
18 0.414753 -1.31768 2.94615 2 581.62 509.529 310.197 369.3
19 0.488093 -1.35429 2.91386 2 600.134 518.413 320.071 375.739
20 0.442108 -0.0237889 2.83835 2 591.176 285.456 315.294 206.895
21 0.365958 -0.682637 2.64076 2 579.775 412.732 309.213 299.143
22 0.305228 -0.618584 2.6258 2 564.247 400.947 300.932 290.601
23 0.575173 -0.633518 2.95006 2 618.75 390.46 330 283
24 0.570722 -0.608786 2.92675 2 618.75 387.013 330 280.502
1
1
0.344293 -0.0157004 0.938601 0.0156117
0.347792 -0.0156421 0.93731 0.0156702
0.351534 -0.0295682 0.935503 -0.0195766
0 0 0 0
-0.281799 0.730407 -0.542652 0.30434
-0.10174 0.976711 -0.133613 0.133535
0.0154266 0.731896 0.103296 -0.673365
0.0683065 0.737291 0.0633423 -0.669122
0.15191 0.795934 0.520076 0.270062
-0.0320283 0.59999 0.032769 0.798694
-0.08536 0.907181 0.127521 -0.391758
0.19145 0.787344 -0.452658 -0.372207
0.359255 -0.566151 0.690017 -0.272556
-0.105782 0.901101 -0.0867441 -0.411464
-0.00761459 0.845549 -0.10378 -0.523659
0 0 0 0
0.0734194 0.752958 0.645401 0.105457
0.075877 0.416417 0.0157881 0.905864
0.0957273 0.219629 0.0679928 0.968492
0 0 0 0
0.351632 -0.0202106 0.93592 0.000796662
0 0 0 0
0 0 0 0
0 0 0 0
0 0 0 0
