3509880
0 1.31575 -0.570743 2.65691 2 827.015 390.714 441.075 283.184
1 1.34768 -0.281163 2.65873 2 835.346 335.156 445.518 242.916
2 1.37587 0.00715458 2.65003 2 843.86 279.834 450.059 202.82
3 1.3255 0.105311 2.69912 2 824.564 261.298 439.768 189.385
4 1.33636 -0.0642878 2.76544 1 819.156 293.077 436.883 212.418
5 1.33828 -0.290699 2.88326 1 805.947 332.678 429.838 241.12
6 1.34407 -0.550852 2.89094 1 806.366 378.443 430.062 274.29
7 1.33767 -0.700147 2.91071 1 802.533 403.911 428.018 292.749
8 1.34583 -0.112667 2.52378 2 853.43 303.971 455.163 220.314
9 1.19167 -0.320739 2.52094 2 811.832 346.148 432.977 250.883
10 1.03815 -0.272697 2.62605 2 758.118 334.204 404.33 242.226
11 1.01034 -0.243881 2.64776 2 748.516 328.202 399.208 237.877
12 1.29905 -0.569885 2.65495 2 822.979 390.652 438.922 283.139
13 1.3241 -0.90481 2.74011 1 817.953 449.155 436.241 325.542
14 1.43824 -1.1904 2.76182 1 840.845 498.571 448.451 361.358
15 1.3614 -1.26659 2.74171 1 824.159 514.115 439.552 372.623
16 1.30747 -0.555735 2.60248 2 831.904 390.038 443.682 282.694
17 1.29655 -0.818053 2.56167 2 833.473 443.485 444.519 321.432
18 1.31758 -1.12613 2.51589 1 842.251 506.554 449.201 367.143
19 1.27105 -0.998398 2.51681 1 831.396 482.031 443.411 349.37
20 1.36993 -0.0644578 2.65426 2 841.759 293.599 448.938 212.796
21 1.32704 -0.7086 2.89598 1 801.603 406.021 427.522 294.279
22 1.33133 -0.692867 2.89707 1 802.524 403.209 428.013 292.24
23 0.970875 -0.212274 2.67347 2 735.625 321.701 392.334 233.165
24 0.991347 -0.26383 2.6415 2 744.136 332.163 396.872 240.747
1
2
-0.646718 0.0398011 0.760745 0.0379252
-0.652406 0.0395155 0.755873 0.0382227
-0.659255 0.0504567 0.750207 0.00515865
0 0 0 0
-0.377083 -0.533308 0.598782 0.46352
0.173507 0.69834 -0.162364 -0.67517
-0.00956385 0.102146 0.0158256 0.994598
0.0277275 0.099256 0.0632863 0.99266
0.460704 -0.557921 -0.342062 0.599558
-0.0987656 0.906603 -0.297523 -0.282482
0.739365 0.502446 -0.279896 0.350065
0.840017 0.369632 -0.332698 0.216926
0.0400322 -0.68752 0.723804 -0.0426823
-0.0470362 -0.0857091 0.120321 0.987909
-0.191554 -0.117867 0.0129596 0.974293
0 0 0 0
0.635913 -0.425485 -0.476567 0.432968
-0.0750709 0.993356 -0.0269559 0.0829515
-0.0759837 0.993643 0.0279169 0.0782292
0 0 0 0
-0.658816 0.0451909 0.750494 0.0260245
0 0 0 0
0 0 0 0
0 0 0 0
0 0 0 0
