3506926
0 0.44699 -0.609474 2.82874 2 593.118 390.736 316.33 283.2
1 0.426837 -0.271967 2.82915 2 587.878 329.935 313.535 239.133
2 0.403384 0.0594106 2.81786 2 582.466 270.535 310.649 196.08
3 0.488045 0.151378 2.8371 2 602.452 254.165 321.308 184.216
4 0.333035 -0.0649782 2.70609 2 568.605 293.364 303.256 212.626
5 0.303375 -0.290546 2.63872 2 563.104 336.988 300.322 244.245
6 0.374196 -0.539649 2.61191 2 582.874 386.183 310.866 279.9
7 0.380129 -0.585115 2.61277 2 584.463 395.05 311.713 286.327
8 0.537095 -0.142967 2.95152 1 609.337 305.769 324.98 221.617
9 0.609701 -0.350362 2.93998 2 627.084 341.732 334.445 247.683
10 0.734988 -0.50059 2.88529 2 660.175 369.527 352.093 267.828
11 0.762136 -0.551732 2.87143 2 667.677 379.079 356.095 274.751
12 0.39577 -0.585647 2.74132 2 583.66 389.776 311.285 282.504
13 0.330819 -0.854744 2.69391 2 568.99 442.879 303.462 320.993
14 0.266228 -1.17066 2.73429 2 551.502 499.768 294.135 362.225
15 0.288248 -1.23941 2.67225 2 558.785 517.967 298.019 375.416
16 0.485973 -0.616185 2.84967 2 601.8 391.16 320.96 283.507
17 0.46728 -0.978794 2.88108 2 596.368 454.477 318.063 329.398
18 0.408785 -1.34608 2.94895 2 580.118 514.215 309.396 372.696
19 0.494099 -1.34586 2.90812 2 601.797 517.406 320.959 375.009
20 0.409459 -0.0224445 2.82279 2 583.777 285.237 311.348 206.736
21 0.399762 -0.650305 2.62355 2 589.305 407.316 314.296 295.217
22 0.412665 -0.564193 2.60674 2 593.322 391.237 316.438 283.563
23 0.783812 -0.60188 2.85675 2 673.974 388.58 359.453 281.638
24 0.746144 -0.570296 2.87679 2 663.481 382.18 353.856 276.999
1
2
0.422381 -0.0267677 0.905928 0.0131453
0.415551 -0.0268658 0.909081 0.0129435
0.408633 -0.0460191 0.911456 -0.0122439
0 0 0 0
-0.315891 0.729994 -0.504365 0.336062
-0.128069 0.967347 -0.0909452 0.198914
-0.137031 0.661518 0.0532681 0.735377
-0.0417031 0.670315 0.0505059 0.739181
0.174354 0.807736 0.439068 0.352679
-0.167916 0.286287 0.0231698 0.943031
-0.283706 -0.234761 -0.222943 0.902604
-0.198341 -0.243392 -0.176523 0.932878
0.400966 -0.543754 0.673559 -0.299795
-0.119564 0.932112 -0.0814638 -0.332018
0.00030214 0.843376 -0.118023 -0.524201
0 0 0 0
0.151273 0.733076 0.634142 0.193856
0.0388445 0.340308 0.0318162 0.938973
0.0956091 0.214456 0.0714464 0.969414
0 0 0 0
0.408547 -0.0369168 0.911987 0.00259438
0 0 0 0
0 0 0 0
0 0 0 0
0 0 0 0
