3554222
0 0.467468 -0.592741 2.83915 2 597.696 387.334 318.771 280.735
1 0.453947 -0.26411 2.84143 2 594.021 328.332 316.811 237.97
2 0.442051 0.0562641 2.83043 2 591.466 271.142 315.449 196.52
3 0.518451 0.14761 2.85192 2 609.214 254.968 324.914 184.798
4 0.359655 -0.0634254 2.72365 2 574.801 292.999 306.56 212.362
5 0.300191 -0.304229 2.66364 2 561.543 339.071 299.49 245.754
6 0.335649 -0.543938 2.63763 2 571.791 385.952 304.955 279.733
7 0.347107 -0.606197 2.63922 1 574.805 397.96 306.563 288.436
8 0.583393 -0.0985703 2.93178 1 621.12 298.264 331.264 216.178
9 0.606691 -0.368202 2.93609 1 626.578 344.904 334.175 249.982
10 0.596907 -0.607733 2.98404 2 622.229 384.804 331.856 278.901
11 0.602595 -0.647503 2.99544 2 623.061 391.199 332.299 283.536
12 0.403366 -0.568215 2.75348 2 585.108 386.062 312.058 279.813
13 0.327346 -0.857316 2.71159 2 567.545 442.3 302.69 320.573
14 0.266107 -1.17761 2.74474 2 551.215 500.228 293.981 362.559
15 0.29618 -1.24134 2.67249 2 560.836 518.312 299.113 375.666
16 0.519801 -0.603088 2.85378 2 609.836 388.681 325.246 281.711
17 0.470559 -0.971564 2.88491 2 597.001 452.96 318.4 328.299
18 0.415631 -1.3158 2.94491 2 581.868 509.299 310.33 369.133
19 0.48774 -1.35426 2.91283 2 600.091 518.491 320.048 375.795
20 0.445104 -0.0232034 2.83603 2 591.994 285.355 315.73 206.821
21 0.359244 -0.684261 2.64087 2 578.011 413.037 308.273 299.364
22 0.307883 -0.602992 2.62714 2 564.89 397.849 301.275 288.356
23 0.607121 -0.691868 2.99657 2 624.107 398.736 332.857 288.999
24 0.574321 -0.628771 2.95575 2 618.283 389.425 329.751 282.25
1
1
0.346118 -0.0180873 0.937959 0.0103692
0.352527 -0.018016 0.935569 0.0104927
0.359167 -0.0305179 0.932414 -0.0259261
0 0 0 0
-0.292683 0.730879 -0.526626 0.320651
-0.0989728 0.973261 -0.135647 0.156738
-0.0148226 -0.695876 -0.0893658 0.712426
-0.0733975 -0.700901 -0.0550101 0.707336
0.150893 0.795565 0.52228 0.267454
0.0271071 0.884388 0.0344216 -0.464691
0.0745811 0.856223 -0.0675072 -0.506717
0.153757 0.842206 -0.0134513 -0.516591
0.357979 -0.560276 0.695386 -0.272729
-0.116498 0.900772 -0.0868668 -0.409258
-0.0051871 0.850375 -0.10671 -0.515218
0 0 0 0
0.0820674 0.762487 0.632248 0.11019
0.0775977 0.413722 0.0105986 0.907028
0.0952836 0.222087 0.065758 0.968129
0 0 0 0
0.359358 -0.0211388 0.932952 -0.0038511
0 0 0 0
0 0 0 0
0 0 0 0
0 0 0 0
