3527930
0 0.437465 -0.574331 2.84146 2 590.266 383.913 314.809 278.255
1 0.432346 -0.255005 2.85331 2 588.319 326.505 313.77 236.647
2 0.424752 0.0579169 2.84926 2 586.557 270.916 312.83 196.356
3 0.475564 0.17538 2.86251 2 598.386 250.158 319.139 181.311
4 0.324465 -0.0558474 2.75204 2 565.039 291.48 301.354 211.261
5 0.265769 -0.273108 2.69322 2 551.858 332.555 294.324 241.032
6 0.317443 -0.536644 2.64903 2 566.65 384.079 302.213 278.375
7 0.327761 -0.589022 2.64426 2 569.549 394.398 303.76 285.855
8 0.576921 -0.0989579 2.94068 2 619.176 298.278 330.227 216.188
9 0.671643 -0.280315 2.8939 2 644.202 330.424 343.575 239.487
10 0.800474 -0.411823 2.79418 2 682.22 356.268 363.851 258.219
11 0.859857 -0.495305 2.75606 2 700.106 372.831 373.39 270.223
12 0.371446 -0.55123 2.75643 2 576.966 382.778 307.715 277.432
13 0.326363 -0.860797 2.72602 2 566.851 442.095 302.32 320.424
14 0.26558 -1.17874 2.745 2 551.075 500.418 293.907 362.696
15 0.289494 -1.24303 2.67124 2 559.136 518.747 298.206 375.981
16 0.49282 -0.582768 2.85397 2 603.247 385.012 321.732 279.052
17 0.466863 -0.952173 2.88795 2 595.977 449.327 317.854 325.666
18 0.417225 -1.31621 2.94697 2 582.175 509.21 310.493 369.069
19 0.492646 -1.34768 2.90801 2 601.455 517.732 320.776 375.245
20 0.426885 -0.0194571 2.8529 2 586.939 284.665 313.034 206.321
21 0.353083 -0.667015 2.64705 2 576.159 409.383 307.285 296.715
22 0.3664 -0.554585 2.6484 2 579.477 387.6 309.054 280.927
23 0.890896 -0.540596 2.7389 2 709.421 381.884 378.358 276.784
24 0.892514 -0.492785 2.73389 2 710.206 373.133 378.777 270.441
1
0
0.332598 -0.00138411 0.942852 0.0201545
0.322259 -0.00160461 0.946436 0.0201381
0.311603 -0.0203927 0.949823 -0.0179922
0 0 0 0
-0.253192 0.740512 -0.559627 0.27268
-0.116094 0.979109 -0.139697 0.091397
-0.125793 0.611856 -0.0053911 0.780884
-0.103908 0.610187 0.0240668 0.785045
0.130487 0.807334 0.524422 0.236994
-0.260646 0.412221 -0.00458471 0.872993
-0.429567 0.612413 0.0376276 0.662575
-0.33878 0.633496 0.0580601 0.693209
0.351268 -0.568153 0.693915 -0.268878
-0.0748477 0.898854 -0.0440195 -0.429561
-0.0262592 0.836709 -0.0951124 -0.538686
0 0 0 0
0.0599121 0.750876 0.650298 0.0985311
0.0513033 0.431617 0.0261432 0.900217
0.0846312 0.244876 0.0607726 0.96394
0 0 0 0
0.311773 -0.0112883 0.950086 0.00277446
0 0 0 0
0 0 0 0
0 0 0 0
0 0 0 0
