405667
0 0.679354 0.0271544 2.76288 2 653.697 276.218 348.639 200.199
1 0.686961 0.302877 2.6333 2 664.284 222.707 354.285 161.415
2 0.689981 0.570889 2.49231 2 675.755 164.436 360.403 119.181
3 0.623366 0.667867 2.45309 2 660.064 142.371 352.034 103.189
4 0.600366 0.525412 2.68689 2 638.47 181.707 340.517 131.699
5 0.58014 0.264904 2.82241 2 625.754 233.566 333.735 169.286
6 0.553975 0.0422744 2.85505 2 617.674 273.702 329.426 198.376
7 0.548463 0.0186022 2.87186 2 615.553 277.926 328.295 201.437
8 0.774801 0.438903 2.42236 2 705.598 188.822 376.319 136.856
9 0.808312 0.213826 2.44324 2 713.055 236.615 380.296 171.495
10 0.754187 -0.0262207 2.52386 2 690.61 286.498 368.325 207.65
11 0.731555 -0.088413 2.55262 2 682.083 298.831 363.778 216.588
12 0.642084 0.0356363 2.77045 2 643.871 274.68 343.398 199.084
13 0.693927 -0.296522 2.97433 2 645.054 331.866 344.029 240.532
14 0.744951 -0.608061 3.1689 2 646.553 378.871 344.828 274.601
15 0.685842 -0.663188 3.17545 2 633.329 387.495 337.775 280.851
16 0.698102 0.0179597 2.68261 2 663.688 277.808 353.967 201.352
17 0.815741 -0.340343 2.79783 2 685.699 343.148 365.706 248.709
18 0.886416 -0.679977 2.97635 2 690.367 397.724 368.195 288.265
19 0.838415 -0.756716 2.91026 2 683.677 413.854 364.628 299.956
20 0.689946 0.505059 2.52969 2 672.801 179.488 358.827 130.09
21 0.549108 -0.0208226 2.86753 2 615.91 284.893 328.485 206.486
22 0.561819 -0.00414751 2.81936 2 621.304 281.957 331.362 204.358
23 0.716491 -0.15328 2.58215 2 675.753 311.403 360.401 225.701
24 0.693213 -0.0897593 2.53519 2 672.907 299.214 358.884 216.866
1
1
-0.461352 0.114256 0.859961 -0.185921
-0.461327 0.114251 0.859975 -0.185925
-0.459351 0.121535 0.850753 -0.224601
0 0 0 0
0.450983 0.612963 -0.593722 -0.261504
-0.129045 -0.637623 0.202049 0.732093
0.0876311 0.937764 -0.0303104 0.334665
0.315475 0.89935 0.00248907 0.302721
-0.16728 0.707875 0.504347 -0.465365
0.0650426 0.954389 0.0573585 -0.285692
0.0611987 0.779367 -0.180956 -0.596739
0.0650925 0.765954 -0.254602 -0.586732
-0.239976 -0.621492 0.742463 -0.070059
-0.139327 -0.260614 0.241211 0.924384
-0.112702 -0.146677 0.259318 0.947913
0 0 0 0
-0.406243 0.576582 0.528713 -0.472209
0.108585 0.948395 0.184098 0.234232
0.162152 0.847373 0.196074 0.466069
0 0 0 0
-0.460741 0.117127 0.855952 -0.203336
0 0 0 0
0 0 0 0
0 0 0 0
0 0 0 0
