422134
0 0.712203 0.013954 2.8189 2 658.408 278.696 351.151 201.995
1 0.652405 0.29494 2.67396 2 652.51 225.139 348.005 163.178
2 0.586353 0.567257 2.51754 2 645.154 166.457 344.082 120.646
3 0.495144 0.64642 2.51683 2 620.115 150.408 330.728 109.013
4 0.554801 0.482762 2.62838 1 629.838 187.803 335.914 136.117
5 0.574401 0.18928 2.70266 1 630.561 245.662 336.299 178.052
6 0.633346 0.00488056 2.92517 1 633.273 280.364 337.746 203.204
7 0.622093 -0.0406139 2.91134 1 631.305 288.289 336.696 208.948
8 0.664435 0.421315 2.45934 2 670.919 193.974 357.823 140.59
9 0.535596 0.181207 2.49065 2 632.309 244.277 337.231 177.049
10 0.349273 0.0661207 2.54459 2 578.4 268.055 308.48 194.282
11 0.314497 0.0601723 2.56635 2 568.245 269.344 303.064 195.217
12 0.676841 0.0212893 2.82674 2 649.212 277.386 346.247 201.045
13 0.715154 -0.313248 3.02011 2 647.493 333.92 345.329 242.021
14 0.753941 -0.606714 3.17565 2 648.173 378.452 345.692 274.297
15 0.669377 -0.654349 3.19298 2 628.908 385.478 335.417 279.389
16 0.729403 0.00653598 2.73919 2 667.906 279.998 356.216 202.939
17 0.818401 -0.335818 2.82055 2 684.712 341.828 365.18 247.752
18 0.887107 -0.67992 2.97876 2 690.36 397.62 368.192 288.19
19 0.839799 -0.754535 2.91262 2 683.843 413.363 364.716 299.6
20 0.603529 0.500426 2.55901 2 647.097 181.672 345.118 131.674
21 0.623635 -0.0646822 2.90746 2 631.875 292.5 337 212
22 0.625057 -0.0459567 2.87753 2 633.765 289.316 338.008 209.692
23 0.295968 0.00930118 2.59118 2 562.5 279.394 300 202.501
24 0.297054 0.0887768 2.5406 2 564.372 263.526 300.998 191
1
0
-0.471773 0.0296129 0.845017 -0.25
-0.458591 0.0257262 0.852243 -0.25043
-0.439433 0.0246211 0.849691 -0.290376
0 0 0 0
0.407499 0.750545 -0.481621 -0.196642
0.0779623 0.786093 0.101076 0.604784
0.368758 0.863206 0.226737 0.259775
-0.122338 0.96877 -0.139616 0.164397
-0.163793 0.695058 0.439067 -0.54524
0.0205342 0.956584 -0.248755 -0.150485
-0.192219 0.675294 -0.455984 -0.546908
0.160096 -0.523501 0.634517 0.545623
-0.274319 -0.626477 0.723875 -0.0909975
-0.122357 -0.274101 0.232931 0.925009
-0.0657027 -0.023673 0.238501 0.968628
0 0 0 0
-0.332166 0.491104 0.586831 -0.551463
0.0775197 0.951897 0.149634 0.255915
0.141415 0.85414 0.181693 0.466299
0 0 0 0
-0.44325 0.0205611 0.854859 -0.268928
0 0 0 0
0 0 0 0
0 0 0 0
0 0 0 0
