417719
0 -0.350097 -0.207535 2.48807 2 387.078 323.47 206.441 234.447
1 -0.366251 0.0357501 2.38413 2 378.216 273.616 201.715 198.313
2 -0.382478 0.274802 2.26675 2 367.626 219.708 196.067 159.241
3 -0.360142 0.3947 2.24966 2 373.477 192.114 199.188 139.241
4 -0.427676 0.143717 2.21729 2 350.996 248.333 187.198 179.988
5 -0.426131 -0.0639965 2.2376 2 352.724 295.713 188.119 214.329
6 -0.3761 -0.251259 2.32367 2 372.415 336.044 198.621 243.56
7 -0.367666 -0.309076 2.37206 2 377.113 347.303 201.127 251.72
8 -0.306887 0.129337 2.41729 2 396.609 254.122 211.525 184.184
9 -0.251264 -0.0673226 2.50423 1 414.976 294.811 221.321 213.675
10 -0.332391 -0.302013 2.52039 2 393.118 341.945 209.663 247.837
11 -0.316038 -0.360517 2.52447 1 397.696 353.619 212.104 256.298
12 -0.38113 -0.217459 2.41072 2 375.047 326.936 200.025 236.959
13 -0.40625 -0.562443 2.58124 2 375.225 391.982 200.12 284.103
14 -0.416626 -0.880685 2.76131 2 379.444 443.777 202.37 321.643
15 -0.35111 -0.907691 2.77064 2 396.18 448.191 211.296 324.843
16 -0.312168 -0.190958 2.50019 2 398.033 319.888 212.284 231.85
17 -0.277116 -0.495804 2.72629 2 413.877 373.474 220.735 270.689
18 -0.305665 -0.851599 2.90592 2 411.184 430.402 219.298 311.95
19 -0.239188 -0.876321 2.84111 2 425.697 438.277 227.038 317.657
20 -0.378549 0.215748 2.29818 2 370.461 233.612 197.579 169.319
21 -0.340566 -0.37779 2.3928 2 385.814 361.322 205.768 261.881
22 -0.347396 -0.269045 2.3665 2 382.821 338.847 204.171 245.592
23 -0.332214 -0.452336 2.5144 2 392.819 372.524 209.503 270
24 -0.331539 -0.386438 2.42663 2 389.756 362.006 207.87 262.377
1
1
0.434707 -0.116767 0.87748 -0.165603
0.421357 -0.114244 0.883968 -0.167354
0.402773 -0.127899 0.882276 -0.207373
0 0 0 0
-0.222521 0.78628 -0.384262 0.42964
0.0416797 0.889125 0.0254934 0.455048
-0.0298483 0.380389 0.240043 0.892632
0.0670653 0.337945 0.338274 0.875709
0.29515 0.812917 0.385896 0.321149
0.164685 0.942506 0.173623 0.233275
0.022483 0.983725 -0.167124 -0.0620465
0.0455444 0.986373 0.132153 -0.0867715
-0.354235 0.605736 -0.561603 0.43841
0.206054 0.926713 -0.101286 -0.297467
0.253868 0.966349 -0.023632 -0.0340916
0 0 0 0
0.274625 0.554616 0.785339 -0.0150025
0.0558752 0.308597 0.311422 0.89703
0.123089 0.375063 0.199117 0.896955
0 0 0 0
0.40445 -0.120237 0.886998 -0.187612
0 0 0 0
0 0 0 0
0 0 0 0
0 0 0 0
