400700
0 0.721752 0.0160778 2.73647 2 666.141 278.224 355.275 201.653
1 0.723716 0.298697 2.60636 2 675.993 222.888 360.53 161.547
2 0.722536 0.572564 2.46273 2 687.291 162.644 366.555 117.882
3 0.648945 0.666996 2.43899 2 668.388 141.722 356.474 102.718
4 0.651309 0.507053 2.67538 2 652.366 184.734 347.928 133.893
5 0.617536 0.290577 2.83211 2 634.454 229.101 338.375 166.049
6 0.510196 0.0959825 2.89757 2 605.241 264.421 322.795 191.649
7 0.48742 0.0596106 2.91164 2 599.231 270.837 319.59 196.299
8 0.794597 0.434915 2.39074 2 714.327 188.427 380.975 136.569
9 0.820879 0.186072 2.42702 2 718.202 242.139 383.041 175.499
10 0.770296 -0.0264784 2.50172 2 696.956 286.598 371.71 207.723
11 0.756363 -0.0946955 2.53485 2 690.32 300.222 368.171 217.597
12 0.688601 0.0232394 2.74334 2 657.263 276.907 350.54 200.698
13 0.730156 -0.285785 2.94731 2 655.091 330.5 349.382 239.542
14 0.821432 -0.62534 3.1298 2 665.637 382.986 355.006 277.583
15 0.738593 -0.656548 3.164 2 645.461 386.852 344.246 280.385
16 0.736189 0.00848576 2.65639 2 675.475 279.586 360.253 202.64
17 0.817703 -0.349851 2.78895 2 686.847 345.087 366.319 250.114
18 0.892445 -0.681985 2.97131 2 692.135 398.273 369.139 288.663
19 0.838776 -0.758823 2.90995 2 683.787 414.239 364.686 300.235
20 0.723521 0.50549 2.50097 2 684.348 178.189 364.986 129.149
21 0.486194 0.0262647 2.90833 2 599.068 276.635 319.503 200.501
22 0.507329 0.0368102 2.891 2 604.822 274.758 322.572 199.141
23 0.738386 -0.160968 2.57459 2 682.259 313.021 363.871 226.874
24 0.725395 -0.0577062 2.53925 2 681.435 292.771 363.432 212.196
0
1
-0.487428 0.109613 0.846513 -0.183888
-0.493116 0.110849 0.843212 -0.183145
-0.495041 0.125525 0.830224 -0.223395
0 0 0 0
0.460288 0.626875 -0.540624 -0.320762
-0.0401685 -0.317397 0.310776 0.895022
0.272961 0.696942 -0.0743038 0.658971
0.301368 0.691436 -0.0806679 0.651603
-0.195001 0.704556 0.474398 -0.49043
0.0833473 0.95985 0.0310443 -0.266039
0.030078 -0.420709 0.197076 0.88502
-0.00847452 -0.407685 0.239935 0.880995
-0.238997 -0.626005 0.739161 -0.0681048
-0.128004 -0.239102 0.262526 0.926027
-0.0917726 0.108914 0.251006 0.957451
0 0 0 0
-0.426368 0.562093 0.521311 -0.480101
0.144018 0.952669 0.143662 0.225923
0.173153 0.860487 0.200062 0.43538
0 0 0 0
-0.497233 0.119029 0.835607 -0.200877
0 0 0 0
0 0 0 0
0 0 0 0
0 0 0 0
