401033
0 -0.466753 -0.173226 2.49665 2 355.1 316.401 189.387 229.323
1 -0.500307 0.0619059 2.40498 2 340.525 268.151 181.614 194.352
2 -0.528922 0.291269 2.3031 2 325.332 216.933 173.51 157.23
3 -0.509569 0.412326 2.28755 2 329.97 189.523 175.984 137.364
4 -0.568139 0.156638 2.24963 2 309.522 245.822 165.079 178.169
5 -0.542492 -0.0567579 2.26967 2 318.99 293.911 170.128 213.023
6 -0.480566 -0.221579 2.31452 2 340.709 329.812 181.711 239.044
7 -0.462434 -0.284521 2.39555 2 350.785 341.503 187.086 247.517
8 -0.461946 0.187072 2.4438 2 353.651 242.38 188.614 175.674
9 -0.403262 -0.0177212 2.53489 1 374.44 284.752 199.702 206.384
10 -0.44436 -0.0721375 2.35584 1 353.984 296.737 188.792 215.071
11 -0.461737 -0.140222 2.36143 1 349.165 311.332 186.221 225.649
12 -0.497204 -0.193325 2.42073 2 342.292 321.743 182.556 233.195
13 -0.499297 -0.527456 2.57565 2 349.972 385.364 186.652 279.306
14 -0.524674 -0.884759 2.74663 2 351.566 445.49 187.502 322.885
15 -0.430103 -0.91727 2.75354 2 375.718 451.073 200.383 326.931
16 -0.424435 -0.149532 2.51288 2 367.613 311.372 196.061 225.678
17 -0.506102 -0.522369 2.58709 2 348.75 383.9 186 278.246
18 -0.493578 -0.822282 2.84921 2 364.015 428.247 194.141 310.387
19 -0.411643 -0.878001 2.86255 2 384.385 437.488 205.006 317.086
20 -0.522043 0.234597 2.33041 2 329.318 230.075 175.636 166.755
21 -0.427552 -0.359565 2.41094 2 361.596 356.932 192.851 258.7
22 -0.46369 -0.330585 2.38344 2 349.69 351.65 186.501 254.871
23 -0.501034 -0.193285 2.30978 2 334.282 323.699 178.284 234.612
24 -0.492566 -0.0878092 2.26475 2 333.944 300.889 178.104 218.08
1
1
0.436638 -0.141894 0.878144 -0.134449
0.443981 -0.143016 0.874455 -0.133255
0.45204 -0.152365 0.862214 -0.170387
0 0 0 0
-0.216402 0.788647 -0.363288 0.446349
0.0265775 0.951374 0.0707832 0.298615
0.186424 0.892144 0.108048 -0.397052
0.442585 0.849289 -0.0456305 -0.284156
0.337215 0.738317 0.461139 0.358505
0.0782444 0.762093 0.227877 0.60097
-0.595748 0.760954 0.0554933 -0.250908
0.00227504 0.948825 -0.130595 -0.287527
-0.344668 0.651018 -0.51175 0.442143
0.204367 0.930624 -0.0680296 -0.295879
0.219756 0.974199 -0.0400812 -0.0322179
0 0 0 0
0.276563 0.517675 0.809419 0.0191345
0.143356 0.651561 0.00271744 0.744923
0.0414901 0.154661 0.349269 0.923239
0 0 0 0
0.45295 -0.145323 0.866503 -0.151293
0 0 0 0
0 0 0 0
0 0 0 0
0 0 0 0
