409743
0 -0.46029 -0.171728 2.50006 2 357.07 316.046 190.437 229.066
1 -0.494968 0.0629194 2.40944 2 342.33 267.963 182.576 194.216
2 -0.526184 0.292648 2.30824 2 326.512 216.775 174.14 157.116
3 -0.504769 0.412095 2.29299 2 331.794 189.799 176.957 137.564
4 -0.562606 0.158527 2.25325 2 311.514 245.456 166.141 177.903
5 -0.538846 -0.0446164 2.26792 2 319.983 291.201 170.658 211.059
6 -0.469591 -0.213479 2.33379 2 345.172 327.637 184.092 237.467
7 -0.456158 -0.264007 2.3914 2 352.392 337.241 187.943 244.428
8 -0.46283 0.2134 2.44584 2 353.491 236.946 188.529 171.735
9 -0.404151 0.008445 2.53697 1 374.289 279.524 199.621 202.596
10 -0.445596 -0.0465048 2.35655 1 353.666 291.217 188.622 211.07
11 -0.456795 -0.116504 2.35135 1 350.052 306.341 186.694 222.032
12 -0.487924 -0.193809 2.42131 2 344.985 321.83 183.992 233.258
13 -0.493523 -0.526803 2.57694 2 351.596 385.176 187.518 279.17
14 -0.523546 -0.88464 2.7468 2 351.859 445.457 187.658 322.861
15 -0.432872 -0.917538 2.75313 2 375.003 451.15 200.002 326.987
16 -0.421721 -0.145572 2.51831 2 368.613 310.508 196.594 225.052
17 -0.500233 -0.5223 2.59405 2 350.687 383.603 187.033 278.03
18 -0.448957 -0.7464 2.79226 2 372.717 417.298 198.782 302.452
19 -0.36341 -0.783329 2.74459 2 392.341 426.524 209.249 309.138
20 -0.518892 0.236058 2.3355 2 330.594 229.871 176.317 166.608
21 -0.422125 -0.340086 2.41257 2 363.26 352.765 193.738 255.679
22 -0.418212 -0.216572 2.40098 2 363.913 326.955 194.087 236.972
23 -0.49646 -0.171557 2.28152 2 333.823 319.387 178.039 231.487
24 -0.485495 -0.0638124 2.26523 2 336.153 295.506 179.281 214.179
1
1
0.465796 -0.147667 0.863184 -0.127051
0.472877 -0.148707 0.859325 -0.125833
0.480071 -0.160731 0.846757 -0.163402
0 0 0 0
-0.219369 0.777051 -0.363325 0.464826
0.00946745 0.913346 0.067595 0.401422
-0.0896891 0.421132 0.238369 0.870508
0.0610266 0.332952 0.414166 0.844917
0.368874 0.678918 0.523352 0.359313
0.078293 0.762189 0.227752 0.600889
-0.597314 0.770849 0.0306757 -0.219241
-0.056308 0.960711 -0.0665497 -0.263505
-0.357015 0.650318 -0.494635 0.452728
0.206707 0.94 -0.0659968 -0.26328
0.217747 0.974236 -0.0467393 -0.0355723
0 0 0 0
0.301731 0.486621 0.818708 0.0433029
0.134222 0.866993 -0.0414269 0.478113
0.0314761 0.311148 0.360365 0.878825
0 0 0 0
0.480697 -0.154072 0.851519 -0.141802
0 0 0 0
0 0 0 0
0 0 0 0
0 0 0 0
