409940
0 -0.460067 -0.171799 2.50004 2 357.13 316.06 190.47 229.076
1 -0.494978 0.0628595 2.40944 2 342.327 267.976 182.574 194.225
2 -0.52645 0.292523 2.30832 2 326.438 216.805 174.1 157.137
3 -0.505004 0.412109 2.29289 2 331.717 189.792 176.916 137.559
4 -0.562895 0.15836 2.25315 2 311.417 245.492 166.089 177.929
5 -0.538816 -0.0447715 2.26787 2 319.988 291.236 170.66 211.084
6 -0.469818 -0.213518 2.33372 2 345.1 327.647 184.053 237.474
7 -0.456028 -0.264619 2.39101 2 352.408 337.381 187.951 244.529
8 -0.46259 0.209731 2.44628 2 353.586 237.716 188.579 172.293
9 -0.403912 0.00479935 2.5374 1 374.373 280.253 199.665 203.123
10 -0.445361 -0.050142 2.35696 1 353.757 291.997 188.671 211.636
11 -0.456997 -0.116865 2.35141 1 349.996 306.419 186.664 222.088
12 -0.487776 -0.193647 2.42151 2 345.04 321.793 184.021 233.231
13 -0.493476 -0.526537 2.57662 2 351.592 385.136 187.516 279.142
14 -0.523335 -0.884908 2.74678 2 351.911 445.508 187.686 322.898
15 -0.43201 -0.917645 2.75352 2 375.236 451.146 200.126 326.984
16 -0.42121 -0.145867 2.51803 2 368.741 310.571 196.662 225.098
17 -0.500167 -0.522585 2.59393 2 350.698 383.664 187.039 278.074
18 -0.44848 -0.742329 2.79632 2 373.003 416.351 198.935 301.766
19 -0.362961 -0.779312 2.74857 2 392.593 425.561 209.383 308.44
20 -0.51906 0.235966 2.33553 2 330.546 229.892 176.291 166.623
21 -0.418055 -0.340795 2.40847 2 364.223 353.034 194.252 255.874
22 -0.418628 -0.218667 2.40661 2 364.075 327.289 194.173 237.215
23 -0.498178 -0.170619 2.28232 2 333.354 319.165 177.789 231.327
24 -0.485223 -0.0660282 2.26683 2 336.341 295.992 179.382 214.531
1
1
0.463658 -0.147729 0.864311 -0.127139
0.470285 -0.148702 0.860723 -0.126
0.476995 -0.160752 0.848494 -0.163376
0 0 0 0
-0.220557 0.778574 -0.362839 0.462088
0.00909145 0.912331 0.0683694 0.403603
-0.108719 0.347168 0.229994 0.902639
0.0224515 0.26037 0.414646 0.871649
0.363627 0.687531 0.514325 0.361312
0.0782911 0.762185 0.227766 0.600889
-0.59696 0.768342 0.0373255 -0.227808
-0.0630085 0.957407 -0.0714836 -0.272566
-0.357152 0.650304 -0.495532 0.451659
0.205966 0.939519 -0.0664536 -0.265455
0.21793 0.97432 -0.0459243 -0.033123
0 0 0 0
0.298759 0.489192 0.818385 0.040981
0.134668 0.866689 -0.0417547 0.47851
0.0337419 0.310678 0.369416 0.875142
0 0 0 0
0.477665 -0.15391 0.853208 -0.142069
0 0 0 0
0 0 0 0
0 0 0 0
0 0 0 0
