428817
0 -0.386108 -0.213284 2.49076 2 377.186 324.611 201.166 235.273
1 -0.408448 0.0235517 2.38247 2 365.893 276.201 195.143 200.187
2 -0.429718 0.255147 2.26239 2 352.949 223.972 188.239 162.332
3 -0.379148 0.371724 2.23847 2 367.066 196.881 195.769 142.697
4 -0.493123 0.126466 2.21144 2 330.107 252.177 176.057 182.774
5 -0.500285 -0.0957389 2.24123 2 329.962 302.896 175.98 219.535
6 -0.46277 -0.295256 2.32562 2 346.638 345.68 184.874 250.544
7 -0.452805 -0.357759 2.36264 2 351.663 358.125 187.554 259.564
8 -0.35446 0.165952 2.40786 2 382.606 246.294 204.057 178.511
9 -0.324246 -0.0504026 2.51441 1 395.248 291.358 210.799 211.172
10 -0.282321 -0.211434 2.58497 1 408.816 322.62 218.035 233.83
11 -0.311327 -0.28944 2.60816 1 401.774 337.433 214.28 244.567
12 -0.422642 -0.224478 2.40821 2 362.996 328.486 193.598 238.082
13 -0.47166 -0.573112 2.58078 2 357.616 394.175 190.728 285.693
14 -0.495401 -0.8788 2.75996 2 359.582 443.561 191.777 321.487
15 -0.408296 -0.914524 2.75844 2 381.4 450.243 203.414 326.33
16 -0.341237 -0.197106 2.5125 2 390.465 320.949 208.248 232.619
17 -0.295805 -0.500622 2.72779 2 409.18 374.334 218.229 271.312
18 -0.250287 -0.79796 2.87818 2 423.835 422.257 226.045 306.046
19 -0.150467 -0.826553 2.88104 2 447.848 427.171 238.852 309.608
20 -0.424781 0.198022 2.29451 2 356.337 237.433 190.046 172.088
21 -0.436618 -0.430652 2.37717 2 357.112 373.273 190.46 270.544
22 -0.430687 -0.313644 2.36314 2 358.232 348.583 191.057 252.648
23 -0.288833 -0.350332 2.63416 2 408.444 348.608 217.837 252.666
24 -0.324798 -0.294734 2.5663 2 396.8 339.409 211.626 245.999
1
0
0.424953 -0.131784 0.8789 -0.171995
0.420947 -0.131 0.880826 -0.172593
0.414547 -0.143477 0.873365 -0.211656
0 0 0 0
-0.169791 0.767274 -0.440725 0.433848
0.0667772 0.895081 0.0150345 0.440619
-0.000816934 0.393289 0.215076 0.893904
0.0381686 0.378322 0.268898 0.884935
0.365976 0.728537 0.499183 0.293447
-0.0171204 0.19619 0.233723 0.95215
0.217204 0.95993 0.0857671 -0.154923
0.109609 0.963943 -0.191122 -0.149242
-0.344389 0.615394 -0.565572 0.427568
0.196476 0.926603 -0.129643 -0.293253
0.256886 0.959924 -0.0601243 -0.0945533
0 0 0 0
0.312495 0.587071 0.746105 0.0319565
0.0402937 0.316274 0.305882 0.897097
-0.0533573 0.0682303 0.234695 0.968202
0 0 0 0
0.415647 -0.137397 0.878725 -0.190268
0 0 0 0
0 0 0 0
0 0 0 0
0 0 0 0
