8587979
0 1.23608 0.360301 3.61811 2 720.623 230.448 384.332 167.026
1 1.23623 0.624643 3.47761 2 730.445 189.564 389.571 137.393
2 1.23212 0.880377 3.32593 2 740.967 146.08 395.182 105.877
3 1.20912 1.0005 3.25054 2 741.983 124.102 395.724 89.9477
4 1.09084 0.877944 3.46111 2 702.515 151.772 374.675 110.002
5 1.01214 0.765283 3.63744 2 676.68 173.984 360.896 126.101
6 1.1667 0.603217 3.56544 2 710.709 194.941 379.045 141.291
7 1.10005 0.534349 3.51592 1 700.652 203.755 373.681 147.679
8 1.34057 0.781168 3.27814 2 767.648 159.567 409.412 115.652
9 1.41575 0.559258 3.27823 2 783.563 194.121 417.9 140.697
10 1.26291 0.365276 3.09134 2 767.334 220.899 409.245 160.104
11 1.19268 0.30804 3.00959 2 758.791 228.978 404.688 165.96
12 1.17828 0.365491 3.6183 2 709.451 229.741 378.374 166.513
13 1.21308 0.0941724 3.74952 2 707.877 268.419 377.534 194.547
14 1.28292 -0.205781 3.97418 2 707.4 307.584 377.28 222.933
15 1.25215 -0.301483 3.89733 2 706.364 320.615 376.727 232.377
16 1.27287 0.346671 3.5514 2 732.341 231.432 390.582 167.739
17 1.34888 0.0658838 3.62526 2 741.817 271.943 395.636 197.101
18 1.37637 -0.227439 3.7998 2 734.954 311.731 391.975 225.938
19 1.44088 -0.340818 3.71614 2 752.81 328.005 401.499 237.734
20 1.23363 0.817368 3.36593 2 738.212 157.248 393.713 113.971
21 1.10466 0.495059 3.51424 2 701.643 209.423 374.21 151.787
22 1.09137 0.485898 3.531 2 697.967 211.098 372.249 153.001
23 1.1648 0.280897 2.986 2 754.453 233.21 402.375 169.028
24 1.19096 0.257882 2.98756 2 760.412 237.161 405.553 171.891
1
0
-0.295995 0.074019 0.924066 -0.230237
-0.312956 0.0782449 0.918461 -0.228836
-0.328674 0.0856025 0.902239 -0.265725
0 0 0 0
-0.40036 -0.575918 0.711434 0.0434876
0.365915 0.821566 -0.33783 -0.277501
-0.332862 -0.119198 -0.211494 0.911189
0.302223 0.127409 -0.299105 0.896083
-0.0851059 0.675807 0.605137 -0.41213
-0.058209 0.920884 0.151831 0.354305
0.0624803 0.463981 -0.427699 0.773234
0.0827511 0.446793 -0.508568 0.73136
-0.17997 -0.654925 0.715764 -0.162374
-0.151455 -0.432069 0.172948 0.872047
-0.257669 -0.540098 0.200455 0.775705
0 0 0 0
-0.266265 0.615509 0.583991 -0.457391
0.0571853 0.887189 0.170136 0.425065
0.110191 0.528255 0.244049 0.805757
0 0 0 0
-0.329784 0.0829717 0.907644 -0.246049
0 0 0 0
0 0 0 0
0 0 0 0
0 0 0 0
