8576505
0 1.20476 0.392696 3.70276 2 709.268 227.169 378.276 164.649
1 1.20076 0.673018 3.56647 2 717.352 184.949 382.588 134.049
2 1.19255 0.947027 3.42114 2 725.786 139.898 387.086 101.396
3 1.14248 1.06862 3.38051 2 718.419 119.835 383.157 86.8549
4 1.07959 0.892105 3.58236 2 692.891 154.166 369.542 111.738
5 1.04854 0.695595 3.69525 2 680.441 185.295 362.902 134.299
6 0.927096 0.632461 3.49524 2 667.519 189.064 356.01 137.031
7 0.922028 0.649557 3.47679 2 667.503 186.061 356.002 134.854
8 1.29276 0.822759 3.36472 2 750.507 156.38 400.27 113.342
9 1.32493 0.5508 3.43766 2 751.277 199.436 400.681 144.548
10 1.26041 0.33528 3.49605 2 733.813 232.304 391.367 168.37
11 1.24543 0.299376 3.51449 2 729.497 237.779 389.065 172.339
12 1.14419 0.401192 3.70705 2 697.597 226.088 372.052 163.866
13 1.18314 0.123632 3.83585 2 697.34 264.803 371.915 191.926
14 1.27666 -0.195751 3.98077 2 705.924 306.255 376.493 221.969
15 1.24241 -0.293808 3.9025 2 704.32 319.557 375.637 231.611
16 1.24411 0.37765 3.6334 2 721.169 228.225 384.623 165.415
17 1.3108 0.0717994 3.67678 2 730.931 271.256 389.83 196.603
18 1.3735 -0.231414 3.80593 2 734.019 312.213 391.477 226.288
19 1.37136 -0.336655 3.75588 2 737.016 326.924 393.075 236.95
20 1.19533 0.879542 3.45932 2 723.649 151.43 385.946 109.755
21 0.905118 0.650227 3.45409 2 665.311 185.342 354.833 134.333
22 0.915617 0.625042 3.46983 2 666.565 189.482 355.501 137.334
23 1.23566 0.242714 3.54197 2 725.625 246.28 387 178.501
24 1.27899 0.286088 3.51069 2 736.439 239.653 392.767 173.697
3
3
-0.313427 0.0659131 0.922713 -0.214523
-0.348013 0.0739589 0.910232 -0.211883
-0.382449 0.083649 0.888043 -0.24107
0 0 0 0
0.402298 0.661704 -0.612571 -0.158308
-0.0679169 -0.485049 0.256621 0.833223
0.291054 0.0369412 -0.53389 0.793022
-0.30047 0.027494 0.861902 -0.407538
-0.118203 0.707121 0.541429 -0.439161
0.130615 0.989797 0.0559456 -0.0105494
0.190459 0.693863 -0.00941958 0.6944
0.286992 0.686795 0.0254991 0.667307
-0.195525 -0.644307 0.728733 -0.124846
-0.150419 -0.41814 0.1657 0.880384
-0.221451 -0.511031 0.104941 0.82389
0 0 0 0
-0.259206 0.619106 0.583186 -0.457618
0.0166446 0.895261 0.125796 0.42709
0.0946534 0.763174 0.197836 0.607838
0 0 0 0
-0.38323 0.082463 0.892656 -0.222484
0 0 0 0
0 0 0 0
0 0 0 0
0 0 0 0
