8542704
0 -0.0729966 -3.80181e-005 2.76019 2 465.793 281.218 248.423 203.823
1 -0.117371 0.305152 2.6504 2 453.499 222.941 241.866 161.584
2 -0.159328 0.601271 2.52858 2 440.459 160.42 234.911 116.271
3 -0.174797 0.717625 2.53632 2 436.308 137.265 232.698 99.4876
4 -0.299992 0.459874 2.59935 2 404.38 191.446 215.669 138.758
5 -0.0640068 0.273413 2.50566 1 466.392 225.999 248.742 163.801
6 0.146266 0.0602658 2.56132 2 523.19 269.316 279.035 195.196
7 0.160948 0.000239537 2.60763 2 526.361 281.164 280.726 203.784
8 -0.0382849 0.42628 2.45315 2 473.208 193.146 252.378 139.99
9 0.0736213 0.189236 2.49059 2 504.271 242.788 268.944 175.97
10 0.157856 0.0138065 2.59368 2 525.77 278.52 280.411 201.867
11 0.169615 -0.0267795 2.62874 2 528.288 286.361 281.754 207.551
12 -0.123638 -0.00618317 2.75661 2 453.148 282.345 241.679 204.639
13 -0.0147971 -0.417301 2.86687 2 480.405 354.92 256.216 257.241
14 -0.0590926 -0.78285 2.99635 2 470.335 414 250.845 300.062
15 0.0381257 -0.792142 2.97063 2 492.823 416.762 262.839 302.064
16 -0.0197251 0.00629117 2.68937 2 478.92 280.029 255.424 202.961
17 -0.107124 -0.285981 3.00218 1 459.426 329.399 245.027 238.744
18 0.0073015 -0.806791 3.04539 1 485.613 415.871 258.993 301.417
19 -0.0411804 -0.882392 2.94752 1 474.294 433.558 252.957 314.237
20 -0.149162 0.528613 2.5613 2 443.797 176.485 236.692 127.914
21 0.19248 -0.0541309 2.63958 2 534.065 291.58 284.835 211.333
22 0.140735 -0.00659648 2.60844 2 521.021 282.489 277.878 204.744
23 0.176385 -0.0887284 2.66891 2 529.369 298.021 282.33 216.001
24 0.144306 -0.0245096 2.61747 2 521.831 285.944 278.31 207.249
1
1
-0.253648 -0.0225929 0.949633 -0.18262
-0.243601 -0.024521 0.95226 -0.182371
-0.22792 -0.014301 0.948834 -0.218088
0 0 0 0
0.138888 0.837867 -0.527841 0.00853041
-0.423775 0.595946 0.156396 0.66393
-0.382331 -0.376003 -0.062226 0.841768
-0.258621 -0.516433 0.210868 0.788636
-0.159806 0.80094 0.445919 -0.366216
-0.204096 -0.693366 -0.103637 0.683262
-0.312031 -0.594311 0.0658314 0.738307
-0.311811 -0.613828 0.182157 0.702003
0.0862182 0.73335 -0.657634 0.149273
-0.172257 -0.482195 0.0494585 0.857536
0.159815 0.975938 -0.0787289 -0.125726
0 0 0 0
-0.212655 0.550208 0.700284 -0.40206
0.293101 0.804267 -0.282202 -0.433137
-0.0173712 0.865689 0.11376 0.487175
0 0 0 0
-0.230697 -0.0208677 0.952482 -0.197792
0 0 0 0
0 0 0 0
0 0 0 0
0 0 0 0
