8532002
0 1.31183 0.357857 3.66893 2 731.737 231.473 390.26 167.768
1 1.33864 0.567979 3.46025 2 752.289 197.433 401.221 143.096
2 1.36408 0.771078 3.24146 2 775.864 159.79 413.794 115.813
3 1.4204 0.848577 3.14669 2 796.805 143.679 424.962 104.136
4 1.14643 0.812697 3.31634 2 723.742 156.13 385.996 113.161
5 1.08019 0.55654 3.48086 2 698.891 199.723 372.742 144.757
6 1.07098 0.329263 3.52807 2 694.012 233.69 370.14 169.375
7 1.07987 0.332722 3.56706 1 693.435 233.717 369.832 169.395
8 1.4689 0.677554 3.30677 2 792.067 176.631 422.436 128.02
9 1.55865 0.483157 3.38408 2 803.449 208.334 428.506 150.998
10 1.52551 0.321949 3.20778 2 813.829 229.983 434.042 166.689
11 1.50136 0.284438 3.09603 2 820.291 234.323 437.488 169.834
12 1.22778 0.36734 3.64359 2 717.364 229.824 382.594 166.573
13 1.19785 0.0655913 3.75321 2 704.817 272.312 375.902 197.368
14 1.26926 -0.20109 3.97909 2 704.721 306.948 375.851 222.471
15 1.21707 -0.298774 3.92392 2 698.597 319.983 372.585 231.92
16 1.37293 0.342091 3.62973 2 746.188 233.131 397.967 168.97
17 1.37029 0.0379972 3.59693 2 748.023 275.823 398.946 199.912
18 1.45032 -0.247013 3.86556 2 744.021 313.804 396.811 227.441
19 1.43539 -0.343975 3.72247 2 751.32 328.357 400.704 237.989
20 1.35912 0.72076 3.29874 2 769.787 169.671 410.553 122.975
21 1.1054 0.279702 3.58207 2 697.5 241.45 372 175
22 1.0497 0.332831 3.55275 2 688.359 233.52 367.125 169.252
23 1.50073 0.259393 3.0766 2 822.264 238.182 438.541 172.631
24 1.49096 0.315402 3.06753 2 821.046 228.738 437.891 165.786
0
3
-0.0695066 0.0772467 0.921134 -0.375119
-0.0912848 0.0861019 0.919231 -0.373186
-0.117867 0.0886247 0.90298 -0.403583
0 0 0 0
-0.351439 -0.516065 0.757835 -0.189352
0.17904 0.816725 -0.238449 -0.494011
-0.0277515 -0.44378 0.100326 0.89007
0.65476 0.516619 -0.338196 -0.43591
0.249893 0.76524 0.504847 -0.311594
0.0280951 0.790852 0.268766 0.549117
-0.405161 0.909949 -0.040433 -0.0787528
-0.582889 0.80582 -0.0661391 -0.0807441
-0.18174 -0.573137 0.721574 -0.343243
-0.0780187 -0.646701 0.161217 0.741418
-0.25467 -0.442534 0.247655 0.823392
0 0 0 0
0.000751938 0.654742 0.627606 -0.421216
-0.0401111 0.794687 -0.0359484 0.604625
0.202073 0.696622 0.32043 0.609269
0 0 0 0
-0.112754 0.0980169 0.91074 -0.385008
0 0 0 0
0 0 0 0
0 0 0 0
0 0 0 0
