8509789
0 1.14199 0.397497 3.65245 2 700.401 225.773 373.547 163.637
1 1.11674 0.665306 3.51208 2 704.307 184.612 375.63 133.804
2 1.08692 0.926547 3.36135 2 708.254 140.515 377.736 101.843
3 1.03009 1.05275 3.3454 2 697.564 120.57 372.034 87.3875
4 1.01612 0.859228 3.53414 2 683.231 157.216 364.39 113.948
5 1.00953 0.675297 3.68458 1 673.62 187.854 359.264 136.154
6 1.00371 0.447228 3.78055 2 667.51 221.028 356.005 160.198
7 0.99997 0.416079 3.81346 2 665.208 225.715 354.778 163.595
8 1.15432 0.812775 3.27923 2 728.14 154.694 388.341 112.12
9 0.980599 0.612227 3.13742 2 700.541 181.708 373.622 131.699
10 0.780241 0.509133 3.0439 2 661.264 196.074 352.674 142.111
11 0.692976 0.477359 3.0251 2 642.266 200.965 342.542 145.657
12 1.09815 0.409038 3.66782 2 691.147 224.423 368.612 162.658
13 1.13715 0.0939316 3.81968 2 689.839 268.697 367.914 194.748
14 1.22769 -0.215207 3.94162 2 699.475 309.011 373.053 223.967
15 1.16742 -0.312188 3.8913 2 691.507 322.052 368.804 233.419
16 1.16464 0.378826 3.57138 2 709.783 227.159 378.551 164.642
17 1.29132 0.0430379 3.67821 2 727.129 275.247 387.802 199.495
18 1.40488 -0.22676 3.85697 2 736.366 311.19 392.728 225.546
19 1.37243 -0.325318 3.77969 2 735.603 325.104 392.321 235.631
20 1.09513 0.862273 3.40101 2 707.271 151.826 377.211 110.041
21 1.00219 0.379548 3.82059 2 665.249 230.688 354.8 167.199
22 1.01097 0.406634 3.78029 2 668.836 226.491 356.712 164.158
23 0.627697 0.449198 2.97692 2 629.58 204.526 335.776 148.238
24 0.627354 0.480938 2.9524 2 630.752 198.402 336.401 143.799
0
0
-0.461027 0.0755593 0.853682 -0.230157
-0.470065 0.0779988 0.848739 -0.229342
-0.475851 0.0857327 0.834621 -0.263862
0 0 0 0
0.445848 0.671993 -0.539802 -0.241368
0.229736 0.672729 -0.245647 -0.659026
0.181864 0.874279 0.0787146 0.443132
0.372803 0.821434 0.135878 0.409635
-0.236475 0.630555 0.521919 -0.523526
-0.258694 0.912854 -0.315869 -0.00145267
-0.367934 0.801204 -0.391578 -0.263369
-0.324015 0.757409 -0.47681 -0.306591
-0.314276 -0.614349 0.722343 -0.0450139
-0.117149 -0.274744 0.196539 0.933897
-0.193196 -0.365029 0.117918 0.903064
0 0 0 0
-0.329982 0.574362 0.531826 -0.527619
0.0998785 0.94465 0.204085 0.236663
0.14115 0.801772 0.294574 0.500464
0 0 0 0
-0.478129 0.0824304 0.839605 -0.244255
0 0 0 0
0 0 0 0
0 0 0 0
0 0 0 0
