8543107
0 -0.0717374 -0.000713809 2.76281 2 466.123 281.341 248.599 203.912
1 -0.113195 0.304432 2.65115 2 454.591 223.096 242.449 161.697
2 -0.15082 0.600252 2.52614 2 442.743 160.513 236.13 116.337
3 -0.161202 0.716394 2.53417 2 439.979 137.397 234.655 99.5833
4 -0.296032 0.457501 2.59406 2 405.273 191.73 216.146 138.964
5 -0.115757 0.258411 2.61146 1 453.48 231.147 241.856 167.532
6 0.069657 0.110848 2.56421 2 502.617 259.359 268.063 187.98
7 0.106755 0.0452376 2.59378 2 512.228 272.395 273.188 197.428
8 -0.0333494 0.425091 2.45269 2 474.592 193.377 253.116 140.157
9 0.072368 0.18848 2.49152 2 503.917 242.956 268.756 176.091
10 0.149497 0.0105873 2.59582 2 523.522 279.149 279.211 202.323
11 0.155558 -0.0421558 2.64333 2 524.387 289.273 279.673 209.661
12 -0.123239 -0.00679822 2.7575 2 453.257 282.457 241.737 204.721
13 -0.0152359 -0.417071 2.86777 2 480.301 354.856 256.16 257.195
14 -0.0591307 -0.783046 2.99626 2 470.326 414.038 250.84 300.089
15 0.0382387 -0.792251 2.96905 2 492.854 416.854 262.855 302.13
16 -0.0179552 0.00568019 2.69444 2 479.38 280.145 255.669 203.046
17 -0.109488 -0.285233 3.00731 1 458.928 329.191 244.762 238.593
18 0.014448 -0.809154 3.00667 1 487.276 418.024 259.881 302.978
19 -0.0326471 -0.884824 2.908 1 476.191 436.077 253.969 316.063
20 -0.141815 0.5277 2.55984 2 445.755 176.609 237.736 128.004
21 0.165589 -0.0312921 2.61629 2 527.441 287.258 281.302 208.2
22 0.0595552 0.038682 2.63277 2 499.493 273.785 266.396 198.436
23 0.155917 -0.101747 2.69225 2 523.748 300.318 279.332 217.667
24 0.126682 -0.0255807 2.63112 2 517.031 286.125 275.75 207.38
1
1
-0.237085 -0.0206507 0.953712 -0.183842
-0.231935 -0.0216424 0.954977 -0.183728
-0.220907 -0.0072392 0.94965 -0.222063
0 0 0 0
0.129164 0.838295 -0.529405 0.0175532
0.201585 0.819969 0.299176 -0.444419
-0.390222 -0.209751 -0.205863 0.872554
-0.294814 -0.35292 0.0889059 0.883531
-0.16369 0.804731 0.440495 -0.362736
0.197034 0.710326 0.0985407 -0.668509
-0.29174 -0.529402 0.104356 0.789767
-0.253396 -0.566738 0.256213 0.740914
0.076103 0.729619 -0.66019 0.161286
-0.172622 -0.496551 0.0471775 0.84936
0.158024 0.975342 -0.0790699 -0.132229
0 0 0 0
-0.205 0.55375 0.703298 -0.395864
0.288238 0.799357 -0.289838 -0.440388
-0.0560953 0.871607 0.101401 0.476311
0 0 0 0
-0.223855 -0.0146999 0.953654 -0.200541
0 0 0 0
0 0 0 0
0 0 0 0
0 0 0 0
