8580698
0 1.19758 0.416248 3.72255 2 706.725 224.235 376.92 162.523
1 1.1772 0.689356 3.58768 2 711.394 183.207 379.41 132.786
2 1.15256 0.955212 3.44192 2 716.251 139.545 382.001 101.14
3 1.10204 1.07453 3.39947 2 708.859 119.847 378.058 86.8634
4 1.06681 0.92294 3.60766 2 688.969 150.697 367.45 109.223
5 1.07927 0.841152 3.80968 1 680.224 168.651 362.786 122.236
6 1.08631 0.621877 3.7165 1 686.334 195.96 366.045 142.029
7 1.06661 0.522573 3.67189 1 684.997 208.731 365.332 151.286
8 1.26113 0.851429 3.40143 2 741.176 153.426 395.294 111.201
9 1.476 0.77256 3.37476 2 787.298 164.377 419.892 119.138
10 1.32971 0.617497 3.50691 1 746.946 191.343 398.371 138.683
11 1.27124 0.566802 3.50385 1 735.523 198.675 392.279 143.997
12 1.13864 0.420823 3.72737 2 695.394 223.709 370.877 162.141
13 1.17703 0.132079 3.87204 2 694.225 263.848 370.253 191.234
14 1.28068 -0.199764 3.98604 2 706.334 306.735 376.711 222.317
15 1.22857 -0.291439 3.90385 2 701.764 319.231 374.274 231.374
16 1.23539 0.404323 3.65162 2 718.321 224.769 383.104 162.909
17 1.29527 0.0870375 3.69448 2 726.8 269.203 387.626 195.115
18 1.35995 -0.236593 3.80822 2 731.383 312.885 390.071 226.775
19 1.35599 -0.34197 3.75831 2 733.995 327.612 391.464 237.449
20 1.15949 0.889838 3.48035 2 715.036 150.716 381.353 109.237
21 1.0825 0.485648 3.64741 2 689.373 213.397 367.666 154.667
22 1.05594 0.497906 3.6975 2 681.56 212.647 363.499 154.124
23 1.24937 0.527206 3.50103 2 731.349 204.393 390.053 148.141
24 1.32092 0.502316 3.51725 2 744.378 208.338 397.002 151
1
1
-0.319814 0.0421846 0.919257 -0.225624
-0.356756 0.0512814 0.90556 -0.223732
-0.392008 0.0632945 0.880669 -0.258351
0 0 0 0
-0.468263 -0.603132 0.619344 0.182687
-0.417504 -0.583873 0.371983 0.588567
-0.0178585 0.0136567 -0.199277 0.979685
0.0837574 0.0356978 -0.210178 0.973414
-0.0698776 0.686551 0.593386 -0.414316
0.110888 0.778131 0.562645 -0.256217
0.43681 0.615888 -0.00853334 0.655596
0.330432 0.513178 -0.252035 0.750961
-0.197374 -0.666962 0.706829 -0.128835
-0.153252 -0.417611 0.180593 0.877212
-0.202548 -0.453239 0.0739821 0.864913
0 0 0 0
-0.252266 0.58661 0.602485 -0.478813
0.0199456 0.896718 0.112017 0.427727
0.0742625 0.778939 0.175882 0.597332
0 0 0 0
-0.393494 0.0619486 0.885794 -0.238103
0 0 0 0
0 0 0 0
0 0 0 0
0 0 0 0
