8506566
0 1.33917 0.361351 3.62741 2 739.865 230.399 394.595 166.99
1 1.35132 0.612666 3.46873 2 754.19 191.055 402.235 138.474
2 1.35933 0.857685 3.30008 2 769.668 148.556 410.49 107.672
3 1.39541 0.968159 3.20981 2 785.227 127.399 418.788 92.337
4 1.21522 0.839953 3.37247 2 733.93 154.071 391.429 111.669
5 1.12619 0.595021 3.54474 2 704.065 195.636 375.501 141.794
6 1.0931 0.366972 3.6212 1 692.842 229.609 369.516 166.417
7 1.13264 0.304735 3.64825 1 698.814 238.674 372.701 172.987
8 1.51718 0.747313 3.30588 2 802.151 165.88 427.814 120.227
9 1.66706 0.541902 3.30915 2 833.065 197.705 444.301 143.294
10 1.68068 0.31118 3.25768 2 841.533 232.493 448.818 168.508
11 1.68981 0.26152 3.23492 1 845.962 239.985 451.18 173.938
12 1.26118 0.371429 3.61709 2 725.544 228.855 386.957 165.871
13 1.2126 0.106141 3.78244 2 705.824 266.92 376.439 193.46
14 1.2789 -0.17235 4.02428 2 703.884 303.02 375.405 219.625
15 1.27366 -0.282602 3.89144 2 710.558 318.208 378.965 230.633
16 1.39338 0.344306 3.57206 2 754.448 232.027 402.372 168.17
17 1.41289 0.0726481 3.65384 2 752.026 271.068 401.081 196.466
18 1.45526 -0.218554 3.86176 2 745.166 310.077 397.422 224.74
19 1.46615 -0.334157 3.73896 2 755.872 326.814 403.131 236.87
20 1.35817 0.797429 3.34416 2 765.703 159.484 408.375 115.592
21 1.1368 0.225189 3.68806 2 697.225 250.124 371.853 181.286
22 1.15302 0.302781 3.5968 2 705.875 238.329 376.467 172.738
23 1.68897 0.182907 3.20893 2 848.703 252.145 452.641 182.751
24 1.6128 0.242062 3.189 2 834.603 242.485 445.122 175.749
1
0
-0.175144 0.0715505 0.944328 -0.269165
-0.165145 0.0686994 0.946128 -0.269907
-0.157679 0.0595346 0.937359 -0.30488
0 0 0 0
-0.301098 -0.589111 0.741218 -0.113509
0.181254 0.824503 -0.274103 -0.460661
0.173802 0.929419 -0.0124759 0.325296
0.0792361 0.888839 0.312252 0.325862
0.0971358 0.740466 0.586582 -0.313363
-0.0567503 0.930641 0.304802 0.194376
-0.0794021 0.855018 0.0806282 -0.506102
-0.138922 0.839421 0.179925 -0.49366
-0.162309 -0.62072 0.73293 -0.22622
-0.0924713 -0.554952 0.268626 0.781868
-0.302846 -0.628904 0.191608 0.689964
0 0 0 0
-0.140235 0.656128 0.610649 -0.42064
0.100434 0.816099 0.110745 0.558239
0.169442 0.668687 0.259219 0.675983
0 0 0 0
-0.156153 0.0635544 0.943395 -0.285628
0 0 0 0
0 0 0 0
0 0 0 0
0 0 0 0
