8580789
0 1.19712 0.416086 3.72178 2 706.684 224.246 376.898 162.53
1 1.17694 0.689413 3.5873 2 711.367 183.188 379.396 132.772
2 1.15245 0.955434 3.4418 2 716.237 139.507 381.993 101.113
3 1.10103 1.07493 3.39986 2 708.628 119.805 377.935 86.8331
4 1.06686 0.923013 3.60749 2 688.99 150.68 367.461 109.211
5 1.07945 0.842258 3.80986 1 680.249 168.508 362.799 122.132
6 1.08643 0.623109 3.71634 1 686.365 195.786 366.062 141.903
7 1.06752 0.532802 3.65656 1 686.031 206.996 365.883 150.028
8 1.25996 0.851358 3.4015 2 740.93 153.439 395.163 111.211
9 1.47475 0.772869 3.37111 2 787.369 164.204 419.93 119.013
10 1.34018 0.621358 3.48309 1 750.847 190.156 400.452 137.823
11 1.27213 0.572362 3.50194 1 735.84 197.818 392.448 143.376
12 1.13839 0.42071 3.72686 2 695.376 223.716 370.867 162.146
13 1.17682 0.131914 3.87213 2 694.182 263.871 370.231 191.25
14 1.28114 -0.200079 3.98574 2 706.432 306.777 376.764 222.348
15 1.22502 -0.289433 3.90895 2 700.843 318.918 373.783 231.147
16 1.23468 0.404112 3.65062 2 718.249 224.783 383.066 162.92
17 1.29478 0.0874082 3.69406 2 726.736 269.151 387.592 195.077
18 1.36076 -0.230139 3.81338 2 731.191 311.979 389.969 226.118
19 1.35624 -0.335413 3.76234 2 733.77 326.673 391.344 236.768
20 1.15935 0.890013 3.48018 2 715.019 150.684 381.344 109.214
21 1.08112 0.485027 3.64275 2 689.373 213.397 367.666 154.667
22 1.06087 0.499084 3.69733 2 682.5 212.479 364 154.002
23 1.22799 0.508334 3.51031 2 726.428 207.352 387.428 150.286
24 1.30973 0.522099 3.5065 2 742.966 205.235 396.248 148.752
1
1
-0.322296 0.0428737 0.918575 -0.224735
-0.35865 0.0517965 0.905 -0.222848
-0.393273 0.0636844 0.880235 -0.257811
0 0 0 0
-0.468049 -0.60309 0.619317 0.183462
-0.41915 -0.582738 0.373249 0.58772
-0.0128214 -0.0103494 -0.2004 0.979576
0.0848122 0.0176434 -0.286525 0.954148
-0.0712321 0.687139 0.591678 -0.415552
0.0869753 0.783813 0.567733 -0.236117
0.415438 0.605757 -0.0144841 0.678425
0.430033 0.53859 -0.173315 0.70353
-0.198643 -0.666963 0.706853 -0.126727
-0.153117 -0.415192 0.181689 0.878157
-0.201063 -0.430721 0.0782477 0.876316
0 0 0 0
-0.254221 0.586426 0.601476 -0.479273
0.0209728 0.897923 0.112818 0.424931
0.0807576 0.777933 0.184492 0.595199
0 0 0 0
-0.394766 0.0623241 0.885384 -0.237423
0 0 0 0
0 0 0 0
0 0 0 0
0 0 0 0
