8569656
0 0.0140054 -0.00834302 2.75297 2 487.45 282.742 259.974 204.928
1 -0.0384142 0.282937 2.63752 2 473.943 226.937 252.769 164.481
2 -0.0900014 0.565536 2.5089 2 459.208 166.777 244.911 120.878
3 -0.0492673 0.682086 2.49888 2 470.334 142.426 250.845 103.228
4 -0.131541 0.40994 2.45418 2 447.041 196.555 238.422 142.46
5 -0.125109 0.170579 2.46315 2 449.049 246.188 239.493 178.434
6 -0.0440246 -0.0705574 2.55098 2 472.103 295.19 251.788 213.95
7 -0.0124271 -0.115282 2.58376 2 480.653 303.763 256.348 220.163
8 0.0260093 0.464026 2.64433 1 490.731 192.276 261.723 139.359
9 0.0821597 0.192988 2.76558 1 504.371 245.926 268.998 178.244
10 0.1587 0.169573 2.99634 2 520.353 252.594 277.521 183.077
11 0.165323 0.159399 3.01117 2 521.684 254.444 278.232 184.417
12 -0.0253814 -0.0116946 2.68497 2 477.464 283.412 254.648 205.413
13 -0.0397894 -0.38774 2.86162 2 474.39 349.807 253.008 253.536
14 -0.0537179 -0.736768 3.0317 2 471.726 404.649 251.587 293.284
15 0.0432373 -0.78418 2.98277 2 493.969 414.837 263.45 300.668
16 0.0524732 -0.00458008 2.74574 2 497.082 282.054 265.11 204.429
17 -0.0153547 -0.423349 2.90816 1 480.323 354.926 256.172 257.246
18 -0.174017 -0.671691 3.15641 1 445.932 389.212 237.83 282.096
19 -0.0534177 -0.716971 3.08957 2 472.027 399.038 251.748 289.217
20 -0.0772844 0.496184 2.5434 2 463.014 182.272 246.941 132.108
21 0.0135279 -0.169489 2.6224 2 487.501 313.886 260 227.5
22 -0.000732545 -0.0740353 2.59767 2 483.763 295.615 258.007 214.258
23 0.21399 0.139006 3.02955 2 532.5 258.007 284 187
24 0.197232 0.149318 2.98363 2 529.386 255.903 282.339 185.475
1
0
0.301871 -0.137394 0.931304 -0.150565
0.344845 -0.144246 0.916261 -0.144014
0.390187 -0.167458 0.888555 -0.173731
0 0 0 0
-0.219493 0.801057 -0.365252 0.420384
0.0118771 0.918342 0.0197243 0.395116
-0.103309 0.264777 0.203347 0.936947
-0.17717 0.264767 0.343851 0.883332
0.277049 0.741782 0.560865 0.241731
-0.198985 -0.577566 0.109296 0.784141
0.4735 0.66024 0.477351 0.33469
0.32198 0.797437 0.361907 0.359787
-0.345286 0.625399 -0.599559 0.360807
0.188875 0.880813 -0.109748 -0.42006
0.210142 0.93396 -0.0815882 -0.277312
0 0 0 0
0.078471 0.643992 0.735997 -0.193453
0.145502 0.410298 0.133753 0.890278
0.304275 0.213408 0.291832 0.88131
0 0 0 0
0.390788 -0.159083 0.893574 -0.153308
0 0 0 0
0 0 0 0
0 0 0 0
0 0 0 0
