8502538
0 1.27366 0.373252 3.63905 2 726.47 228.914 387.451 165.914
1 1.28381 0.624324 3.48641 2 739.331 189.825 394.31 137.583
2 1.28816 0.869843 3.32645 2 752.608 147.721 401.391 107.066
3 1.2998 0.987874 3.23213 2 762.821 125.254 406.838 90.7822
4 1.1445 0.850499 3.40016 2 717.426 153.545 382.627 111.287
5 1.07806 0.611012 3.58005 2 692.506 194.233 369.337 140.778
6 1.04304 0.392041 3.639 2 682.223 226.374 363.852 164.073
7 1.06811 0.365481 3.65743 1 685.981 230.343 365.857 166.949
8 1.43265 0.753274 3.31382 2 783.826 165.19 418.041 119.728
9 1.51795 0.544535 3.35114 2 798.169 198.268 425.69 143.702
10 1.58856 0.328553 3.30309 2 817.529 230.444 436.016 167.023
11 1.6308 0.26849 3.27705 2 829.042 239.404 442.156 173.517
12 1.19788 0.381904 3.63174 2 712.387 227.621 379.94 164.976
13 1.1808 0.116685 3.78578 2 699.758 265.519 373.204 192.444
14 1.25897 -0.169838 4.04694 2 699.198 302.577 372.906 219.304
15 1.20956 -0.269205 3.93796 2 696.479 316.016 371.455 229.044
16 1.32699 0.357984 3.58239 2 740.731 230.238 395.056 166.874
17 1.36669 0.0796501 3.65687 2 742.975 270.103 396.253 195.767
18 1.38 -0.227735 3.83647 2 733.194 311.477 391.037 225.754
19 1.42827 -0.335398 3.74662 2 748.256 326.881 399.07 236.919
20 1.28814 0.809334 3.36811 2 749.287 158.541 399.62 114.908
21 1.08778 0.316408 3.66897 2 689.057 237.311 367.497 172
22 1.09279 0.372127 3.62357 2 692.647 228.918 369.412 165.916
23 1.6294 0.193627 3.17742 2 839.459 250.124 447.712 181.287
24 1.64231 0.246779 3.31745 2 827.269 243.25 441.21 176.304
1
0
-0.186847 0.0698977 0.944496 -0.261017
-0.187688 0.0701302 0.944329 -0.260954
-0.192006 0.0598152 0.935397 -0.29084
0 0 0 0
-0.300648 -0.595964 0.737762 -0.100722
0.168942 0.73266 -0.284894 -0.594562
0.151024 0.871094 -0.00659552 0.467273
0.00527507 0.738407 0.418759 0.528553
0.0434525 0.742617 0.572222 -0.345244
-0.060246 0.744325 0.199354 0.634514
-0.169307 0.153605 -0.079819 0.970242
-0.31129 0.140195 -0.132721 0.930499
-0.1676 -0.631608 0.726886 -0.211231
-0.121317 -0.539528 0.231484 0.800379
-0.285806 -0.515143 0.236801 0.772572
0 0 0 0
-0.153116 0.649155 0.616666 -0.418181
0.070155 0.826173 0.128807 0.54399
0.136265 0.561626 0.223665 0.784845
0 0 0 0
-0.190113 0.0656649 0.940754 -0.272995
0 0 0 0
0 0 0 0
0 0 0 0
0 0 0 0
