8586227
0 1.19633 0.427823 3.66547 2 709.995 221.729 378.664 160.706
1 1.17756 0.690918 3.5325 2 715.047 181.437 381.359 131.503
2 1.15601 0.946587 3.38555 2 720.836 138.481 384.446 100.369
3 1.09549 1.0583 3.37039 2 709.452 120.914 378.374 87.6368
4 1.10083 0.871486 3.54806 2 699.08 155.892 372.842 112.988
5 1.13846 0.779329 3.78702 1 692.254 176.287 369.202 127.77
6 1.26852 0.569051 3.5823 1 729.445 200.176 389.038 145.085
7 1.26853 0.502508 3.58681 1 729.1 209.753 388.853 152.026
8 1.21562 0.826333 3.30512 2 739.116 153.58 394.195 111.313
9 1.00919 0.624196 3.18068 2 703.847 181.131 375.385 131.281
10 0.723205 0.535665 3.063 2 647.213 192.231 345.18 139.327
11 0.648578 0.529868 3.0435 2 631.212 192.686 336.647 139.656
12 1.15934 0.437219 3.68722 2 701.649 220.799 374.213 160.032
13 1.18265 0.120201 3.85007 2 696.454 265.318 371.442 192.299
14 1.28318 -0.219531 3.97988 2 707.125 309.306 377.133 224.181
15 1.22423 -0.304386 3.90245 2 701.072 320.934 373.905 232.608
16 1.21056 0.409012 3.57832 2 718.321 222.943 383.104 161.586
17 1.2895 0.0497297 3.66218 2 727.856 274.289 388.19 198.801
18 1.35962 -0.236147 3.81321 2 730.996 312.784 389.865 226.702
19 1.36452 -0.341145 3.76722 2 734.982 327.392 391.99 237.289
20 1.16201 0.883746 3.42452 2 719.33 149.488 383.642 108.347
21 1.27151 0.492309 3.58169 1 730.028 211.103 389.348 153.005
22 1.26767 0.487679 3.58112 1 729.315 211.753 388.968 153.476
23 0.584208 0.52942 3.01877 2 617.62 192.078 329.398 139.216
24 0.620023 0.481587 3.02243 2 625.636 200.234 333.672 145.127
1
2
-0.520703 0.0963861 0.821101 -0.213008
-0.50858 0.0932455 0.828664 -0.214401
-0.490593 0.103326 0.826352 -0.256485
0 0 0 0
0.439747 0.679094 -0.512183 -0.288311
0.51529 0.684974 -0.237649 -0.456957
-0.27791 0.151315 -0.308601 0.897015
0.00223379 0.0683 0.0336966 0.997093
-0.247923 0.651858 0.487519 -0.5253
-0.182358 0.902028 -0.381403 0.0873141
-0.252075 -0.54334 0.546669 -0.585144
-0.334267 -0.526644 0.59228 -0.510015
-0.361576 -0.626188 0.690081 0.0306433
-0.084023 -0.212144 0.22167 0.948049
-0.200706 -0.432008 0.0976145 0.873818
0 0 0 0
-0.380258 0.563413 0.501237 -0.535473
0.0896009 0.968901 0.125851 0.1933
0.109758 0.737488 0.236429 0.623029
0 0 0 0
-0.493488 0.0973927 0.831656 -0.235228
0 0 0 0
0 0 0 0
0 0 0 0
0 0 0 0
