8570517
0 0.00959431 -0.0102225 2.7521 2 486.351 283.088 259.387 205.178
1 -0.0432792 0.280151 2.63558 2 472.666 227.432 252.089 164.84
2 -0.0952973 0.561871 2.50597 2 457.722 167.389 244.118 121.321
3 -0.0572666 0.679834 2.49223 2 468.079 142.514 249.642 103.292
4 -0.136596 0.407665 2.45245 2 445.595 196.966 237.651 142.758
5 -0.130574 0.171774 2.46099 2 447.491 245.911 238.662 178.233
6 -0.050894 -0.0732602 2.55135 2 470.255 295.723 250.803 214.336
7 -0.0246497 -0.115213 2.57871 2 477.391 303.794 254.608 220.186
8 0.0207324 0.460372 2.6414 1 489.362 192.881 260.993 139.798
9 0.0769218 0.189351 2.76265 1 503.089 246.555 268.314 178.7
10 0.146048 0.185047 2.98725 2 517.554 249.887 276.029 181.114
11 0.157104 0.160062 2.99995 2 519.942 254.233 277.302 184.264
12 -0.0303654 -0.0140512 2.68484 2 476.189 283.856 253.968 205.735
13 -0.0390198 -0.384725 2.85964 2 474.569 349.319 253.104 253.182
14 -0.0507995 -0.735507 3.02819 2 472.377 404.58 251.934 293.234
15 0.0430525 -0.784468 2.98289 2 493.926 414.881 263.427 300.7
16 0.0487974 -0.00621768 2.74474 2 496.167 282.356 264.622 204.647
17 -0.0205989 -0.424376 2.90779 1 479.082 355.115 255.51 257.383
18 -0.171254 -0.674752 3.15873 1 446.562 389.627 238.167 282.396
19 -0.0519643 -0.719181 3.08642 2 472.339 399.526 251.914 289.571
20 -0.0824772 0.492739 2.5407 2 461.584 182.857 246.178 132.533
21 0.00634861 -0.173642 2.6309 2 485.615 314.579 258.994 228.003
22 -0.00908965 -0.0801838 2.58391 2 481.54 296.894 256.822 215.185
23 0.166864 0.142606 3.00778 2 522.077 257.238 278.441 186.443
24 0.196562 0.137252 2.96913 2 529.451 257.835 282.374 186.875
1
0
0.29534 -0.1378 0.93291 -0.153182
0.340754 -0.145149 0.917297 -0.146237
0.388852 -0.168733 0.888577 -0.17537
0 0 0 0
-0.218882 0.800746 -0.366945 0.419819
0.0113561 0.913425 0.019014 0.406403
-0.0751439 0.365341 0.213665 0.902899
-0.129172 0.360641 0.335181 0.860759
0.277093 0.742626 0.560097 0.240869
-0.200082 -0.585078 0.107334 0.778543
0.539144 0.658852 0.447404 0.273986
0.168984 0.929418 0.238377 0.225395
-0.339011 0.628185 -0.600525 0.360313
0.19169 0.877169 -0.105446 -0.427448
0.208549 0.935071 -0.0777077 -0.275881
0 0 0 0
0.0802893 0.642086 0.737227 -0.194358
0.148327 0.41587 0.132779 0.887367
0.299029 0.229756 0.292505 0.878769
0 0 0 0
0.389439 -0.160425 0.89364 -0.154946
0 0 0 0
0 0 0 0
0 0 0 0
0 0 0 0
