8534907
0 1.23068 0.364429 3.62177 2 719.342 229.921 383.649 166.643
1 1.22081 0.638918 3.47646 2 727.443 187.442 387.969 135.855
2 1.20686 0.907375 3.32179 2 736.011 141.763 392.539 102.748
3 1.14355 1.02918 3.30806 2 723.776 122.389 386.014 88.7055
4 1.13069 0.842394 3.48347 2 709.046 157.81 378.158 114.379
5 1.11688 0.683093 3.64782 1 696.074 185.747 371.24 134.627
6 1.11187 0.400059 3.71735 1 690.93 226.412 368.496 164.1
7 1.09472 0.397034 3.71666 1 687.747 226.824 366.798 164.399
8 1.2572 0.79147 3.24989 2 752.333 156.884 401.244 113.707
9 1.24981 0.571976 3.14606 2 759.544 188.404 405.09 136.552
10 0.936506 0.509101 3.14103 2 690.405 198.627 368.216 143.962
11 0.839734 0.499006 3.12408 2 669.926 199.891 357.294 144.879
12 1.18819 0.374062 3.63537 2 710.291 228.779 378.822 165.816
13 1.21351 0.0917853 3.78761 2 705.683 268.87 376.364 194.873
14 1.27802 -0.24488 3.9679 2 706.904 312.645 377.016 226.601
15 1.22245 -0.328639 3.88332 2 701.843 324.314 374.316 235.058
16 1.25053 0.350748 3.54449 2 728.427 230.754 388.494 167.248
17 1.32983 0.0155536 3.62111 2 738.435 279.021 393.832 202.23
18 1.3833 -0.235227 3.78524 2 737.209 312.9 393.178 226.786
19 1.42714 -0.347768 3.71692 2 750.174 328.947 400.093 238.416
20 1.21111 0.841258 3.36235 2 733.834 153.49 391.378 111.247
21 1.08697 0.347562 3.6831 2 688.125 233.172 367 169
22 1.08853 0.390446 3.71133 2 686.873 227.652 366.332 164.999
23 0.768344 0.479553 3.09463 2 655.623 202.369 349.666 146.674
24 0.777273 0.513678 3.0702 2 659.062 196.057 351.5 142.099
0
0
-0.45063 0.0973895 0.859426 -0.220988
-0.466573 0.101492 0.850876 -0.219134
-0.480595 0.110936 0.833409 -0.249303
0 0 0 0
0.425393 0.663536 -0.568285 -0.236248
0.265215 0.679293 -0.28688 -0.621226
0.00747617 -0.00965108 0.120222 0.992672
0.642561 -0.00993353 -0.0177416 0.765964
-0.266184 0.643669 0.489505 -0.524616
-0.219486 0.974841 -0.00698083 -0.038248
-0.219984 0.729666 -0.59434 -0.256816
-0.289418 0.714801 -0.604259 -0.200416
-0.296753 -0.625994 0.719345 -0.051098
-0.110189 -0.28304 0.221691 0.926607
-0.194513 -0.481052 0.165967 0.838575
0 0 0 0
-0.365234 0.576278 0.531129 -0.502404
0.0748683 0.950221 0.139401 0.268408
0.104759 0.597135 0.277791 0.745176
0 0 0 0
-0.482214 0.10784 0.838217 -0.230723
0 0 0 0
0 0 0 0
0 0 0 0
0 0 0 0
