8516478
0 -0.0692035 0.001033 2.7615 2 466.745 281.022 248.931 203.681
1 -0.103428 0.298858 2.63984 2 457.012 223.919 243.74 162.293
2 -0.13656 0.587149 2.50526 2 446.335 162.181 238.045 117.547
3 -0.142218 0.705995 2.5103 2 444.793 138.15 237.223 100.13
4 -0.270441 0.444422 2.57251 2 411.491 193.583 219.462 140.306
5 -0.318976 0.237487 2.71905 2 403.226 236.982 215.054 171.761
6 -0.417579 0.21811 2.99258 1 387.901 244.292 206.881 177.059
7 -0.450899 0.212019 3.0878 1 383.424 246.426 204.493 178.606
8 -0.0173612 0.41584 2.44978 2 479.076 195.197 255.507 141.476
9 0.0870764 0.187989 2.50426 2 507.853 243.249 270.855 176.304
10 0.143921 0.00333708 2.64284 2 521.367 280.572 278.062 203.355
11 0.16217 -0.0505078 2.6821 2 525.498 290.731 280.265 210.718
12 -0.123243 -0.0027506 2.75197 2 453.195 281.716 241.704 204.184
13 -0.0195102 -0.41008 2.86149 2 479.265 353.776 255.608 256.412
14 -0.0623112 -0.777879 2.98425 2 469.535 413.689 250.419 299.836
15 0.032817 -0.793774 2.96382 2 491.606 417.359 262.19 302.496
16 -0.0129994 0.00464933 2.69637 2 480.646 280.339 256.344 203.186
17 0.0478487 -0.323262 2.98351 1 494.984 336.03 263.991 243.55
18 -0.13696 -0.812943 3.08144 1 453.252 415.322 241.734 301.02
19 -0.178156 -0.889867 2.98118 1 442.622 433.137 236.065 313.931
20 -0.128536 0.516474 2.54125 2 449.083 178.1 239.511 129.084
21 -0.471954 0.214778 3.10381 1 379.255 246.149 202.27 178.406
22 -0.433437 0.223354 3.10074 1 387.732 244.723 206.79 177.372
23 0.155778 -0.10292 2.71438 2 523.389 300.381 279.141 217.712
24 0.187391 -0.0498186 2.65873 2 532.386 290.685 283.939 210.685
0
0
-0.207669 -0.012089 0.957678 -0.198947
-0.205362 -0.0125681 0.958176 -0.198917
-0.198507 -0.00322035 0.950729 -0.238116
0 0 0 0
0.130831 0.849287 -0.510647 0.0288982
0.252164 0.542396 0.188783 0.778833
0.57578 0.445663 0.367739 0.578472
0.576047 0.447195 0.371532 0.574588
-0.129488 0.815279 0.443592 -0.348968
0.21191 0.78419 0.104565 -0.573765
0.169793 0.751083 0.287867 0.569365
0.156909 0.754503 0.292755 0.566038
0.0632573 0.705045 -0.679415 0.193147
-0.170725 -0.521166 0.0444243 0.835024
0.152117 0.978957 -0.0737947 -0.114274
0 0 0 0
-0.180857 0.569026 0.698778 -0.393967
-0.196106 -0.340155 0.298318 0.869968
0.18729 0.737237 -0.0714769 0.645209
0 0 0 0
-0.201084 -0.00908675 0.955256 -0.216724
0 0 0 0
0 0 0 0
0 0 0 0
0 0 0 0
