8541748
0 -0.0773465 -0.000884289 2.75832 2 464.697 281.373 247.839 203.935
1 -0.121613 0.30461 2.64961 2 452.388 223.026 241.274 161.646
2 -0.163676 0.600417 2.52833 2 439.267 160.579 234.276 116.385
3 -0.183942 0.715953 2.53357 2 433.76 137.441 231.339 99.6155
4 -0.303873 0.46192 2.60046 2 403.381 191.081 215.136 138.493
5 -0.0632507 0.279358 2.51176 1 466.641 224.934 248.875 163.029
6 0.120892 0.0526476 2.5939 2 515.972 270.951 275.185 196.382
7 0.164018 2.52975e-005 2.61179 2 527.102 281.206 281.121 203.814
8 -0.0414235 0.426045 2.45297 2 472.326 193.188 251.907 140.02
9 0.0713372 0.188453 2.49195 2 503.629 242.969 268.602 176.1
10 0.156264 0.0138909 2.59582 2 525.314 278.505 280.167 201.857
11 0.178469 -0.033746 2.64045 2 530.397 287.672 282.879 208.501
12 -0.128192 -0.00596869 2.75501 2 451.994 282.306 241.064 204.611
13 -0.0161086 -0.415939 2.8659 2 480.089 354.703 256.047 257.084
14 -0.0593963 -0.781662 2.99523 2 470.26 413.847 250.805 299.95
15 0.0375914 -0.791236 2.97122 2 492.697 416.579 262.772 301.931
16 -0.0240219 0.00430071 2.68722 2 477.817 280.402 254.836 203.232
17 -0.107351 -0.289026 3.0001 1 459.357 329.947 244.99 239.141
18 0.0210574 -0.809789 2.99261 1 488.818 418.782 260.703 303.527
19 -0.0280187 -0.885106 2.89499 1 477.262 436.83 254.54 316.609
20 -0.153418 0.527889 2.56103 2 442.647 176.616 236.078 128.009
21 0.194343 -0.0624314 2.64885 2 534.373 293.129 284.999 212.456
22 0.147842 -0.00966488 2.62154 2 522.699 283.074 278.773 205.168
23 0.17959 -0.0842399 2.67133 2 530.152 297.156 282.748 215.374
24 0.153711 -0.0351258 2.63183 2 524.081 287.958 279.51 208.708
1
1
-0.258596 -0.021934 0.94861 -0.181068
-0.247419 -0.0240626 0.951587 -0.180797
-0.230435 -0.0143354 0.948136 -0.218478
0 0 0 0
0.14465 0.833775 -0.532768 0.0073567
-0.438131 0.538495 0.134423 0.707103
-0.3549 -0.330246 0.0207585 0.874387
-0.354743 -0.327436 0.0126194 0.875662
-0.156878 0.799054 0.449002 -0.367831
-0.206986 -0.690768 -0.101642 0.685321
-0.317766 -0.628982 0.050886 0.707684
-0.368391 -0.628408 0.137258 0.671231
0.0883028 0.727056 -0.665249 0.145038
-0.175745 -0.47684 0.0493315 0.859827
0.160301 0.976893 -0.0762906 -0.119007
0 0 0 0
-0.21355 0.554745 0.695354 -0.403903
0.290508 0.79718 -0.282684 -0.447436
-0.0625723 0.877568 0.103307 0.463991
0 0 0 0
-0.23327 -0.0206535 0.952012 -0.197057
0 0 0 0
0 0 0 0
0 0 0 0
0 0 0 0
