8593148
0 1.25878 0.350891 3.6094 2 725.588 231.647 386.98 167.894
1 1.24531 0.615723 3.46346 2 733.283 190.499 391.084 138.071
2 1.22486 0.873537 3.30867 2 740.784 146.431 395.085 106.131
3 1.18232 0.974178 3.26735 2 734.993 129.006 391.996 93.502
4 1.11793 0.869542 3.48503 2 706.412 153.887 376.753 111.535
5 1.09532 0.734486 3.66054 2 691.265 178.917 368.675 129.677
6 1.22905 0.74008 3.4624 1 730.151 172.123 389.414 124.752
7 1.20166 0.719744 3.33117 1 734.166 170.933 391.555 123.89
8 1.34814 0.77539 3.27438 2 769.574 160.329 410.44 116.204
9 1.5562 0.654197 3.29858 2 811.055 180.027 432.563 130.481
10 1.526 0.440396 3.38127 2 797.047 214.722 425.092 155.628
11 1.51988 0.379482 3.39265 2 794.754 224.109 423.869 162.431
12 1.19727 0.363194 3.61331 2 713.437 229.986 380.5 166.691
13 1.1945 0.096252 3.74565 2 704.646 268.125 375.811 194.333
14 1.28018 -0.211019 3.96789 2 707.277 308.298 377.214 223.45
15 1.25923 -0.314998 3.91187 2 706.8 322.23 376.96 233.548
16 1.29741 0.332691 3.5405 2 737.948 233.285 393.572 169.082
17 1.3502 0.0593696 3.6135 2 742.918 272.832 396.223 197.745
18 1.38423 -0.235033 3.79959 2 736.416 312.754 392.755 226.68
19 1.44254 -0.345803 3.71563 2 753.16 328.697 401.686 238.235
20 1.23098 0.810106 3.34922 2 738.932 157.736 394.097 114.325
21 1.20022 0.728948 3.31622 2 735 169.015 392 122.5
22 1.19428 0.71497 3.30956 1 734.253 170.949 391.602 123.901
23 1.5264 0.339969 3.41643 2 793.917 230.411 423.422 166.998
24 1.48045 0.375292 3.37914 2 787.902 224.514 420.214 162.724
1
0
-0.320481 0.0607363 0.913657 -0.242557
-0.341632 0.0663578 0.905961 -0.241079
-0.363205 0.0668495 0.887685 -0.275006
0 0 0 0
-0.475039 -0.565218 0.658588 0.145356
0.390221 0.836644 -0.210651 -0.321528
-0.662411 0.68392 0.270016 0.143374
-0.651069 0.749254 -0.0334498 -0.116654
-0.0321004 0.685398 0.61468 -0.38906
0.13061 0.856697 0.482227 -0.128332
-0.0427699 -0.53135 0.189284 0.824627
-0.00825291 -0.539299 0.10395 0.835633
-0.218622 -0.618407 0.741679 -0.140323
-0.0957945 -0.427179 0.207065 0.874909
-0.267448 -0.537444 0.18246 0.778674
0 0 0 0
-0.239918 0.616126 0.574607 -0.482343
0.0774285 0.895658 0.138332 0.41553
0.115974 0.545882 0.256716 0.789088
0 0 0 0
-0.363695 0.0683921 0.893268 -0.255187
0 0 0 0
0 0 0 0
0 0 0 0
0 0 0 0
