8530608
0 1.24389 0.333487 3.61035 2 722.635 234.124 385.405 169.69
1 1.28323 0.573115 3.44685 2 742.138 196.361 395.807 142.32
2 1.31579 0.807682 3.27485 2 762.688 155.31 406.767 112.567
3 1.36903 0.902199 3.1961 2 780.932 137.199 416.497 99.4398
4 1.12374 0.819274 3.35289 2 716.41 156.505 382.085 113.433
5 1.03982 0.5655 3.51121 2 689 199.155 367.467 144.345
6 1.03399 0.333763 3.53888 2 686.07 233.204 365.904 169.023
7 1.0429 0.333103 3.55943 2 686.639 233.575 366.207 169.292
8 1.45147 0.688161 3.32124 2 787.104 175.45 419.789 127.164
9 1.55534 0.49409 3.38302 2 802.869 206.662 428.197 149.786
10 1.61563 0.274611 3.32156 1 821.315 239.016 438.035 173.236
11 1.6373 0.201944 3.30448 1 827.574 250.024 441.373 181.214
12 1.16584 0.342304 3.59908 2 708.24 232.753 377.728 168.696
13 1.19037 0.077589 3.76569 2 702.691 270.72 374.769 196.214
14 1.26863 -0.204437 3.98221 2 704.437 307.355 375.7 222.767
15 1.21626 -0.308172 3.88441 2 700.66 321.614 373.685 233.102
16 1.29994 0.31825 3.55569 2 737.345 235.563 393.251 170.733
17 1.34913 0.0510606 3.61618 2 742.517 274.01 396.009 198.599
18 1.41052 -0.250813 3.81706 2 740.067 314.722 394.703 228.106
19 1.43006 -0.345408 3.72247 2 750.322 328.553 400.172 238.13
20 1.30803 0.750317 3.32017 2 757.274 165.844 403.879 120.201
21 1.05471 0.308182 3.57345 2 688.128 237.311 367.002 172
22 1.00644 0.342336 3.55357 2 679.82 232.187 362.571 168.286
23 1.64928 0.17507 3.2933 1 831.236 254.085 443.326 184.157
24 1.63753 0.211581 3.27612 1 830.567 248.256 442.969 179.933
1
0
-0.148987 0.115346 0.941848 -0.278245
-0.132022 0.110323 0.944376 -0.280275
-0.119873 0.0969667 0.935817 -0.316977
0 0 0 0
-0.299722 -0.560752 0.763557 -0.112714
0.164982 0.833368 -0.253653 -0.462536
-0.0122669 -0.398859 0.0594302 0.915002
-0.515601 -0.295185 0.468422 0.653913
0.175047 0.794245 0.520152 -0.26072
-0.0228475 0.782629 0.273948 0.5585
-0.158707 0.957008 0.0966787 0.222715
-0.141373 0.957079 0.112121 0.226808
-0.172048 -0.620017 0.725229 -0.244994
-0.188687 -0.537995 0.206222 0.795255
-0.264159 -0.49961 0.207106 0.798572
0 0 0 0
-0.150306 0.664161 0.617972 -0.392949
0.037293 0.804947 0.136477 0.576232
0.132278 0.653436 0.268485 0.695298
0 0 0 0
-0.118588 0.0969302 0.943437 -0.294053
0 0 0 0
0 0 0 0
0 0 0 0
0 0 0 0
