8533998
0 0.0112636 0.00630233 2.7521 2 486.767 280.053 259.609 202.979
1 -0.0388642 0.297149 2.64628 2 473.858 224.393 252.724 162.637
2 -0.087249 0.579409 2.5277 2 460.14 164.828 245.408 119.465
3 -0.0234104 0.688637 2.53112 2 477.566 142.884 254.702 103.56
4 -0.13604 0.416412 2.46415 2 445.931 195.561 237.83 141.74
5 -0.130617 0.174786 2.47 2 447.611 245.422 238.726 177.879
6 -0.0623873 -0.0288529 2.53117 2 467.028 286.972 249.082 207.993
7 -0.0233458 -0.0971227 2.56661 2 477.709 300.337 254.778 217.68
8 0.0260816 0.480319 2.6807 1 490.658 190.392 261.685 137.993
9 0.0759266 0.272089 2.88363 1 502.056 233.482 267.763 169.225
10 0.159879 0.103981 2.9971 2 520.607 263.671 277.657 191.105
11 0.170563 0.103238 2.99508 2 523.084 263.784 278.978 191.187
12 -0.0282614 -0.00760102 2.68442 2 476.726 282.642 254.254 204.855
13 -0.047363 -0.390623 2.84883 2 472.518 350.631 252.01 254.133
14 -0.0585978 -0.743687 3.01183 2 470.525 406.647 250.947 294.732
15 0.0340576 -0.786039 2.97081 2 491.876 415.7 262.334 301.294
16 0.050888 0.0199283 2.74539 2 496.687 277.542 264.9 201.159
17 0.0228087 -0.319696 2.78097 1 489.597 339.381 261.118 245.979
18 0.017525 -0.803309 2.99598 1 487.998 417.516 260.265 302.61
19 0.0596019 -0.749635 3.07946 2 497.317 404.859 265.236 293.436
20 -0.0753921 0.510136 2.55963 2 463.654 180.122 247.282 130.55
21 -0.00326054 -0.158256 2.608 2 483.098 311.887 257.652 226.052
22 -0.0371123 -0.129605 2.55435 2 473.976 306.859 252.787 222.407
23 0.194242 0.0825365 2.97958 2 528.75 267.205 282 193.667
24 0.192452 0.127407 2.95225 2 528.753 259.388 282.001 188.001
1
0
0.323818 -0.133565 0.926805 -0.135409
0.368068 -0.13993 0.910138 -0.12882
0.415744 -0.161956 0.880815 -0.158405
0 0 0 0
-0.209795 0.798835 -0.370102 0.425292
0.00734352 0.935146 0.0147716 0.353877
0.193399 0.884041 0.0814416 -0.417654
0.299039 0.853612 0.121918 -0.408729
0.306139 0.716987 0.559946 0.280478
0.0424153 0.318151 0.381136 0.867016
0.194781 0.88946 0.281331 0.302944
-0.385186 0.66961 0.563511 0.292763
-0.314167 0.660788 -0.560321 0.388199
0.173813 0.892805 -0.103967 -0.402342
0.203272 0.942952 -0.0701062 -0.254179
0 0 0 0
0.0835175 0.561411 0.808439 -0.155786
0.0593439 0.425719 0.0295449 0.902424
-0.11032 -0.539745 0.175992 0.815801
0 0 0 0
0.416325 -0.15347 0.885482 -0.13799
0 0 0 0
0 0 0 0
0 0 0 0
0 0 0 0
