8597519
0 1.26406 0.362449 3.59501 2 727.597 229.804 388.052 166.559
1 1.26136 0.623337 3.45697 2 736.993 189.197 393.063 137.127
2 1.25481 0.878103 3.30819 2 747.101 145.708 398.454 105.607
3 1.23725 0.998207 3.23053 2 749.59 123.509 399.781 89.5178
4 1.11386 0.872817 3.4305 2 709.145 151.365 378.211 109.707
5 1.00658 0.80663 3.61427 2 676.891 167.441 361.009 121.359
6 1.11775 0.601526 3.60482 1 698.735 196.158 372.659 142.173
7 1.11966 0.542628 3.56459 1 701.511 203.627 374.139 147.586
8 1.38315 0.788146 3.28366 2 776.137 158.699 413.94 115.023
9 1.57012 0.662171 3.31271 2 812.551 179.237 433.361 129.909
10 1.39589 0.53963 3.40706 1 768.181 200.358 409.697 145.217
11 1.36413 0.505209 3.38902 1 763.172 205.118 407.025 148.667
12 1.19252 0.370207 3.5885 2 714.117 228.633 380.862 165.71
13 1.21386 0.0998966 3.7344 2 708.94 267.586 378.101 193.943
14 1.27672 -0.213009 3.96999 2 706.549 308.538 376.826 223.624
15 1.25023 -0.308812 3.89245 2 706.305 321.624 376.696 233.109
16 1.31305 0.347725 3.53469 2 741.465 231.03 395.448 167.448
17 1.35099 0.0568734 3.61906 2 742.669 273.197 396.09 198.009
18 1.39354 -0.233812 3.80695 2 737.631 312.53 393.403 226.518
19 1.43492 -0.347253 3.71511 2 751.767 328.901 400.942 238.383
20 1.25722 0.815394 3.34739 2 744.518 156.858 397.076 113.689
21 1.12178 0.465938 3.56865 2 701.622 214.684 374.199 155.6
22 1.11993 0.526582 3.4978 2 705.747 204.473 376.398 148.2
23 1.39477 0.432765 3.4197 2 766.875 216.616 409 157
24 1.3079 0.490128 3.36408 2 753.605 206.854 401.923 149.925
1
1
-0.217029 0.0492746 0.945956 -0.235877
-0.242082 0.0555233 0.939857 -0.234484
-0.267249 0.0603534 0.923227 -0.26942
0 0 0 0
-0.381167 -0.579477 0.720013 0.0223297
0.391797 0.764308 -0.444959 -0.253652
-0.0626047 0.954836 0.238465 0.16584
-0.295388 0.954641 0.00239 0.0374351
-0.00167218 0.689024 0.636565 -0.346451
0.166079 0.863021 0.441954 -0.179689
-0.0722552 0.697861 -0.481427 -0.525355
-0.326084 0.82682 -0.22529 -0.399102
-0.146486 -0.640392 0.729533 -0.190319
-0.158666 -0.508113 0.189439 0.825081
-0.253159 -0.558943 0.203761 0.762872
0 0 0 0
-0.185007 0.637997 0.610476 -0.431337
0.086146 0.841525 0.126885 0.517991
0.126873 0.600613 0.259084 0.745683
0 0 0 0
-0.267296 0.0615862 0.928845 -0.249011
0 0 0 0
0 0 0 0
0 0 0 0
0 0 0 0
