8589639
0 1.28724 0.327311 3.57313 2 733.618 234.497 391.263 169.96
1 1.29106 0.58952 3.43564 2 744.581 193.64 397.11 140.348
2 1.29089 0.844906 3.28824 2 756.304 150.042 403.362 108.749
3 1.26631 0.948404 3.20762 2 757.767 130.31 404.143 94.4466
4 1.14547 0.849333 3.39487 2 717.989 153.52 382.927 111.269
5 1.03629 0.753053 3.56596 2 685.289 173.553 365.487 125.789
6 1.1541 0.552141 3.56203 1 708.425 202.189 377.827 146.544
7 1.14856 0.501406 3.50417 1 711.026 208.268 379.214 150.95
8 1.42346 0.758906 3.28269 2 784.716 163.219 418.515 118.299
9 1.55552 0.552379 3.3854 2 802.664 197.93 428.087 143.457
10 1.60788 0.327346 3.29962 2 821.909 230.582 438.351 167.123
11 1.59508 0.25893 3.22653 2 826.791 240.259 440.955 174.136
12 1.21443 0.333636 3.56693 2 719.797 233.534 383.891 169.262
13 1.20568 0.0803873 3.68353 2 710.523 270.095 378.946 195.761
14 1.27206 -0.217881 3.95049 2 706.834 309.302 376.978 224.178
15 1.20899 -0.310355 3.90417 2 698.251 321.69 372.4 233.157
16 1.33674 0.315003 3.5137 2 747.712 235.475 398.78 170.669
17 1.38506 0.0186059 3.62043 2 749.145 278.589 399.544 201.918
18 1.39899 -0.233877 3.80743 2 738.599 312.536 393.92 226.522
19 1.45492 -0.346055 3.71354 2 755.639 328.761 403.007 238.282
20 1.29174 0.782081 3.32699 2 753.316 161.206 401.768 116.84
21 1.13636 0.423191 3.54003 2 706.248 220.295 376.666 159.667
22 1.13198 0.455943 3.5228 2 706.498 215.252 376.799 156.012
23 1.59635 0.206568 3.20855 2 828.982 248.358 442.124 180.006
24 1.58057 0.267517 3.17592 2 829.062 238.23 442.166 172.666
1
0
-0.204564 0.0568643 0.949174 -0.232357
-0.211995 0.0586833 0.947541 -0.231904
-0.220454 0.0567481 0.936439 -0.26695
0 0 0 0
-0.353957 -0.554555 0.753111 -0.00271243
0.351673 0.811124 -0.402527 -0.237434
-0.247661 -0.286259 -0.0860895 0.921579
0.0721214 -0.072413 -0.407442 0.907494
0.0487953 0.702803 0.644495 -0.297175
0.0125316 0.765255 0.33366 0.550363
-0.170093 0.975738 0.120532 -0.0669051
-0.401304 0.903949 -0.00459969 -0.147679
-0.146038 -0.648762 0.722351 -0.18971
-0.103004 -0.531667 0.188254 0.819317
-0.23123 -0.40072 0.281054 0.840812
0 0 0 0
-0.189961 0.636546 0.620756 -0.416397
0.103994 0.834191 0.155539 0.518766
0.16031 0.54402 0.269992 0.778105
0 0 0 0
-0.21986 0.0592968 0.941875 -0.247015
0 0 0 0
0 0 0 0
0 0 0 0
0 0 0 0
