8557767
0 -0.00189643 0.0141472 2.77668 2 483.488 278.636 257.86 201.952
1 -0.0517534 0.305117 2.67269 2 470.641 223.443 251.008 161.949
2 -0.10039 0.587227 2.55594 2 456.855 164.556 243.656 119.268
3 -0.0479721 0.705411 2.53182 2 470.862 139.52 251.126 101.122
4 -0.164489 0.433915 2.49653 2 438.563 193.096 233.9 139.954
5 -0.183994 0.197354 2.5 2 433.354 241.272 231.122 174.87
6 -0.109112 -0.0245253 2.5558 2 454.632 286.061 242.47 207.333
7 -0.0811713 -0.0865926 2.57754 2 462.325 298.192 246.573 216.125
8 0.0155025 0.476201 2.69307 2 487.921 191.591 260.225 138.862
9 0.0716883 0.205344 2.81423 1 501.461 244.315 267.446 177.076
10 0.124798 0.0993043 2.99366 1 512.594 264.443 273.384 191.664
11 0.125206 0.0897792 3.03406 2 512.305 266.253 273.229 192.977
12 -0.0467822 0.0122842 2.6974 2 472.045 278.909 251.758 202.15
13 -0.0589658 -0.375156 2.86384 2 469.792 347.524 250.556 251.88
14 -0.0526725 -0.734101 3.03258 2 471.968 404.162 251.716 292.931
15 0.0379103 -0.781155 2.98881 2 492.717 414.045 262.783 300.094
16 0.0421797 0.0149138 2.78167 2 494.371 278.501 263.664 201.854
17 -0.0611455 -0.419675 2.89182 1 469.406 354.702 250.35 257.083
18 -0.139303 -0.669428 3.17242 1 453.675 388.29 241.96 281.427
19 -0.00886486 -0.696431 3.1454 2 482.013 393.588 257.073 285.267
20 -0.088433 0.518017 2.58743 2 460.397 179.658 245.545 130.214
21 -0.054683 -0.147121 2.61326 2 469.581 309.671 250.443 224.446
22 -0.0620179 -0.0578065 2.58833 2 467.5 292.498 249.333 211.999
23 0.123989 0.0526041 3.0506 2 511.875 272.495 273 197.501
24 0.128741 0.105034 3.00331 2 513.405 263.532 273.816 191.004
1
0
0.343748 -0.135144 0.920141 -0.130053
0.355723 -0.136829 0.915578 -0.128279
0.367912 -0.153064 0.902343 -0.164282
0 0 0 0
-0.188592 0.799771 -0.418425 0.386936
0.0175387 0.966156 -0.0379 0.254554
-0.0954627 0.40592 0.173327 0.89223
-0.1188 0.400757 0.227106 0.879604
0.276569 0.757514 0.536402 0.24891
-0.203889 -0.613071 0.0999195 0.756696
-0.0239615 0.205527 0.5029 0.839212
0.0795814 0.10836 0.615592 0.776512
-0.356128 0.619266 -0.602453 0.355996
0.179341 0.900259 -0.0928711 -0.385676
0.210944 0.934094 -0.055345 -0.282681
0 0 0 0
0.153525 0.697164 0.696469 -0.0729626
0.163542 0.580995 0.0309901 0.796705
0.151492 0.0901748 0.389346 0.904062
0 0 0 0
0.368264 -0.145273 0.907038 -0.143384
0 0 0 0
0 0 0 0
0 0 0 0
0 0 0 0
