8553395
0 0.0447246 0.0578097 2.8343 2 494.794 270.903 263.89 196.347
1 0.0248737 0.352106 2.75062 2 490.177 216.417 261.428 156.856
2 0.00129267 0.63657 2.65141 2 484.293 159.278 258.29 115.442
3 0.0648686 0.748528 2.62556 2 501.035 136.194 267.219 98.7112
4 -0.0874372 0.487965 2.58518 2 460.65 185.5 245.68 134.448
5 -0.142939 0.24704 2.5897 2 446.005 232.946 237.87 168.836
6 -0.0887705 0.0219304 2.61165 2 460.611 276.967 245.659 200.742
7 -0.0597512 -0.0378576 2.62277 2 468.31 288.506 249.765 209.105
8 0.116324 0.534064 2.78467 2 512.746 183.949 273.464 133.324
9 0.171578 0.262815 2.90474 1 524.569 235.435 279.77 170.64
10 0.212534 0.145685 3.08023 2 531.376 257.292 283.401 186.482
11 0.206663 0.0921683 3.0971 2 529.807 266.164 282.564 192.912
12 -0.00333776 0.0555563 2.75231 2 483.124 271.01 257.666 196.424
13 -0.0332787 -0.368893 2.88604 2 476.025 345.908 253.88 250.71
14 -0.0326338 -0.734037 3.02314 2 476.506 404.537 254.136 293.203
15 0.0457383 -0.786013 2.98493 2 494.541 415.055 263.755 300.826
16 0.0921282 0.0579954 2.84105 2 506.23 270.893 269.989 196.34
17 0.0866686 -0.285524 3.08003 2 503.299 328.101 268.426 237.803
18 -0.110778 -0.748788 3.12794 2 459.512 402.796 245.073 291.941
19 0.0172203 -0.767721 3.06031 2 487.842 408.664 260.182 296.194
20 0.00746759 0.566637 2.67855 2 485.879 173.876 259.135 126.023
21 -0.0428468 -0.0972366 2.64725 2 472.839 299.776 252.181 217.274
22 -0.0314324 -0.0195197 2.62582 2 475.736 284.967 253.726 206.541
23 0.22301 0.0296281 3.11659 2 533.124 276.404 284.333 200.334
24 0.233113 0.086035 3.07556 2 536.044 267.065 285.89 193.565
1
0
0.350495 -0.0793925 0.925787 -0.117344
0.355692 -0.0800507 0.923802 -0.116896
0.357981 -0.105813 0.914548 -0.155742
0 0 0 0
-0.159621 0.782302 -0.469216 0.377307
0.0188684 0.989893 -0.111746 0.0852581
-0.0750537 0.519882 0.102042 0.844794
-0.142412 0.517164 0.18993 0.822306
0.290632 0.744733 0.557471 0.223903
-0.20638 -0.651348 0.0890588 0.724722
0.354002 0.769114 0.319676 0.425386
0.15703 0.846857 0.0325803 0.507063
0.316327 -0.602028 0.622966 -0.386541
0.125488 0.905313 -0.0918617 -0.395251
0.170786 0.939333 -0.0523595 -0.292821
0 0 0 0
0.143034 0.704383 0.693888 -0.0436395
-0.102936 -0.348525 0.28105 0.888226
0.205181 0.239019 -0.00177495 0.949088
0 0 0 0
0.359457 -0.0948807 0.918348 -0.135735
0 0 0 0
0 0 0 0
0 0 0 0
0 0 0 0
