8555316
0 1.25681 0.320079 3.56959 2 727.909 235.493 388.218 170.682
1 1.29043 0.587605 3.42568 2 745.215 193.67 397.448 140.37
2 1.31973 0.848821 3.27038 2 763.886 148.725 407.406 107.794
3 1.37891 0.940141 3.19268 2 783.321 131.02 417.771 94.9613
4 1.16815 0.806259 3.31165 2 728.643 156.939 388.61 113.747
5 1.08299 0.551653 3.43837 2 702.136 199.431 374.473 144.545
6 1.10958 0.319862 3.45294 2 706.432 234.018 376.764 169.613
7 1.1202 0.296623 3.46445 2 707.816 237.592 377.502 172.204
8 1.47612 0.733188 3.30146 2 794.032 167.88 423.484 121.677
9 1.5867 0.530223 3.32026 2 815.346 199.724 434.851 144.757
10 1.7189 0.288532 3.2389 2 851.623 235.797 454.199 170.903
11 1.73742 0.23651 3.15578 2 865.098 243.032 461.386 176.146
12 1.17627 0.329741 3.54239 2 713.916 233.775 380.755 169.437
13 1.20185 0.0431804 3.73228 2 706.815 275.319 376.968 199.547
14 1.27045 -0.211756 3.98734 2 704.47 308.257 375.718 223.42
15 1.24013 -0.296178 3.89028 2 704.611 319.989 375.793 231.923
16 1.3142 0.304852 3.53123 2 741.932 237.176 395.697 171.902
17 1.39287 0.0124736 3.63906 2 749.276 279.462 399.614 202.55
18 1.40189 -0.241795 3.80499 2 739.299 313.618 394.293 227.306
19 1.44484 -0.340824 3.72343 2 753.021 327.915 401.611 237.668
20 1.31324 0.784476 3.31123 2 759.101 160.266 404.854 116.159
21 1.13308 0.262909 3.48963 2 708.748 242.83 377.999 176
22 1.08421 0.301611 3.47213 2 700.077 236.97 373.375 171.753
23 1.7494 0.185589 3.09402 2 875.136 250.674 466.739 181.685
24 1.76312 0.267211 3.10987 2 876.09 237.479 467.248 172.122
0
0
-0.0612641 0.0720733 0.966391 -0.239042
-0.0568264 0.070975 0.966662 -0.23937
-0.0568981 0.0606388 0.957785 -0.275197
0 0 0 0
-0.196952 -0.630563 0.731743 -0.167785
0.153133 0.899312 -0.218496 -0.34648
-0.0649974 -0.495208 -0.00117275 0.866339
-0.279874 -0.487157 0.0838429 0.822994
0.131994 0.773677 0.57676 -0.226603
-0.147058 0.676061 0.201888 0.693222
-0.247824 0.830608 0.133708 0.480412
-0.482449 0.808039 -0.0811455 0.328224
-0.0675663 -0.609097 0.742898 -0.269331
-0.213346 -0.609917 0.197066 0.737326
-0.306466 -0.548635 0.242559 0.739083
0 0 0 0
-0.0794538 0.697828 0.621277 -0.347475
0.0528304 0.754068 0.205825 0.621471
0.15426 0.561015 0.240133 0.777047
0 0 0 0
-0.0543053 0.0661791 0.962892 -0.255949
0 0 0 0
0 0 0 0
0 0 0 0
0 0 0 0
