8553482
0 1.27559 0.36787 3.66237 2 725.277 229.999 386.814 166.7
1 1.25328 0.628358 3.52023 2 730.819 190.135 389.77 137.807
2 1.23346 0.879113 3.36481 2 738.271 147.834 393.744 107.148
3 1.20387 0.995305 3.28575 2 738.125 126.582 393.667 91.7453
4 1.09088 0.871618 3.49043 2 700.672 153.794 373.692 111.468
5 1.0604 0.649132 3.6703 2 684.005 191.098 364.803 138.505
6 1.03385 0.431565 3.74528 2 674.857 222.572 359.923 161.317
7 1.04385 0.406174 3.72544 2 677.739 225.726 361.461 163.603
8 1.33464 0.789176 3.31883 2 762.941 159.822 406.902 115.837
9 1.37682 0.557101 3.28667 2 774.579 194.679 413.109 141.101
10 1.21318 0.385387 3.10079 2 755.298 217.784 402.826 157.847
11 1.0969 0.319679 2.99287 2 738.006 226.729 393.603 164.33
12 1.20968 0.369976 3.66242 2 712.701 229.73 380.107 166.505
13 1.21043 0.105502 3.80799 2 703.921 267.103 375.425 193.592
14 1.2829 -0.192142 3.97199 2 707.516 305.849 377.342 221.675
15 1.22995 -0.288075 3.91257 2 701.52 318.707 374.144 230.995
16 1.32006 0.359722 3.59745 2 738.302 230.209 393.761 166.852
17 1.3401 0.0818935 3.64609 2 738.649 269.758 393.946 195.517
18 1.37314 -0.229794 3.80209 2 734.208 312.028 391.577 226.153
19 1.43682 -0.344734 3.71767 2 751.936 328.523 401.033 238.109
20 1.23773 0.818066 3.40637 2 736.022 158.618 392.545 114.964
21 1.03869 0.350184 3.75177 2 675.374 233.723 360.199 169.399
22 1.01991 0.391824 3.74625 2 672.187 227.999 358.5 165.251
23 1.07495 0.296662 2.98312 2 733.692 230.495 391.302 167.06
24 1.09831 0.339635 2.95575 2 741.564 222.592 395.501 161.332
1
0
-0.250749 0.0264701 0.935306 -0.248247
-0.288831 0.0366114 0.924256 -0.246955
-0.318808 0.0696266 0.900553 -0.287258
0 0 0 0
-0.394742 -0.590849 0.703598 0.00509804
0.194018 0.663557 -0.275167 -0.668081
0.0351623 -0.134729 0.170783 0.97542
-0.090709 -0.191392 -0.33982 0.916331
-0.09011 0.647837 0.619584 -0.433938
-0.0944082 0.933563 0.0604607 0.340429
-0.356868 0.885575 -0.296208 -0.0257528
-0.402012 0.829922 -0.383483 -0.0505625
-0.17786 -0.674204 0.695942 -0.171696
-0.127427 -0.491518 0.213841 0.834533
-0.207805 -0.438264 0.168901 0.858029
0 0 0 0
-0.20058 0.583902 0.63896 -0.458864
0.0566068 0.859441 0.0743504 0.502621
0.0860139 0.536585 0.217877 0.810684
0 0 0 0
-0.324354 0.0554799 0.906893 -0.263175
0 0 0 0
0 0 0 0
0 0 0 0
0 0 0 0
