8567075
0 0.0163122 -0.00847538 2.76073 2 488.014 282.762 260.274 204.942
1 -0.0357947 0.285 2.64407 2 474.649 226.676 253.146 164.292
2 -0.0861436 0.569919 2.51493 2 460.325 166.163 245.507 120.433
3 -0.0276271 0.683513 2.50533 2 476.337 142.496 254.047 103.279
4 -0.137376 0.411679 2.45854 2 445.471 196.344 237.584 142.307
5 -0.136264 0.173489 2.46582 2 445.975 245.627 237.853 178.027
6 -0.0475465 -0.0730719 2.54739 2 471.137 295.709 251.273 214.326
7 -0.0250704 -0.115081 2.56994 2 477.256 303.845 254.536 220.223
8 0.0298766 0.468325 2.65034 1 491.721 191.652 262.251 138.907
9 0.0859977 0.197273 2.7716 1 505.278 245.22 269.482 177.732
10 0.145466 0.165905 2.98953 2 517.392 253.151 275.942 183.48
11 0.168549 0.143296 3.00839 2 522.454 257.127 278.642 186.362
12 -0.0276882 -0.0106712 2.68549 2 476.876 283.219 254.334 205.273
13 -0.0400706 -0.380655 2.85454 2 474.299 348.717 252.96 252.746
14 -0.0490161 -0.738175 3.03089 2 472.793 404.919 252.156 293.48
15 0.0398039 -0.783322 2.98438 2 493.169 414.617 263.023 300.508
16 0.0600758 -0.00649935 2.76196 2 498.895 282.4 266.077 204.68
17 -0.0508393 -0.429582 2.89576 1 471.874 356.339 251.666 258.27
18 -0.14033 -0.703927 3.15028 2 453.225 394.646 241.72 286.034
19 -0.0129476 -0.6993 3.16028 2 481.131 393.52 256.603 285.218
20 -0.0738085 0.499964 2.5495 2 464.004 181.755 247.469 131.733
21 -0.0081281 -0.168562 2.61 2 481.817 313.862 256.969 227.483
22 -0.00398305 -0.0895457 2.56292 2 482.889 298.869 257.541 216.616
23 0.20132 0.120789 3.01656 2 529.818 260.963 282.569 189.143
24 0.137992 0.13754 3.00097 2 515.549 258.04 274.959 187.024
1
0
0.321373 -0.139639 0.924747 -0.148535
0.350248 -0.144234 0.914202 -0.144078
0.380308 -0.162255 0.893369 -0.17587
0 0 0 0
-0.202856 0.800994 -0.384144 0.411937
0.0135532 0.938995 0.00744501 0.343584
-0.0737331 0.462012 0.212958 0.857763
-0.0913522 0.448574 0.305232 0.835027
0.281084 0.742677 0.560481 0.235124
-0.202495 -0.603513 0.102605 0.764356
-0.510454 -0.440656 0.413119 0.612039
-0.4308 -0.376258 0.110678 0.812768
0.320519 -0.604828 0.620221 -0.383114
0.187194 0.889898 -0.101931 -0.403298
0.21355 0.930388 -0.0780559 -0.287545
0 0 0 0
0.142783 0.680928 0.708631 -0.117444
0.171452 0.377624 0.0900317 0.905483
0.093703 -0.081479 0.367044 0.921878
0 0 0 0
0.380712 -0.154899 0.898248 -0.155614
0 0 0 0
0 0 0 0
0 0 0 0
0 0 0 0
