77088
0 0.874127 0.180032 2.99349 2 685.893 250.607 365.81 181.636
1 0.878425 0.449643 2.88284 2 694.962 201.733 370.647 146.213
2 0.877431 0.711729 2.76169 2 704.296 149.694 375.624 108.496
3 0.819267 0.818485 2.71838 2 693.011 127.525 369.606 92.4287
4 0.782356 0.663337 2.94328 2 668.058 166.349 356.298 120.567
5 0.74793 0.424076 3.06747 2 652.472 210.902 347.985 152.859
6 0.683908 0.22866 3.09614 2 636.374 243.712 339.399 176.639
7 0.658964 0.153109 3.12053 2 629.588 256.312 335.78 185.771
8 0.97097 0.577344 2.68223 2 735.047 171.349 392.025 124.191
9 1.02104 0.353251 2.69352 2 746.814 214.291 398.301 155.316
10 0.97513 0.11501 2.73759 2 730.729 259.794 389.722 188.295
11 0.952103 0.0517511 2.77524 2 721.536 271.708 384.819 196.93
12 0.829032 0.187024 3.0059 2 674.587 249.566 359.779 180.882
13 0.901051 -0.165333 3.22188 2 677.268 307.312 361.21 222.735
14 1.00435 -0.493878 3.4004 2 688.413 355.192 367.153 257.438
15 0.926615 -0.544503 3.39785 2 672.655 362.805 358.749 262.956
16 0.899238 0.168731 2.91298 2 697.545 251.72 372.024 182.443
17 0.999925 -0.216158 3.03117 2 712.362 317.544 379.926 230.151
18 1.12532 -0.554727 3.22709 2 725.706 368.902 387.043 267.375
19 1.0842 -0.618911 3.17057 2 721.047 380.802 384.558 276
20 0.878493 0.647285 2.79393 2 701.948 163.02 374.372 118.154
21 0.635502 0.0895671 3.14085 2 623.438 266.745 332.5 193.333
22 0.622674 0.140799 3.1152 2 621.75 258.283 331.6 187.2
23 0.948533 -0.0157901 2.7995 2 718.563 284.085 383.233 205.901
24 0.91001 0.0919708 2.81063 2 708.054 264.545 377.629 191.738
1
1
-0.43373 0.0922742 0.879995 -0.170216
-0.441652 0.0938063 0.876045 -0.169376
-0.448462 0.0991911 0.863713 -0.207467
0 0 0 0
0.429633 0.626984 -0.600351 -0.248767
-0.0614505 -0.485516 0.236689 0.839331
-0.0579484 0.710182 -0.16138 -0.682817
-0.000860958 0.695567 -0.214617 -0.685657
-0.163552 0.714535 0.506001 -0.454592
0.0420645 0.980644 0.104163 -0.160367
0.0554465 -0.354525 0.117742 0.925945
0.0574355 -0.332683 0.294337 0.894086
-0.238018 -0.651897 0.719217 -0.0332287
-0.166811 -0.291446 0.228496 0.913796
-0.16485 -0.109118 0.22216 0.954758
0 0 0 0
-0.369268 0.588457 0.545189 -0.469178
0.103123 0.939749 0.160227 0.283841
0.148051 0.847765 0.256841 0.439783
0 0 0 0
-0.449429 0.0965812 0.868329 -0.186252
0 0 0 0
0 0 0 0
0 0 0 0
0 0 0 0
