83541
0 -0.0425229 -0.00944935 2.78651 2 473.476 282.924 252.521 205.06
1 -0.0761617 0.274455 2.67288 2 464.366 229.262 247.662 166.166
2 -0.11048 0.550775 2.54713 2 454.04 171.465 242.155 124.275
3 -0.0707336 0.688102 2.49845 2 464.392 141.162 247.676 102.312
4 -0.194462 0.409352 2.47834 2 429.903 197.482 229.282 143.132
5 -0.271983 0.180841 2.42944 2 406.937 243.528 217.033 176.506
6 -0.285211 -0.0380857 2.32113 2 399.443 289.515 213.037 209.837
7 -0.279592 -0.117103 2.27152 2 399.28 307.308 212.949 222.733
8 0.0328743 0.473106 2.72499 2 492.265 193.224 262.541 140.046
9 0.113822 0.274735 2.8505 2 511.409 232.452 272.751 168.478
10 0.271747 0.127421 2.8678 2 549.103 258.733 292.855 187.526
11 0.329971 0.0803892 2.85917 2 563.324 266.982 300.439 193.505
12 -0.0928358 -0.0237822 2.7097 2 460.425 285.647 245.56 207.033
13 -0.0979456 -0.373314 2.89531 2 460.684 346.482 245.698 251.125
14 -0.137575 -0.679248 3.14342 2 453.77 390.881 242.011 283.305
15 -0.0525011 -0.746762 3.07627 2 472.176 404.509 251.827 293.183
16 0.00844779 0.00608479 2.7941 2 486.033 280.11 259.218 203.02
17 0.0954832 -0.312199 3.00081 2 505.834 333.848 269.778 241.968
18 0.132748 -0.617463 3.19481 2 512.594 379.229 273.383 274.86
19 0.184474 -0.693354 3.16632 2 524.149 392.372 279.546 284.386
20 -0.101877 0.482883 2.58072 2 456.755 186.335 243.603 135.053
21 -0.26735 -0.169598 2.24638 2 402.066 319.437 214.435 231.524
22 -0.30834 -0.140286 2.25863 2 390 312.666 208 226.616
23 0.387468 0.0451827 2.84975 2 577.502 273.184 308.001 198
24 0.310281 0.051368 2.861 2 558.526 272.127 297.881 197.234
0
2
0.338565 -0.117362 0.920213 -0.157508
0.361811 -0.121322 0.911323 -0.154478
0.383783 -0.142782 0.8933 -0.185309
0 0 0 0
-0.172167 0.754636 -0.485064 0.406934
-0.155813 0.903566 -0.107974 -0.38423
0.148229 -0.535078 -0.174724 0.813137
0.129749 -0.541003 -0.245924 0.793727
0.337406 0.690281 0.601186 0.219647
-0.0789378 0.299446 0.307116 0.899878
-0.380378 -0.377029 -0.123878 0.835354
-0.374644 -0.334098 -0.217999 0.836957
-0.280655 0.649761 -0.586616 0.393605
0.218221 0.887081 -0.104016 -0.393251
0.285874 0.867204 -0.178547 -0.366542
0 0 0 0
0.200648 0.593129 0.777205 -0.0623819
0.0134193 0.408575 0.301834 0.861268
0.083545 0.450658 0.270647 0.846568
0 0 0 0
0.385007 -0.133796 0.897873 -0.16641
0 0 0 0
0 0 0 0
0 0 0 0
0 0 0 0
