100237
0 -0.0777935 0.00464735 2.78148 2 464.747 280.366 247.865 203.206
1 -0.10366 0.283041 2.66818 2 457.242 227.536 243.862 164.915
2 -0.129646 0.554972 2.5436 2 448.798 170.462 239.359 123.549
3 -0.0775684 0.680612 2.49639 2 462.486 142.584 246.659 103.343
4 -0.197915 0.409537 2.47951 2 428.968 197.482 228.783 143.132
5 -0.213648 0.18214 2.51434 2 425.529 244.558 226.949 177.252
6 -0.146356 -0.0495211 2.58951 2 445.128 290.878 237.401 210.825
7 -0.123216 -0.10153 2.61863 2 451.63 300.812 240.869 218.024
8 -0.0239256 0.489004 2.74546 2 477.954 190.934 254.909 138.386
9 0.0159118 0.283472 2.87998 1 487.755 231.422 260.136 167.731
10 0.0836548 0.0727699 2.99365 1 503.15 268.925 268.347 194.913
11 0.0677012 -0.0219715 3.01475 1 499.38 284.894 266.336 206.487
12 -0.120003 -0.0109271 2.69031 2 453.317 283.264 241.769 205.306
13 -0.118829 -0.375173 2.88814 2 455.65 346.975 243.013 251.482
14 -0.12828 -0.698717 3.15153 2 455.877 393.753 243.135 285.387
15 -0.0353709 -0.753586 3.06347 2 475.986 406.168 253.859 294.385
16 -0.0342404 0.0197979 2.80383 2 475.57 277.642 253.637 201.231
17 0.00806576 -0.315209 3.0398 2 485.781 333.669 259.083 241.838
18 -0.000963127 -0.682821 3.21873 2 483.75 388.849 258 281.832
19 0.0708507 -0.733966 3.19715 2 499.246 397.764 266.265 288.294
20 -0.123405 0.48803 2.57658 2 450.949 185.158 240.506 134.2
21 -0.110141 -0.172949 2.65398 2 455.439 314.162 242.901 227.7
22 -0.102231 -0.0657307 2.62109 2 457.165 293.887 243.821 213.005
23 0.0667775 -0.0491819 3.02971 1 499.095 289.415 266.184 209.764
24 0.0765186 -0.0183397 3.00656 1 501.436 284.294 267.433 206.052
1
0
0.436785 -0.12446 0.877854 -0.151988
0.446626 -0.12616 0.872889 -0.150579
0.45446 -0.143553 0.860474 -0.18012
0 0 0 0
-0.17836 0.754795 -0.445238 0.447476
0.0814753 0.972052 -0.0166955 0.219542
-0.0611804 0.404037 0.194541 0.89172
-0.0750096 0.391264 0.296073 0.868117
0.403007 0.640029 0.583155 0.296442
0.0128886 0.311091 0.29473 0.903433
-0.0750306 0.249692 0.266367 0.92794
0.107856 0.265418 0.0823525 0.954536
-0.332897 0.626631 -0.559096 0.428865
0.234591 0.921659 -0.0747872 -0.299864
0.301663 0.862152 -0.146075 -0.379942
0 0 0 0
0.303567 0.591175 0.74544 0.0517521
0.0454382 0.305518 0.302194 0.901816
0.0683612 0.249148 0.214161 0.942012
0 0 0 0
0.455535 -0.136612 0.864424 -0.163082
0 0 0 0
0 0 0 0
0 0 0 0
0 0 0 0
