74770
0 0.97683 0.135762 2.91124 2 716.288 257.45 382.02 186.596
1 0.971059 0.396859 2.77748 2 726.28 208.336 387.349 150.999
2 0.960602 0.650915 2.6331 2 737.043 155.017 393.09 112.354
3 0.894748 0.754418 2.5985 2 722.839 132.998 385.514 96.3953
4 0.902322 0.623029 2.83149 2 704.876 168.965 375.934 122.464
5 0.904608 0.421026 2.99534 2 693.035 209.605 369.619 151.919
6 0.899592 0.205392 3.09315 2 685.081 247.421 365.377 179.327
7 0.873531 0.166564 3.11364 2 677.887 254 361.54 184.096
8 1.04427 0.519437 2.56162 2 766.775 177.693 408.947 128.789
9 1.08828 0.304344 2.5759 2 777.046 220.898 414.424 160.104
10 1.05337 0.066466 2.64326 2 760.284 268.381 405.485 194.519
11 1.02153 -0.000900206 2.68259 2 747.91 281.382 398.886 203.942
12 0.937658 0.147137 2.92406 2 705.899 255.583 376.48 185.243
13 0.953423 -0.142057 3.15606 2 692.916 304.121 369.555 220.423
14 1.00799 -0.475369 3.3759 2 690.647 352.938 368.345 255.805
15 0.919434 -0.533188 3.38388 2 671.952 361.433 358.375 261.962
16 0.993577 0.121213 2.83137 2 727.036 259.389 387.753 188.002
17 1.0833 -0.285528 2.94107 2 739.27 330.729 394.277 239.708
18 1.19579 -0.601647 3.11215 2 750.491 379.891 400.262 275.34
19 1.13724 -0.658799 3.05746 2 741.974 391.198 395.72 283.535
20 0.964051 0.5885 2.67119 2 734.294 168.761 391.623 122.315
21 0.870007 0.120443 3.13713 2 675.622 261.686 360.332 189.666
22 0.873522 0.165374 3.0515 2 681.872 253.639 363.665 183.834
23 1.01505 -0.0775652 2.70932 2 743.62 295.812 396.597 214.4
24 0.997781 0.0382032 2.7288 2 737.32 274.072 393.238 198.644
1
1
-0.478715 0.106667 0.846021 -0.209052
-0.491872 0.10992 0.838439 -0.20736
-0.502321 0.120212 0.820974 -0.243362
0 0 0 0
-0.503223 -0.557546 0.587621 0.301014
-0.22519 -0.625298 0.246941 0.705204
0.211372 0.973165 0.00878244 0.0905285
0.256406 0.924984 -0.232396 0.157013
-0.162955 0.692863 0.496775 -0.496589
0.059331 0.955122 0.0875309 -0.276695
0.0399435 -0.21121 0.148491 0.965269
0.134457 -0.227096 0.286574 0.920991
-0.299488 -0.604335 0.7371 -0.04208
-0.111235 -0.254871 0.312998 0.90813
-0.101542 -0.104276 0.275947 0.950089
0 0 0 0
-0.384315 0.575171 0.514334 -0.506894
0.0999798 0.957081 0.133576 0.236973
0.157984 0.88406 0.235328 0.371617
0 0 0 0
-0.504174 0.116326 0.826337 -0.222359
0 0 0 0
0 0 0 0
0 0 0 0
0 0 0 0
