77965
0 -0.0471619 0.00461973 2.80471 2 472.408 280.378 251.951 203.214
1 -0.101796 0.277963 2.67093 2 457.751 228.555 244.134 165.654
2 -0.149859 0.543068 2.53232 2 443.137 172.361 236.34 124.925
3 -0.0990152 0.667732 2.47913 2 456.361 144.27 243.392 104.565
4 -0.222332 0.402419 2.47972 2 422.186 198.939 225.166 144.188
5 -0.241121 0.17483 2.50907 2 417.868 245.95 222.863 178.261
6 -0.171386 -0.0477428 2.59672 2 438.608 290.506 233.924 210.555
7 -0.1443 -0.112447 2.63974 2 446.397 302.748 238.078 219.428
8 -0.0228846 0.4782 2.73096 2 478.185 192.468 255.032 139.498
9 0.0251212 0.278586 2.86885 1 489.976 232.091 261.32 168.216
10 0.0794081 0.0439918 2.92737 1 502.588 273.616 268.047 198.313
11 0.101595 -0.0178248 2.92256 2 507.833 284.293 270.844 206.052
12 -0.0892143 -0.0138124 2.72597 2 461.478 283.772 246.122 205.674
13 -0.109956 -0.377602 2.89791 2 457.852 347.176 244.188 251.629
14 -0.140581 -0.692767 3.15672 2 453.237 392.606 241.726 284.555
15 -0.0472502 -0.750703 3.06844 2 473.327 405.484 252.441 293.889
16 -0.0037649 0.0227156 2.8143 2 483.038 277.132 257.62 200.861
17 0.0333831 -0.317961 3.02548 2 491.543 334.379 262.156 242.353
18 -0.0587859 -0.65954 3.21518 2 471.352 385.273 251.388 279.24
19 0.0278674 -0.706823 3.19804 2 489.967 393.387 261.316 285.122
20 -0.13755 0.478356 2.57008 2 447.075 186.829 238.44 135.411
21 -0.126956 -0.188995 2.67496 2 451.339 316.942 240.714 229.715
22 -0.108816 -0.0812762 2.62607 2 455.492 296.856 242.929 215.157
23 0.113782 -0.0771553 2.94085 2 510.534 294.472 272.285 213.429
24 0.0888305 -0.0393915 2.90865 2 504.933 288.055 269.298 208.779
1
0
0.381282 -0.171273 0.892555 -0.16922
0.393478 -0.173576 0.887246 -0.166857
0.405809 -0.185327 0.872618 -0.198772
0 0 0 0
-0.157631 0.770355 -0.462479 0.409657
0.0730557 0.954136 -0.0205911 0.28959
-0.00601294 0.585751 0.230929 0.776873
0.0239799 0.560839 0.325978 0.760673
0.378717 0.65531 0.596806 0.266393
0.128427 0.655818 0.282737 0.688091
0.162427 0.786848 0.0163517 -0.595164
0.0781938 0.767783 0.156642 -0.616327
-0.318082 0.659955 -0.545636 0.406896
0.196534 0.916596 -0.0996161 -0.333619
0.292284 0.862338 -0.171008 -0.376429
0 0 0 0
0.250118 0.555881 0.791197 -0.0494481
0.0534329 0.345753 0.271993 0.896448
0.158191 0.1586 0.222576 0.948832
0 0 0 0
0.408278 -0.169889 0.879984 -0.173422
0 0 0 0
0 0 0 0
0 0 0 0
0 0 0 0
