8148477
0 -0.0782876 -0.0642598 2.65056 2 463.669 293.464 247.29 212.699
1 -0.131938 0.226816 2.53805 2 448.218 236.001 239.05 171.051
2 -0.182425 0.509476 2.41308 2 431.808 174.041 230.298 126.143
3 -0.130777 0.626463 2.38814 2 446.125 147.858 237.934 107.165
4 -0.246714 0.364896 2.36204 2 411.994 202.891 219.73 147.053
5 -0.259792 0.125582 2.37026 2 408.575 254.397 217.907 184.384
6 -0.168446 -0.104397 2.42764 2 436.273 302.957 232.679 219.579
7 -0.137979 -0.162014 2.45187 2 445.28 314.628 237.483 228.038
8 -0.0608103 0.398114 2.52955 2 467.407 201.484 249.284 146.033
9 0.0118759 0.159843 2.69163 1 486.988 251.19 259.727 182.059
10 0.0547385 0.0508237 2.87078 2 497.052 272.263 265.095 197.333
11 0.0620866 0.0283796 2.88835 2 498.72 276.245 265.984 200.219
12 -0.131197 -0.063256 2.56641 2 448.837 293.671 239.38 212.848
13 -0.155337 -0.451015 2.75284 2 445.095 364.239 237.384 263.995
14 -0.168413 -0.803859 2.91709 2 444.054 421.362 236.829 305.397
15 -0.071235 -0.835332 2.88051 2 466.859 428.746 248.991 310.749
16 -0.0231119 -0.0635328 2.66013 2 477.989 293.281 254.928 212.566
17 -0.0215041 -0.334137 2.91935 2 478.891 339.126 255.409 245.794
18 -0.0734871 -0.690709 3.0849 1 467.524 394.865 249.346 286.193
19 0.00402159 -0.769501 3.04044 2 484.87 409.804 258.597 297.02
20 -0.170211 0.440122 2.44668 2 436.017 189.995 232.542 137.706
21 -0.108607 -0.221595 2.48776 2 453.946 326.269 242.104 236.475
22 -0.127937 -0.12174 2.45356 2 448.128 306.298 239.002 222.001
23 0.0623544 -0.00143759 2.89481 2 498.75 281.462 266 204
24 0.0782699 0.0449857 2.86593 2 502.714 273.278 268.114 198.068
3
0
0.31614 -0.140386 0.92719 -0.143755
0.319108 -0.140846 0.926173 -0.143305
0.323137 -0.149623 0.916523 -0.182157
0 0 0 0
-0.184153 0.797743 -0.436878 0.372601
0.0227556 0.974807 -0.0228195 0.220711
-0.119552 0.405185 0.181745 0.887976
-0.134278 0.392014 0.260121 0.872142
0.239992 0.782252 0.544118 0.185531
-0.29326 -0.665275 0.114598 0.676961
0.103837 0.374758 0.484315 0.783718
0.0232853 0.419838 0.343851 0.839619
0.313657 -0.598892 0.637706 -0.36916
0.190243 0.887593 -0.117851 -0.402612
0.207168 0.953035 -0.0636065 -0.211568
0 0 0 0
0.17775 0.700211 0.689127 -0.0566811
0.155812 0.39311 0.338615 0.840552
0.13585 0.330129 0.178748 0.916847
0 0 0 0
0.32289 -0.14442 0.921535 -0.160183
0 0 0 0
0 0 0 0
0 0 0 0
0 0 0 0
