8110343
0 1.23028 0.2545 3.24942 2 746.428 241.257 398.095 174.86
1 1.2315 0.545806 3.12817 2 757.048 192.147 403.759 139.266
2 1.22613 0.829196 2.9988 2 767.54 140.09 409.355 101.536
3 1.17395 0.939612 2.94798 2 760.068 118.592 405.369 85.954
4 1.13238 0.782768 3.18489 2 730.598 155.754 389.652 112.888
5 1.12872 0.568069 3.31188 2 720.194 193.722 384.104 140.407
6 1.11378 0.320371 3.36379 1 713.26 232.676 380.405 168.641
7 1.11609 0.264835 3.40991 1 710.574 241.642 378.973 175.139
8 1.29916 0.68737 2.92323 2 792.149 161.222 422.48 116.852
9 1.36139 0.45783 2.9711 2 801.8 202.557 427.626 146.81
10 1.3703 0.223903 3.03764 2 796.916 243.582 425.022 176.545
11 1.35331 0.15335 3.06296 2 790.475 255.653 421.587 185.293
12 1.17678 0.271423 3.26782 2 733.505 238.857 391.203 173.12
13 1.21022 -0.0343494 3.45927 2 726.273 286.272 387.346 207.486
14 1.31731 -0.355854 3.60371 2 737.322 331.575 393.238 240.321
15 1.26613 -0.435829 3.5616 2 730.343 343.619 389.516 249.05
16 1.25941 0.232593 3.16666 2 759.753 243.73 405.201 176.652
17 1.28754 -0.0846374 3.26056 2 757.751 294.455 404.134 213.417
18 1.35279 -0.391288 3.46188 2 754.949 338.889 402.64 245.622
19 1.29467 -0.461579 3.46282 2 743.193 349.221 396.369 253.11
20 1.22832 0.759846 3.03354 2 764.848 153.349 407.919 111.145
21 1.13025 0.164545 3.40996 2 713.435 256.627 380.499 186
22 1.11773 0.2316 3.37057 2 713.571 246.201 380.571 178.443
23 1.34188 0.0702926 3.08957 2 785.253 269.597 418.801 195.4
24 1.32798 0.124436 3.0257 2 788.436 260.216 420.499 188.601
1
1
-0.434588 0.0886032 0.879056 -0.174766
-0.456839 0.0930261 0.867701 -0.172452
-0.478258 0.100463 0.847431 -0.207456
0 0 0 0
-0.429662 -0.609493 0.615492 0.255105
-0.167821 -0.634344 0.203783 0.726579
0.106864 0.97305 -0.00784906 0.204188
0.331307 0.926021 0.0759711 0.164162
-0.194314 0.707254 0.469392 -0.491635
0.120601 0.972215 0.111218 -0.166982
0.137126 0.943333 -0.0243915 -0.301206
0.127804 0.936364 -0.157115 -0.286712
-0.27581 -0.597153 0.753126 -0.011767
-0.132042 -0.30153 0.246138 0.911625
-0.215039 -0.361589 0.131809 0.897573
0 0 0 0
-0.32537 0.615068 0.522497 -0.49277
0.122508 0.939419 0.0853254 0.30855
0.254843 0.929921 0.153435 0.216241
0 0 0 0
-0.480109 0.0953291 0.852499 -0.183446
0 0 0 0
0 0 0 0
0 0 0 0
0 0 0 0
