8194862
0 1.2079 0.177515 3.1731 2 747.841 252.674 398.848 183.135
1 1.22492 0.479055 3.04872 2 762.668 201.002 406.756 145.684
2 1.23741 0.766284 2.92291 2 777.559 147.421 414.698 106.849
3 1.25076 0.8626 2.85438 2 787.592 127.12 420.049 92.1351
4 1.09659 0.723842 3.02053 2 735.805 158.883 392.429 115.156
5 1.02619 0.480411 3.15875 2 709.025 203.677 378.147 147.622
6 1.01996 0.256754 3.18153 1 705.883 240.102 376.471 174.023
7 0.992336 0.205714 3.15748 1 701.453 248.033 374.108 179.771
8 1.34269 0.615379 2.89059 2 806.017 172.595 429.876 125.095
9 1.44634 0.394076 3.01326 2 816.845 214.469 435.651 155.444
10 1.47081 0.173988 3.04376 2 819.137 252.034 436.873 182.671
11 1.48328 0.117422 3.03057 2 823.43 261.435 439.163 189.485
12 1.1342 0.195577 3.16045 2 732.616 249.659 390.728 180.95
13 1.05203 -0.106239 3.19753 2 711.716 298.135 379.582 216.084
14 1.17448 -0.389606 3.44669 2 720.032 338.837 384.017 245.584
15 1.11122 -0.46849 3.35054 2 713.731 352.495 380.657 255.483
16 1.25496 0.155689 3.11731 2 763.135 255.725 407.005 185.346
17 1.26354 -0.114199 3.24347 2 754.042 299.173 402.156 216.837
18 1.27631 -0.405981 3.4819 2 738.056 340.687 393.63 246.925
19 1.21228 -0.484778 3.38604 2 732.147 354.243 390.478 256.75
20 1.23518 0.696223 2.95536 2 773.881 160.959 412.736 116.661
21 0.970904 0.123685 3.18711 2 694.685 261.457 370.499 189.5
22 1.01131 0.187759 3.12223 2 708.172 250.579 377.692 181.616
23 1.48852 0.0646883 3.06109 2 821.25 270.425 438 196
24 1.52911 0.110973 3.0128 2 835.87 262.417 445.798 190.197
1
0
-0.201396 0.0658783 0.959707 -0.184561
-0.236285 0.0725698 0.951718 -0.182034
-0.273425 0.074413 0.937422 -0.202342
0 0 0 0
-0.286892 -0.640279 0.711639 0.0361314
0.151871 0.830212 -0.235084 -0.482098
0.052332 0.933547 0.00503222 0.354579
-0.101097 0.884135 -0.289009 0.352927
-0.0609023 0.803526 0.474903 -0.353701
0.131426 0.864752 0.279378 0.39608
0.0257303 0.823665 0.0839565 0.560237
-0.152135 0.827386 0.0275365 0.539934
-0.0911546 -0.593384 0.780445 -0.174622
0.0964506 -0.40063 0.10777 0.904753
-0.30993 -0.447659 0.216299 0.810407
0 0 0 0
-0.194454 0.688576 0.56474 -0.411241
0.174731 0.822367 0.129229 0.525815
0.278495 0.807157 0.188388 0.48523
0 0 0 0
-0.272566 0.0773554 0.940544 -0.187349
0 0 0 0
0 0 0 0
0 0 0 0
0 0 0 0
