8127817
0 1.19052 0.295185 3.26061 2 737.016 235.04 393.075 170.354
1 1.19112 0.570215 3.14808 2 746.392 188.763 398.076 136.813
2 1.18668 0.838478 3.02339 2 756.226 139.649 403.32 101.216
3 1.13447 0.943169 2.99982 2 746.258 120.744 398.004 87.5136
4 1.12207 0.79175 3.22297 2 725.451 155.82 386.907 112.936
5 1.13724 0.546674 3.38314 1 716.919 198.806 382.357 144.092
6 1.14626 0.279877 3.48299 1 711.832 240.269 379.644 174.143
7 1.09739 0.237306 3.51461 1 700.028 246.829 373.348 178.898
8 1.22164 0.71802 2.93059 2 773.113 156.151 412.327 113.176
9 1.09549 0.510206 2.80737 2 754.645 188.443 402.477 136.581
10 0.905781 0.396443 2.75417 2 711.801 207.83 379.627 150.632
11 0.798691 0.406352 2.74762 2 685.156 205.886 365.416 149.223
12 1.15586 0.275754 3.2997 2 726.645 238.606 387.544 172.939
13 1.15048 0.0336795 3.46833 2 713.591 276.264 380.582 200.232
14 1.26844 -0.313353 3.53855 1 732.362 326.367 390.593 236.546
15 1.17319 -0.405475 3.53153 2 714.062 339.731 380.833 246.233
16 1.19643 0.308428 3.15426 2 746.933 231.326 398.364 167.662
17 1.18939 -0.0960074 3.26908 2 736.056 296.185 392.563 214.671
18 1.21166 -0.409322 3.45997 2 726.633 341.536 387.538 247.541
19 1.13741 -0.477247 3.47291 2 710.832 351.26 379.11 254.588
20 1.18877 0.772422 3.05642 2 753.785 152.197 402.019 110.311
21 1.08974 0.184773 3.46608 1 701.523 254.065 374.146 184.143
22 1.08827 0.255109 3.47 1 701.005 243.771 373.87 176.682
23 0.734528 0.361921 2.72088 2 670.662 213.517 357.686 154.754
24 0.791378 0.437023 2.74718 2 683.363 200.18 364.46 145.088
0
0
-0.521195 0.103379 0.831333 -0.162955
-0.54641 0.108321 0.814981 -0.159713
-0.566784 0.12197 0.791069 -0.195166
0 0 0 0
-0.455112 -0.575928 0.588582 0.338749
-0.211179 -0.6423 0.19346 0.710934
0.178754 0.979999 0.000198539 -0.0874617
0.244734 0.891707 -0.380732 -0.00266016
-0.317995 0.634512 0.453789 -0.538841
-0.26913 0.931705 -0.215247 -0.114731
0.476407 -0.47585 0.151713 0.723593
0.633257 -0.381806 0.380746 0.555196
0.32633 0.798294 -0.468181 -0.192462
0.00612373 -0.0109336 0.2996 0.953982
-0.168714 -0.0866788 0.0812104 0.978482
0 0 0 0
-0.473299 0.44596 0.581099 -0.489317
0.136188 0.964704 0.0229726 0.224212
0.262623 0.952656 0.0694452 0.136574
0 0 0 0
-0.56816 0.118343 0.795341 -0.174989
0 0 0 0
0 0 0 0
0 0 0 0
0 0 0 0
