8173689
0 -0.0852954 -0.0417836 2.64758 2 461.829 289.187 246.309 209.599
1 -0.138041 0.238209 2.54348 2 446.641 233.827 238.209 169.475
2 -0.188213 0.510128 2.42693 2 430.461 174.517 229.579 126.488
3 -0.149148 0.625428 2.39387 2 440.914 148.394 235.154 107.554
4 -0.253688 0.369027 2.38035 2 410.525 202.61 218.947 146.849
5 -0.266404 0.132876 2.39434 2 407.429 253.123 217.296 183.46
6 -0.186383 -0.10532 2.46263 2 431.94 302.84 230.368 219.494
7 -0.159306 -0.15413 2.4894 2 439.973 312.524 234.652 226.513
8 -0.0642414 0.416017 2.55707 2 466.659 198.783 248.885 144.075
9 -0.000113512 0.164864 2.66646 1 483.927 249.953 258.095 181.163
10 0.0546962 0.0659687 2.84844 2 497.145 269.506 265.144 195.334
11 0.0703871 0.0307885 2.87488 2 500.772 275.798 267.078 199.895
12 -0.132045 -0.0501779 2.57941 2 448.789 291.045 239.354 210.945
13 -0.144657 -0.437436 2.76629 2 447.95 361.332 238.907 261.888
14 -0.149999 -0.786656 2.93727 2 448.672 417.379 239.292 302.511
15 -0.0600137 -0.829473 2.88798 2 469.591 427.317 250.448 309.713
16 -0.0356676 -0.0326906 2.64192 2 474.685 287.464 253.165 208.35
17 -0.00991466 -0.320335 2.93789 2 481.636 336.377 256.873 243.801
18 -0.0554249 -0.71089 3.09957 1 471.619 397.651 251.53 288.212
19 0.00956522 -0.773382 3.04378 2 486.127 410.315 259.268 297.391
20 -0.176052 0.443376 2.45835 2 434.605 189.753 231.789 137.53
21 -0.130907 -0.215082 2.52267 2 448.284 324.34 239.085 235.077
22 -0.178739 -0.177416 2.47678 2 434.345 317.447 231.651 230.081
23 0.0859082 -0.00773385 2.89016 2 504.372 282.563 268.998 204.798
24 0.0920068 0.0102391 2.8579 2 506.068 279.4 269.903 202.505
1
0
0.273795 -0.134 0.941569 -0.143279
0.307016 -0.138997 0.931266 -0.138437
0.342976 -0.154368 0.910349 -0.172635
0 0 0 0
-0.161786 0.800658 -0.440356 0.372637
0.0355397 0.964478 -0.0182037 0.26113
0.195986 0.836824 0.0648646 -0.507058
0.315195 0.810077 0.0801452 -0.487856
0.27838 0.739712 0.576453 0.207446
-0.218216 -0.625443 0.0777452 0.745089
0.364128 0.750085 0.369609 0.410088
0.195883 0.845437 0.291793 0.402148
-0.303862 0.651373 -0.597624 0.355285
0.191374 0.86713 -0.115159 -0.445196
0.213243 0.929625 -0.0741946 -0.291239
0 0 0 0
0.0978269 0.622087 0.761564 -0.153162
0.153355 0.43396 0.35873 0.81208
0.126892 0.386917 0.156756 0.89979
0 0 0 0
0.342726 -0.148581 0.915283 -0.150728
0 0 0 0
0 0 0 0
0 0 0 0
0 0 0 0
