8121825
0 1.24376 0.251193 3.28773 2 746.206 242.237 397.977 175.57
1 1.25423 0.528085 3.15956 2 759.323 195.895 404.972 141.982
2 1.26186 0.798648 3.02155 2 773.602 146.314 412.588 106.046
3 1.27329 0.889508 2.94876 2 783.221 127.372 417.718 92.3178
4 1.10377 0.768858 3.08287 2 732.331 153.901 390.576 111.545
5 1.01667 0.62232 3.16125 2 706.86 180.81 376.992 131.048
6 1.05647 0.402761 3.27651 2 707.258 218.568 377.204 158.415
7 1.07397 0.340258 3.26888 1 711.482 228.167 379.457 165.372
8 1.37199 0.696904 3.02369 2 798.573 163.615 425.906 118.586
9 1.48986 0.498337 3.11609 2 815.506 199.606 434.937 144.672
10 1.60153 0.269716 3.10324 2 841.665 236.882 448.888 171.689
11 1.64458 0.193362 3.06216 2 855.993 249.023 456.53 180.488
12 1.15955 0.253222 3.27238 2 729.468 241.758 389.05 175.223
13 1.2302 -0.0364922 3.47173 2 729.419 286.569 389.023 207.701
14 1.33039 -0.337939 3.63806 2 737.413 328.586 393.287 238.155
15 1.23806 -0.333836 3.70442 2 715.417 327.137 381.556 237.104
16 1.30338 0.243838 3.23639 2 763.255 242.762 407.069 175.95
17 1.36168 -0.0613938 3.30229 2 769.936 290.699 410.632 210.694
18 1.4255 -0.362891 3.50554 2 766.007 334.046 408.537 242.112
19 1.38889 -0.442491 3.40562 2 766.85 347.532 408.987 251.886
20 1.26074 0.73202 3.05792 2 769.962 159.014 410.646 115.251
21 1.05394 0.271252 3.30292 2 704.841 239.378 375.915 173.498
22 1.09455 0.310334 3.19004 2 721.651 231.62 384.881 167.875
23 1.66091 0.124011 2.98915 2 868.597 260.078 463.252 188.501
24 1.67216 0.205687 3.0207 2 867.149 246.526 462.479 178.679
1
0
-0.117753 0.0433558 0.969337 -0.211284
-0.13357 0.046801 0.967284 -0.210548
-0.150969 0.0460159 0.957094 -0.243028
0 0 0 0
-0.237263 -0.615164 0.746057 -0.0931619
0.234592 0.942226 -0.233373 0.0520977
0.208926 0.93708 0.138711 0.242878
-0.086077 0.967072 0.119932 0.207315
0.0365466 0.751341 0.595183 -0.282682
-0.0244776 0.698977 0.316579 0.640788
-0.131961 0.851288 0.184076 0.473298
-0.304644 0.850288 0.113206 0.413988
-0.0901876 -0.666055 0.709729 -0.211004
-0.255302 -0.557468 0.176026 0.770107
-0.0635795 0.297129 0.27498 0.912172
0 0 0 0
-0.133286 0.644605 0.660075 -0.361968
0.0268651 0.786265 0.13726 0.601851
0.183714 0.778744 0.240627 0.549459
0 0 0 0
-0.149824 0.0497682 0.9617 -0.224074
0 0 0 0
0 0 0 0
0 0 0 0
0 0 0 0
