8103428
0 -0.0659608 -0.0393092 2.61623 2 466.64 288.804 248.875 209.321
1 -0.119346 0.239258 2.51076 2 451.276 233 240.68 168.875
2 -0.171534 0.508776 2.38834 2 434.413 173.078 231.687 125.445
3 -0.126287 0.627151 2.38497 2 447.376 147.533 238.6 106.93
4 -0.215733 0.355365 2.33087 2 420.205 203.936 224.109 147.81
5 -0.214877 0.114367 2.32446 2 420.402 256.32 224.215 185.777
6 -0.118412 -0.0757118 2.40091 2 450.074 297.152 240.04 215.372
7 -0.0599197 -0.134956 2.43742 2 467.068 309.202 249.103 224.105
8 -0.0580077 0.418124 2.52291 1 468.125 197.237 249.667 142.955
9 0.0407156 0.31048 2.75659 2 494.113 224.22 263.527 162.511
10 0.238865 0.400707 2.74574 2 543.863 207.261 290.06 150.22
11 0.233678 0.393233 2.73402 1 542.809 208.334 289.498 150.998
12 -0.108962 -0.0518582 2.55128 2 454.619 291.485 242.464 211.264
13 -0.128661 -0.450262 2.73381 2 451.547 364.672 240.825 264.309
14 -0.157433 -0.80009 2.90444 2 446.494 421.308 238.13 305.358
15 -0.070915 -0.850437 2.85458 2 466.777 432.817 248.947 313.7
16 -0.0205982 -0.0254814 2.60411 2 478.524 286.156 255.213 207.402
17 -0.0567696 -0.342793 2.68031 2 469.387 345.948 250.34 250.738
18 -0.0367523 -0.633049 3.09205 1 475.763 385.067 253.74 279.092
19 0.0587583 -0.690686 3.01213 2 497.416 397.627 265.288 288.194
20 -0.158556 0.44262 2.42142 2 438.832 188.517 234.044 136.634
21 -0.0192775 -0.188009 2.46658 2 478.586 319.753 255.246 231.752
22 -0.057589 -0.169511 2.42682 2 467.651 316.529 249.414 229.416
23 0.235722 0.390416 2.7146 2 543.75 208.337 290 151
24 0.22979 0.384285 2.69384 1 542.691 208.933 289.435 151.432
1
0
0.268333 -0.13527 0.94248 -0.146393
0.329284 -0.144537 0.922953 -0.137251
0.395175 -0.173909 0.885619 -0.171089
0 0 0 0
-0.214645 0.799576 -0.371617 0.420128
-0.013097 0.938449 -0.00292455 0.345158
0.247349 0.886721 0.138315 -0.365258
0.346046 0.829847 0.233223 -0.370422
0.288343 0.724186 0.576509 0.245053
-0.247315 -0.0540359 0.49348 0.832101
0.837604 -0.0765803 -0.0732566 -0.535899
0.378546 -0.374494 -0.323689 0.782101
-0.298183 0.665085 -0.575811 0.370393
0.178551 0.867321 -0.11838 -0.449287
0.20157 0.925396 -0.105832 -0.303003
0 0 0 0
0.0548669 0.566715 0.798901 -0.19386
0.125281 0.758144 0.0329522 0.63909
0.155795 0.340447 0.433437 0.819729
0 0 0 0
0.395958 -0.163932 0.89108 -0.1494
0 0 0 0
0 0 0 0
0 0 0 0
0 0 0 0
