8183022
0 -0.120241 -0.00345414 2.64643 2 452.747 281.87 241.465 204.296
1 -0.166751 0.25826 2.53356 2 438.691 229.623 233.969 166.428
2 -0.206494 0.518122 2.40532 2 424.722 171.843 226.518 124.549
3 -0.163508 0.62638 2.396 2 436.809 148.303 232.965 107.488
4 -0.293976 0.395134 2.4499 2 401.246 199.405 213.998 144.526
5 -0.140334 0.134076 2.36544 2 443.186 252.548 236.366 183.043
6 -0.0408248 -0.0773229 2.46796 2 472.595 297.046 252.051 215.295
7 -0.0185342 -0.124548 2.50032 2 478.865 306.39 255.394 222.067
8 -0.125438 0.357765 2.35827 1 447.338 204.358 238.58 148.116
9 -0.100519 0.121341 2.3288 1 454.3 254.868 242.293 184.725
10 -0.0154694 -0.0639304 2.4148 1 479.557 294.591 255.764 213.515
11 -0.0288055 -0.0939444 2.47018 1 475.947 300.433 253.838 217.75
12 -0.172469 -0.0339286 2.58953 2 438.195 287.835 233.704 208.619
13 -0.115376 -0.448408 2.76143 2 455.187 363.488 242.766 263.451
14 -0.161383 -0.804066 2.91342 2 445.671 421.574 237.691 305.551
15 -0.0636248 -0.834539 2.87774 2 468.671 428.746 249.958 310.75
16 -0.0625202 0.0301929 2.62639 2 467.607 275.401 249.391 199.607
17 -0.0406307 -0.357351 2.73953 2 473.754 347.241 252.669 251.675
18 -0.0565767 -0.739418 3.09842 2 471.354 402.407 251.389 291.659
19 0.00915181 -0.793894 3.02682 1 486.045 414.519 259.224 300.438
20 -0.197083 0.454601 2.44031 2 428.286 186.718 228.419 135.33
21 0.0154861 -0.174367 2.54874 2 488.131 315.8 260.337 228.887
22 -0.0577432 -0.117574 2.50611 2 468.129 304.926 249.669 221.006
23 -0.0105928 -0.128286 2.48582 2 481.029 307.298 256.549 222.725
24 -0.0504245 -0.0708024 2.42729 2 469.688 295.954 250.5 214.503
1
1
0.210946 -0.123785 0.953221 -0.177618
0.0188644 -0.0863355 0.976101 -0.198538
-0.192784 -0.0158721 0.947176 -0.255812
0 0 0 0
0.0731806 0.870974 -0.483768 0.0449038
-0.282076 0.656573 0.0731817 0.695693
-0.277202 -0.435036 0.0943109 0.851474
-0.30164 -0.44049 0.157119 0.83084
-0.187484 0.848016 0.364189 -0.336282
-0.0151809 -0.489158 -0.07938 0.868442
-0.282338 -0.58009 0.0400428 0.763005
0.273483 0.610674 -0.438337 -0.600121
-0.188206 0.730617 -0.530154 0.38693
0.198502 0.827008 -0.049379 -0.523656
0.183431 0.95839 -0.0989584 -0.195063
0 0 0 0
0.0608678 0.467606 0.858773 -0.200372
0.0546403 0.542563 0.133236 0.82758
0.179268 0.415854 0.321871 0.831461
0 0 0 0
-0.196989 -0.0253557 0.95316 -0.228118
0 0 0 0
0 0 0 0
0 0 0 0
0 0 0 0
