8176057
0 -0.0823019 -0.0362989 2.66208 2 462.722 288.102 246.785 208.813
1 -0.126162 0.248809 2.55587 2 450.017 231.958 240.009 168.12
2 -0.168074 0.527744 2.43881 2 436.413 171.36 232.753 124.199
3 -0.105002 0.64451 2.42939 2 454.097 146.342 242.185 106.067
4 -0.23635 0.374924 2.38409 2 415.656 201.485 221.683 146.033
5 -0.257212 0.137619 2.39288 2 410.029 252.105 218.682 182.722
6 -0.159917 -0.102313 2.4544 2 439.184 302.289 234.231 219.095
7 -0.134359 -0.147577 2.47059 2 446.584 311.417 238.178 225.711
8 -0.0365852 0.459108 2.67004 2 474.52 194.074 253.077 140.662
9 0.119694 0.35446 2.78004 2 513.577 216.664 273.908 157.035
10 0.343496 0.373974 2.7562 2 569.814 212.427 303.901 153.964
11 0.418408 0.394762 2.76304 2 588.359 208.728 313.792 151.283
12 -0.117062 -0.0385911 2.5773 2 452.756 288.779 241.47 209.303
13 -0.143789 -0.433892 2.7673 1 448.181 360.651 239.03 261.395
14 -0.152171 -0.785393 2.93615 2 448.147 417.211 239.012 302.389
15 -0.0562889 -0.833087 2.88805 2 470.482 427.955 250.924 310.176
16 -0.0481762 -0.0332897 2.6733 2 471.58 287.504 251.509 208.379
17 -0.0297228 -0.350852 2.96242 2 477.057 341.145 254.43 247.257
18 -0.0622333 -0.718041 3.09808 1 470.096 398.89 250.718 289.11
19 0.026535 -0.751953 3.09375 2 489.877 404.664 261.268 293.295
20 -0.158308 0.459096 2.47034 2 439.791 186.963 234.555 135.508
21 -0.106437 -0.201699 2.49941 2 454.687 322.026 242.5 233.4
22 -0.137165 -0.175824 2.446 2 445.413 317.567 237.554 230.168
23 0.481515 0.374801 2.75573 2 604.477 212.18 322.388 153.785
24 0.426252 0.368487 2.80367 2 588.751 214.548 314.001 155.502
1
0
0.430444 -0.142475 0.882308 -0.126299
0.433197 -0.142868 0.88096 -0.125854
0.43591 -0.153703 0.872134 -0.160441
0 0 0 0
-0.156728 0.788489 -0.426979 0.414016
0.0271951 0.976864 -0.0389887 0.208513
0.171673 0.925199 0.14045 -0.30791
0.22548 0.907021 0.182965 -0.304952
0.386002 0.637925 0.592477 0.304999
-0.355483 0.158918 0.365359 0.845512
0.729393 0.0255571 0.10572 -0.675393
0.794416 0.0895696 0.0456401 -0.598997
-0.401879 0.603327 -0.570955 0.385358
0.202019 0.928963 -0.0968233 -0.294688
0.209532 0.934053 -0.0742082 -0.279525
0 0 0 0
0.21926 0.676873 0.702612 0.0101999
0.0944986 0.300625 0.348841 0.882612
0.0557354 0.0772583 0.171717 0.980529
0 0 0 0
0.435789 -0.148914 0.876736 -0.138733
0 0 0 0
0 0 0 0
0 0 0 0
0 0 0 0
