8122360
0 -0.0749343 -0.0533653 2.67513 2 464.717 291.293 247.849 211.125
1 -0.124798 0.238915 2.56386 2 450.491 234.068 240.262 169.649
2 -0.173116 0.522518 2.43946 2 435.002 172.481 232.001 125.012
3 -0.120706 0.638318 2.4113 2 449.372 146.633 239.665 106.278
4 -0.240352 0.377786 2.38798 2 414.609 201.003 221.125 145.684
5 -0.260338 0.139068 2.40001 2 409.351 251.885 218.32 182.563
6 -0.182598 -0.0628145 2.4486 2 432.711 294.183 230.779 213.22
7 -0.143984 -0.134703 2.48043 2 444.066 308.672 236.835 223.721
8 -0.0524158 0.403936 2.55829 2 469.852 201.227 250.588 145.847
9 0.0135475 0.218118 2.77114 1 487.316 241.409 259.902 174.97
10 0.0627002 0.0990904 2.94051 2 498.603 264.178 265.921 191.473
11 0.0746041 0.0606032 2.95173 2 501.316 270.834 267.369 196.297
12 -0.1264 -0.0501848 2.59148 2 450.45 291 240.24 210.913
13 -0.149445 -0.44602 2.76594 2 446.75 362.922 238.267 263.041
14 -0.16547 -0.804013 2.91988 2 444.789 421.253 237.221 305.318
15 -0.0723182 -0.835865 2.8834 2 466.616 428.692 248.862 310.71
16 -0.0215617 -0.0552499 2.68304 2 478.437 291.618 255.167 211.36
17 -0.0273454 -0.355229 2.9634 2 477.61 341.874 254.726 247.786
18 -0.0701524 -0.716823 3.10574 2 468.371 398.397 249.798 288.753
19 0.014323 -0.763664 3.07157 2 487.176 407.516 259.827 295.362
20 -0.16131 0.452933 2.47289 2 439.003 188.33 234.135 136.499
21 -0.106016 -0.193267 2.50472 2 454.866 320.234 242.595 232.102
22 -0.137294 -0.0939822 2.49118 2 446.091 300.284 237.915 217.642
23 0.106094 0.0328516 2.95776 2 508.594 275.597 271.25 199.749
24 0.100386 0.0817523 2.92783 2 507.508 267.097 270.671 193.588
1
0
0.313921 -0.133422 0.928927 -0.144034
0.31696 -0.133893 0.927895 -0.143597
0.320256 -0.14589 0.91812 -0.182231
0 0 0 0
-0.180817 0.797466 -0.442119 0.368625
0.0326761 0.98009 -0.0360924 0.192493
-0.159245 0.155503 0.13922 0.964924
-0.198756 0.147698 0.223908 0.942628
0.239053 0.79361 0.525331 0.19252
-0.358886 -0.589427 0.225807 0.687596
0.205471 0.59251 0.421985 0.654708
-0.0207802 0.639293 0.198494 0.742612
0.317625 -0.588837 0.644436 -0.370255
0.17553 0.888231 -0.110929 -0.409792
0.191804 0.954704 -0.0652987 -0.217916
0 0 0 0
0.166781 0.716068 0.674337 -0.0685599
0.163104 0.396049 0.328841 0.841668
0.099136 0.237898 0.166487 0.951766
0 0 0 0
0.3203 -0.139824 0.923037 -0.160809
0 0 0 0
0 0 0 0
0 0 0 0
0 0 0 0
