8141168
0 -0.127289 -0.00422397 2.69555 2 451.519 282.003 240.81 204.392
1 -0.135872 0.275806 2.59924 2 448.008 227.514 238.937 164.899
2 -0.143295 0.547942 2.49207 2 444.288 169.592 236.954 122.918
3 -0.0889701 0.66168 2.46403 2 459.01 144.686 244.805 104.866
4 -0.254567 0.411893 2.44009 2 412.052 195.6 219.761 141.768
5 -0.330459 0.166077 2.47368 2 392.016 247.21 209.075 179.174
6 -0.30943 -0.0560413 2.49216 2 398.555 292.592 212.563 212.067
7 -0.294605 -0.120778 2.50583 2 403.089 305.606 214.981 221.499
8 0.0148918 0.502033 2.67776 2 487.788 186.158 260.154 134.925
9 0.220709 0.465804 2.74863 2 539.281 195.292 287.617 141.545
10 0.443363 0.463192 2.74913 2 595.239 195.661 317.461 141.813
11 0.534484 0.458793 2.74207 2 618.564 196.187 329.901 142.194
12 -0.17408 -0.015549 2.61904 2 438.289 284.212 233.754 205.993
13 -0.173488 -0.430128 2.77358 2 440.886 359.788 235.139 260.769
14 -0.156854 -0.796244 2.91352 2 446.751 420.19 238.267 304.548
15 -0.0669208 -0.83341 2.88143 2 467.9 428.355 249.547 310.466
16 -0.0775146 0.00726939 2.69796 2 464.224 279.849 247.586 202.831
17 -0.0339999 -0.328382 2.92758 2 475.971 337.966 253.851 244.953
18 -0.0640909 -0.696912 3.09445 2 469.669 395.536 250.49 286.679
19 -0.0224627 -0.774999 3.0367 2 478.849 410.892 255.386 297.809
20 -0.141783 0.481187 2.52104 2 445.194 184.407 237.437 133.656
21 -0.272283 -0.187188 2.52645 2 409.819 318.715 218.57 231
22 -0.260286 -0.108029 2.505 2 412.509 303.031 220.005 219.633
23 0.592149 0.451465 2.72054 2 634.353 196.835 338.322 142.663
24 0.531685 0.416189 2.74042 2 617.892 204.064 329.542 147.903
0
0
0.338067 -0.0702959 0.926461 -0.149795
0.346782 -0.0717042 0.923235 -0.149126
0.353832 -0.083363 0.912884 -0.185729
0 0 0 0
-0.089835 0.765456 -0.518298 0.37064
0.0568344 0.985092 -0.151795 -0.0576293
-0.0115969 0.614841 0.0615607 0.786159
-0.0241136 0.609828 0.148489 0.778125
0.365857 0.649153 0.642632 0.17825
-0.476479 0.304443 0.4369 0.699572
-0.605316 -0.362968 -0.357388 0.611654
-0.579275 -0.34507 -0.374702 0.636369
-0.282946 0.627504 -0.597745 0.410951
0.161372 0.893314 -0.0738419 -0.412911
0.181544 0.957199 -0.0204282 -0.224488
0 0 0 0
0.147749 0.616383 0.768465 -0.0877726
0.0776238 0.414589 0.289206 0.859332
0.139749 0.496676 0.162002 0.841153
0 0 0 0
0.354919 -0.078015 0.917138 -0.16372
0 0 0 0
0 0 0 0
0 0 0 0
0 0 0 0
