8111161
0 -0.142813 -0.0720294 2.61103 2 446.379 295.157 238.069 213.926
1 -0.198116 0.202928 2.48403 2 429.113 239.874 228.86 173.857
2 -0.249855 0.467702 2.34546 2 410.469 179.986 218.917 130.451
3 -0.209918 0.58863 2.3149 2 421.306 151.938 224.697 110.123
4 -0.284202 0.325407 2.2958 2 398.663 209.348 212.62 151.733
5 -0.254801 0.0971155 2.29924 2 407.745 259.836 217.464 188.326
6 -0.172579 -0.0917794 2.37645 2 434.05 300.741 231.493 217.973
7 -0.129667 -0.158732 2.44301 2 447.48 314.069 238.656 227.633
8 -0.118818 0.360203 2.36548 1 449.376 204.071 239.667 147.908
9 -0.188855 0.0823983 2.30943 1 427.752 263.166 228.134 190.739
10 -0.0943279 -0.0518763 2.44892 1 457.499 291.918 243.999 211.578
11 -0.0836707 -0.0967866 2.50718 1 461.032 300.724 245.884 217.961
12 -0.208216 -0.0915526 2.54991 2 427.834 299.369 228.178 216.979
13 -0.15834 -0.480065 2.73283 2 444.04 370.265 236.821 268.363
14 -0.176886 -0.823515 2.91276 2 441.973 425.039 235.719 308.063
15 -0.0733031 -0.834722 2.87093 2 466.303 429.134 248.695 311.03
16 -0.0731844 -0.0507518 2.59704 2 464.601 291.088 247.787 210.976
17 -0.0960343 -0.371298 2.68174 1 459.315 351.317 244.968 254.629
18 -0.0773876 -0.716753 3.07421 1 466.586 399.598 248.846 289.623
19 0.00940154 -0.747841 3.07479 2 486.067 404.746 259.236 293.355
20 -0.237291 0.402951 2.38213 2 415.305 195.426 221.496 141.642
21 -0.0967364 -0.234794 2.46606 2 456.989 329.376 243.727 238.727
22 -0.103181 -0.10372 2.46694 2 455.222 302.465 242.785 219.223
23 -0.0264205 -0.17108 2.56074 2 476.868 314.988 254.329 228.299
24 -0.0468083 -0.0225783 2.53183 2 471.259 285.718 251.338 207.084
1
1
0.18135 -0.130213 0.955849 -0.191075
0.173186 -0.128577 0.957362 -0.192179
0.165858 -0.128447 0.949474 -0.233436
0 0 0 0
-0.290125 0.846762 -0.325666 0.30457
-0.0215026 0.895637 0.0607347 0.440094
-0.121082 0.325168 0.236741 0.907501
-0.107519 0.280492 0.406966 0.862637
-0.0149311 0.812183 0.575792 -0.0927356
0.152055 -0.441149 -0.0327329 0.883853
-0.152702 0.210701 0.406304 0.875902
-0.00920042 0.142885 0.444775 0.884124
-0.179165 0.697194 -0.60113 0.347078
0.213367 0.809657 -0.0715948 -0.542038
0.229888 0.953535 -0.0689588 -0.182117
0 0 0 0
0.104832 0.564989 0.795304 -0.193104
0.116102 0.707781 0.0652313 0.693766
0.0374601 0.125782 0.410426 0.9024
0 0 0 0
0.164941 -0.126696 0.95482 -0.212276
0 0 0 0
0 0 0 0
0 0 0 0
0 0 0 0
