8111650
0 -0.141491 -0.0665901 2.61156 2 446.735 294.101 238.259 213.16
1 -0.197084 0.205892 2.48628 2 429.448 239.308 229.039 173.447
2 -0.249821 0.470772 2.34864 2 410.576 179.457 218.974 130.068
3 -0.209911 0.592388 2.32446 2 421.565 151.647 224.835 109.911
4 -0.281624 0.327215 2.29874 2 399.546 209.042 213.091 151.511
5 -0.24528 0.096337 2.30104 2 410.657 260.026 219.017 188.463
6 -0.16806 -0.0961241 2.37426 2 435.312 301.684 232.167 218.656
7 -0.129246 -0.16385 2.43786 2 447.52 315.201 238.678 228.453
8 -0.116574 0.360928 2.36417 1 450.011 203.872 240.006 147.764
9 -0.186626 0.0830944 2.30813 1 428.384 263.003 228.472 190.621
10 -0.0922297 -0.051016 2.44743 1 458.072 291.747 244.305 211.454
11 -0.0783065 -0.0969626 2.50766 1 462.506 300.756 246.67 217.984
12 -0.206884 -0.0798416 2.55987 2 428.412 296.984 228.486 215.25
13 -0.155744 -0.485591 2.73922 2 444.784 371.083 237.218 268.956
14 -0.179322 -0.828948 2.91956 2 441.492 425.657 235.463 308.51
15 -0.0722107 -0.834983 2.87169 2 466.571 429.141 248.838 311.035
16 -0.0715383 -0.0469626 2.58851 2 464.975 290.38 247.986 210.464
17 -0.0910681 -0.362833 2.68319 1 460.604 349.675 245.655 253.44
18 -0.07277 -0.70635 3.0781 2 467.645 397.717 249.411 288.26
19 -0.0350433 -0.789127 3.01714 1 475.934 414.142 253.832 300.164
20 -0.237006 0.405746 2.38524 2 415.476 194.942 221.587 141.291
21 -0.0941992 -0.236375 2.46333 2 457.667 329.754 244.089 239.001
22 -0.185419 -0.147375 2.47493 2 432.458 311.331 230.644 225.648
23 -0.0217296 -0.166233 2.56133 2 478.128 314.023 255.001 227.599
24 -0.0475748 -0.02337 2.52551 2 471.019 285.887 251.21 207.207
1
1
0.11811 -0.118593 0.965775 -0.19815
0.136277 -0.122304 0.96338 -0.195881
0.1601 -0.128206 0.950683 -0.232665
0 0 0 0
-0.297883 0.852907 -0.311899 0.294166
-0.0328806 0.876166 0.0708873 0.475632
-0.22915 -0.330909 0.0996053 0.909983
-0.319844 -0.325375 0.247756 0.854663
-0.0316842 0.814128 0.571757 -0.0963585
0.152053 -0.441129 -0.0327007 0.883864
-0.155187 0.205312 0.405323 0.877199
-0.0303342 0.14198 0.448125 0.882103
-0.150103 0.689566 -0.631639 0.320936
0.198591 0.773686 -0.0790794 -0.596422
0.228601 0.952245 -0.0768199 -0.187269
0 0 0 0
0.0605762 0.562446 0.790621 -0.234314
0.122726 0.691892 0.0826247 0.70668
0.224535 0.527446 0.348758 0.741453
0 0 0 0
0.159048 -0.126921 0.95603 -0.21119
0 0 0 0
0 0 0 0
0 0 0 0
0 0 0 0
