8151581
0 1.04187 0.248992 3.14005 2 713.715 240.806 380.648 174.533
1 1.04796 0.527716 3.02948 2 723.765 192.35 386.008 139.413
2 1.04892 0.798678 2.90773 2 734.221 140.989 391.584 102.187
3 0.995189 0.899651 2.89659 2 722.312 122.655 385.233 88.8988
4 1.01807 0.741325 3.17695 1 706.149 162.155 376.613 117.528
5 1.04375 0.537239 3.25826 1 705.895 197.15 376.477 142.892
6 1.03674 0.318821 3.3054 1 701.064 232.081 373.901 168.209
7 1.03559 0.246633 3.32481 1 699.504 243.436 373.069 176.439
8 1.06576 0.633348 2.81486 2 746.617 166.352 398.196 120.569
9 0.829255 0.482511 2.76228 2 691.874 192.188 368.999 139.295
10 0.602571 0.45823 2.75841 2 634.903 196.744 338.615 142.597
11 0.534375 0.47435 2.77384 2 616.998 194.309 329.066 140.832
12 1.0208 0.263232 3.16345 2 707.352 238.821 377.254 173.094
13 1.09531 -0.141565 3.24528 2 717.664 303.438 382.754 219.927
14 1.13481 -0.321426 3.59366 2 702.54 326.769 374.688 236.837
15 1.05693 -0.324218 3.67476 2 682.875 326.111 364.2 236.361
16 1.03941 0.228102 3.04539 2 720.352 243.036 384.188 176.15
17 1.10395 -0.0790753 3.20482 1 722.514 293.785 385.341 212.931
18 1.16989 -0.40542 3.42483 2 720.625 341.562 384.333 247.56
19 1.10103 -0.48866 3.4229 2 706.764 353.977 376.941 256.557
20 1.04954 0.732074 2.94025 2 731.581 154.113 390.176 111.699
21 1.03347 0.221844 3.33593 1 698.325 247.35 372.44 179.276
22 1.02954 0.21116 3.3156 1 698.819 248.783 372.704 180.314
23 0.465106 0.487816 2.75099 2 600.664 191.139 320.354 138.535
24 0.575345 0.493036 2.74 2 629.061 189.711 335.499 137.5
1
3
-0.638224 0.129814 0.746554 -0.135924
-0.635357 0.129292 0.748995 -0.13642
-0.629071 0.142115 0.744004 -0.174732
0 0 0 0
-0.473766 -0.520646 0.54305 0.457787
-0.129583 -0.394198 0.147834 0.897754
0.105713 0.994048 -0.0178396 -0.0193449
0.130814 0.991135 -0.0104947 -0.0207092
-0.290357 0.676595 0.32859 -0.591558
-0.156776 0.868932 -0.459527 -0.0959879
-0.387419 0.613379 -0.544666 -0.420727
0.401917 -0.450482 0.671409 0.429812
-0.427965 -0.517443 0.723097 0.161954
-0.132899 -0.699921 0.00638865 0.701718
0.0582462 0.190266 0.518062 0.831876
0 0 0 0
0.452377 -0.548867 -0.433172 0.553589
0.227756 0.965782 0.108922 0.0593959
0.259058 0.924235 0.154933 0.233827
0 0 0 0
-0.631235 0.134569 0.748166 -0.153886
0 0 0 0
0 0 0 0
0 0 0 0
0 0 0 0
