8183974
0 1.20688 0.278196 3.34079 2 734.307 238.747 391.63 173.04
1 1.21505 0.56891 3.22423 2 745.332 191.157 397.51 138.548
2 1.21831 0.851091 3.09695 2 756.845 140.932 403.651 102.145
3 1.19382 0.95575 3.04317 2 755.999 120.948 403.2 87.6617
4 1.1099 0.805405 3.25146 2 720.728 154.781 384.388 112.183
5 1.09351 0.571473 3.39448 2 707.162 195.375 377.153 141.605
6 1.07304 0.341957 3.47912 1 697.417 231.154 371.955 167.537
7 1.07522 0.275086 3.46527 1 698.684 240.786 372.631 174.518
8 1.29124 0.721564 3.02484 2 780.047 159.458 416.025 115.573
9 1.35232 0.46896 3.07669 2 788.885 203.399 420.739 147.421
10 1.32542 0.241369 3.129 2 777.796 241.835 414.825 175.279
11 1.31048 0.186028 3.15332 2 772.213 251.101 411.847 181.994
12 1.15158 0.287908 3.35309 2 721.859 237.444 384.992 172.096
13 1.16667 0.0172436 3.53691 2 712.295 278.727 379.891 202.018
14 1.2704 -0.31362 3.57856 1 729.942 325.896 389.303 236.205
15 1.20568 -0.32128 3.6667 2 711.645 325.857 379.544 236.176
16 1.2387 0.262218 3.25967 2 747.403 240.174 398.615 174.075
17 1.22945 -0.0576466 3.29962 2 742.184 290.12 395.831 210.275
18 1.28557 -0.379046 3.52854 2 736.491 336.001 392.795 243.529
19 1.19251 -0.449647 3.45838 2 722.902 347.508 385.548 251.869
20 1.2184 0.781744 3.13083 2 753.939 153.743 402.101 111.431
21 1.08682 0.231404 3.47627 2 700.309 247.314 373.498 179.249
22 1.05723 0.262532 3.46738 2 694.922 242.662 370.625 175.878
23 1.31448 0.106971 3.18026 2 770.624 264.044 410.999 191.376
24 1.34116 0.159339 3.13267 2 780.939 255.247 416.501 185
1
1
-0.395743 0.088517 0.898509 -0.168028
-0.41588 0.0922792 0.889368 -0.165992
-0.43543 0.100145 0.871582 -0.201784
0 0 0 0
-0.387459 -0.62479 0.649637 0.19361
-0.157272 -0.641451 0.222345 0.717195
0.00772235 -0.190138 0.180152 0.965056
0.00417578 -0.194689 -0.103095 0.975423
-0.201697 0.704164 0.497408 -0.464818
0.104261 0.987184 0.111922 -0.0455001
0.123719 0.777311 0.0244953 0.616345
0.234093 0.760384 0.0285753 0.605144
-0.220308 -0.642875 0.732083 -0.047239
-0.0479999 -0.0780123 0.290702 0.952419
-0.107514 0.441769 0.121414 0.882349
0 0 0 0
-0.333594 0.612122 0.54638 -0.46421
0.0620075 0.894673 0.0146127 0.442157
0.253249 0.882762 0.180738 0.352038
0 0 0 0
-0.436095 0.0980502 0.876145 -0.180493
0 0 0 0
0 0 0 0
0 0 0 0
0 0 0 0
