8105676
0 1.19654 0.276396 3.31103 2 734.392 238.642 391.676 172.964
1 1.19685 0.562027 3.18412 2 744.655 191.127 397.15 138.526
2 1.19272 0.841279 3.04747 2 755.453 140.296 402.908 101.685
3 1.14251 0.944669 2.99465 2 748.561 120.219 399.232 87.133
4 1.1022 0.788014 3.22211 2 721.225 156.386 384.653 113.346
5 1.09911 0.566966 3.33861 2 712.097 194.613 379.785 141.053
6 1.07301 0.315984 3.36963 2 704.401 233.441 375.681 169.195
7 1.08828 0.25384 3.38768 2 706.335 243.043 376.712 176.154
8 1.26748 0.702955 2.96647 2 780.318 160.263 416.17 116.157
9 1.32336 0.479222 3.00851 2 789.115 199.896 420.862 144.882
10 1.244 0.242987 3.05951 2 765.959 240.678 408.512 174.44
11 1.20859 0.175182 3.10176 2 754.111 252.396 402.193 182.933
12 1.14104 0.291504 3.32846 2 721.424 236.569 384.76 171.462
13 1.17888 -0.00918682 3.51816 2 715.948 282.541 381.839 204.782
14 1.29922 -0.360172 3.59927 2 734.128 332.244 391.535 240.806
15 1.22074 -0.359722 3.67131 2 714.241 331.145 380.929 240.009
16 1.22943 0.256414 3.23088 2 747.762 240.724 398.807 174.474
17 1.24504 -0.0897598 3.27158 2 747.749 295.205 398.799 213.961
18 1.32327 -0.394875 3.45466 2 749.558 339.533 399.764 246.089
19 1.28778 -0.465631 3.47079 2 741.211 349.657 395.313 253.427
20 1.19457 0.772522 3.08353 2 752.72 153.314 401.451 111.12
21 1.10169 0.209623 3.40215 2 708.115 249.826 377.661 181.07
22 1.1074 0.240201 3.33975 2 713.552 244.565 380.561 177.257
23 1.18309 0.106738 3.11912 2 746.872 263.756 398.332 191.167
24 1.16736 0.206097 3.13841 2 741.764 247.718 395.607 179.543
1
1
-0.409004 0.0872306 0.88862 -0.18831
-0.439829 0.0937625 0.873774 -0.185144
-0.47011 0.105026 0.849522 -0.215124
0 0 0 0
0.428018 0.629117 -0.602589 -0.240623
-0.142268 -0.595472 0.193566 0.766619
0.0759367 0.925593 -0.025103 0.369973
0.0851987 0.914125 0.159495 0.362876
-0.203308 0.695342 0.483187 -0.491625
0.0949143 0.987932 0.117297 -0.0349727
0.12603 -0.260861 0.140616 0.946728
0.14382 -0.236327 0.30224 0.912204
-0.272043 -0.611143 0.742753 -0.0285547
-0.145209 -0.323701 0.241685 0.903172
-0.109496 0.364499 0.161079 0.910606
0 0 0 0
-0.308221 0.616552 0.54095 -0.481909
0.0467205 0.933414 0.0416424 0.353302
0.237218 0.942331 0.158075 0.175363
0 0 0 0
-0.47116 0.102414 0.853883 -0.195969
0 0 0 0
0 0 0 0
0 0 0 0
0 0 0 0
