8165262
0 -0.0332189 0.00395038 2.69336 2 475.486 280.47 253.593 203.28
1 -0.0512051 0.28575 2.59867 2 470.408 225.574 250.884 163.493
2 -0.0678618 0.55884 2.49125 2 465.165 167.34 248.088 121.285
3 -0.0187743 0.675433 2.46268 2 478.689 141.755 255.301 102.742
4 -0.179222 0.41497 2.44129 2 433.38 195.039 231.136 141.361
5 -0.243548 0.181425 2.46735 2 416.067 243.997 221.903 176.846
6 -0.199398 -0.0439028 2.49057 2 428.937 290.125 228.766 210.279
7 -0.170197 -0.111411 2.50562 2 437.277 303.696 233.214 220.115
8 0.0974504 0.500271 2.66991 2 509.107 186.203 271.524 134.958
9 0.266885 0.399782 2.76684 2 550.388 207.986 293.54 150.745
10 0.487234 0.35244 2.76915 2 605.301 216.622 322.827 157.005
11 0.556629 0.346555 2.76609 2 622.829 217.588 332.176 157.705
12 -0.0837841 -0.00337583 2.61202 2 461.925 281.864 246.36 204.291
13 -0.135562 -0.412166 2.76418 2 450.197 356.74 240.105 258.56
14 -0.142025 -0.792819 2.91466 2 450.284 419.528 240.151 304.068
15 -0.0619785 -0.841696 2.88483 2 469.102 429.654 250.188 311.408
16 0.0185412 0.0109895 2.69989 2 488.673 279.154 260.626 202.327
17 -0.00327766 -0.35258 2.95155 2 483.193 341.662 257.703 247.632
18 -0.0514945 -0.729269 3.11241 2 472.54 400.188 252.021 290.051
19 0.00149064 -0.803585 3.07459 1 484.291 414.046 258.289 300.095
20 -0.0638459 0.491877 2.52044 2 466.499 182.24 248.799 132.085
21 -0.140915 -0.176415 2.52234 2 445.559 316.584 237.631 229.456
22 -0.142401 -0.0875106 2.50769 2 444.941 298.854 237.302 216.605
23 0.611322 0.314106 2.77693 2 635.934 223.75 339.165 162.171
24 0.564215 0.379334 2.7295 2 626.668 210.608 334.223 152.646
1
0
0.33849 -0.0840476 0.926563 -0.140859
0.338123 -0.0839917 0.926697 -0.140892
0.336189 -0.0963677 0.919042 -0.181801
0 0 0 0
-0.0866791 0.78231 -0.501635 0.358943
0.0537986 0.989585 -0.133503 -0.0018759
-0.0505988 0.56341 0.0962226 0.818993
-0.104509 0.558845 0.198707 0.798302
0.34161 0.67135 0.634332 0.173826
-0.346393 0.271276 0.38879 0.809484
-0.2753 0.695623 0.564968 0.348037
-0.317289 0.664932 0.597588 0.316355
-0.299177 0.622017 -0.61021 0.388885
0.137017 0.898724 -0.126107 -0.397012
0.178942 0.95017 -0.0552406 -0.249211
0 0 0 0
0.163761 0.655247 0.734874 -0.0615947
0.147349 0.396834 0.26014 0.867835
0.132919 0.382175 0.160181 0.900343
0 0 0 0
0.337308 -0.0891455 0.923538 -0.159228
0 0 0 0
0 0 0 0
0 0 0 0
0 0 0 0
