8170585
0 1.21967 0.23046 3.30603 2 739.647 245.659 394.478 178.051
1 1.23454 0.501732 3.17974 2 753.248 200.677 401.733 145.448
2 1.24499 0.76541 3.04294 2 767.771 152.815 409.478 110.758
3 1.26255 0.867679 3.00371 2 775.395 133.828 413.544 96.9965
4 1.08599 0.7494 3.09702 2 727.192 157.7 387.836 114.299
5 1.04319 0.504872 3.26337 2 705.399 202.349 376.213 146.66
6 1.04141 0.296154 3.33865 1 699.845 236.034 373.251 171.074
7 1.06774 0.2488 3.3462 1 704.827 243.339 375.908 176.369
8 1.38059 0.664765 3.06241 2 796.596 170.437 424.851 123.531
9 1.46984 0.475427 3.16428 2 806.152 204.524 429.948 148.236
10 1.55858 0.256123 3.14814 2 827.282 239.695 441.217 173.728
11 1.60185 0.196067 3.11382 2 840.571 249.091 448.305 180.538
12 1.13278 0.238074 3.29004 2 722.446 244.328 385.305 177.086
13 1.20878 -0.015526 3.46049 2 725.895 283.497 387.144 205.475
14 1.2985 -0.271926 3.62233 2 732.35 319.488 390.587 231.56
15 1.21108 -0.288933 3.69647 2 710.8 321.034 379.094 232.681
16 1.28111 0.217938 3.25323 2 757.017 247.029 403.742 179.043
17 1.3391 -0.0789495 3.30488 2 764.946 293.401 407.971 212.653
18 1.40822 -0.363226 3.5044 2 762.663 334.109 406.754 242.158
19 1.36209 -0.452213 3.47663 2 755.678 347.593 403.028 251.93
20 1.24328 0.700607 3.07916 2 764.075 165.056 407.507 119.631
21 1.10229 0.169011 3.37571 2 709.998 255.707 378.666 185.333
22 1.02264 0.273869 3.3615 2 694.452 239.73 370.374 173.753
23 1.64282 0.142327 3.0361 2 858.752 257.317 458.001 186.5
24 1.62252 0.140388 3.02433 2 855.625 257.547 456.333 186.667
1
0
-0.128529 0.0536358 0.967581 -0.210692
-0.116497 0.0510137 0.969103 -0.211342
-0.107311 0.0397989 0.961676 -0.24916
0 0 0 0
-0.228419 -0.584847 0.77143 -0.103322
0.215786 0.826935 -0.210463 -0.474679
-0.0338235 -0.216222 0.16891 0.961027
-0.258864 -0.215103 0.0141573 0.941552
0.103241 0.757605 0.603262 -0.226826
0.0214626 0.676262 0.304745 0.670327
0.0727232 0.828862 0.179696 -0.524794
-0.0244935 0.767357 0.36246 -0.528381
-0.0945167 -0.643716 0.730754 -0.206626
-0.266366 -0.539737 0.162294 0.781916
-0.0660487 0.271875 0.300332 0.911879
0 0 0 0
-0.136312 0.666687 0.636426 -0.363192
0.0105532 0.792675 0.127128 0.596148
0.227206 0.863619 0.216773 0.394397
0 0 0 0
-0.105565 0.0451986 0.966797 -0.228291
0 0 0 0
0 0 0 0
0 0 0 0
0 0 0 0
