8126037
0 -0.0915965 -0.0698401 2.65157 2 460.228 294.524 245.455 213.467
1 -0.142932 0.227588 2.54107 2 445.284 235.899 237.485 170.977
2 -0.192403 0.515562 2.41712 2 429.041 172.93 228.822 125.337
3 -0.135546 0.63723 2.40048 2 444.943 146.248 237.303 105.998
4 -0.255494 0.3646 2.36372 2 409.482 203.006 218.39 147.136
5 -0.265675 0.121525 2.36897 2 406.823 255.248 216.972 185.001
6 -0.186132 -0.0858111 2.4232 2 431.167 299.119 229.956 216.798
7 -0.150589 -0.146609 2.45113 2 441.733 311.46 235.591 225.742
8 -0.0727697 0.389929 2.54013 1 464.237 203.455 247.593 147.461
9 -0.00666917 0.204239 2.7531 1 482.292 243.7 257.222 176.631
10 0.0431694 0.0641939 2.90706 2 494.156 270.051 263.55 195.729
11 0.0452926 0.0425517 2.92296 2 494.599 273.854 263.786 198.485
12 -0.142561 -0.0672497 2.5683 2 445.821 294.448 237.771 213.412
13 -0.145285 -0.427133 2.73858 2 447.43 360.232 238.629 261.091
14 -0.166433 -0.801636 2.91694 2 444.522 420.977 237.078 305.119
15 -0.0703259 -0.836096 2.87635 2 467.052 429.097 249.095 311.004
16 -0.0382702 -0.0707789 2.65962 2 474.074 294.661 252.839 213.566
17 -0.153462 -0.4901 2.79147 2 446.083 370.214 237.911 268.326
18 -0.0196175 -0.632586 3.1214 2 479.624 384.008 255.8 278.324
19 -0.000824654 -0.750535 3.04673 2 483.77 406.346 258.011 294.514
20 -0.180352 0.444875 2.45053 2 433.236 189.146 231.059 137.09
21 -0.125987 -0.208684 2.47517 2 448.967 323.858 239.449 234.728
22 -0.12485 -0.12756 2.4585 2 449.062 307.445 239.5 222.832
23 0.0630239 0.0185336 2.92519 2 498.754 278.009 266.002 201.497
24 0.0555491 0.0244686 2.89314 2 497.143 276.937 265.143 200.72
1
0
0.317456 -0.1337 0.928387 -0.139443
0.324101 -0.134696 0.926088 -0.138481
0.331271 -0.147488 0.914896 -0.177401
0 0 0 0
-0.190063 0.804851 -0.421159 0.372446
0.0157552 0.966889 -0.0174963 0.254109
-0.1033 0.444695 0.189296 0.869335
-0.131876 0.43145 0.285226 0.845639
0.237383 0.798579 0.510869 0.211975
0.169355 0.591274 0.389059 0.685818
0.3373 0.865825 0.242967 0.278465
0.280311 0.897794 0.140463 0.309294
0.3206 -0.591989 0.640685 -0.369171
0.197356 0.885149 -0.0953788 -0.410444
0.207769 0.947433 -0.0774535 -0.230661
0 0 0 0
0.165868 0.710399 0.681018 -0.0635271
0.191887 0.85976 -0.0422168 0.471392
0.232393 0.601422 0.51012 0.569265
0 0 0 0
0.331304 -0.141374 0.919809 -0.155568
0 0 0 0
0 0 0 0
0 0 0 0
0 0 0 0
