8124445
0 1.28393 0.237606 3.22423 2 760.104 243.606 405.389 176.562
1 1.30734 0.484222 3.09829 2 776.691 201.426 414.235 145.991
2 1.3267 0.72412 2.96041 2 794.679 156.415 423.829 113.368
3 1.31957 0.81739 2.93195 2 795.85 139.046 424.453 100.779
4 1.13313 0.715397 3.0104 2 745.087 159.896 397.38 115.891
5 1.09293 0.538165 3.15995 2 723.722 194.335 385.985 140.852
6 1.08363 0.277022 3.25725 1 714.342 237.872 380.982 172.406
7 1.10739 0.227768 3.26167 1 719.096 245.623 383.518 178.024
8 1.45168 0.603372 3.02016 2 817.141 179.308 435.809 129.96
9 1.5485 0.451256 3.13211 2 826.71 207.712 440.912 150.547
10 1.66671 0.202826 3.11292 2 854.871 247.996 455.931 179.744
11 1.6774 0.148604 3.03026 2 867.173 256.229 462.492 185.711
12 1.19775 0.254706 3.18715 2 744.467 240.446 397.049 174.272
13 1.24979 -0.0398543 3.42748 2 736.613 287.139 392.86 208.115
14 1.31854 -0.30088 3.60833 2 737.213 323.736 393.18 234.64
15 1.31191 -0.38482 3.58497 1 737.618 335.962 393.396 243.501
16 1.3446 0.217781 3.20136 2 775.297 246.488 413.492 178.651
17 1.38059 -0.0732493 3.28349 2 775.599 292.597 413.653 212.07
18 1.43591 -0.358074 3.50771 2 767.898 333.314 409.546 241.581
19 1.40959 -0.43728 3.49356 2 763.825 345.097 407.373 250.122
20 1.32343 0.665029 2.99668 2 790.256 167.951 421.47 121.729
21 1.12976 0.182202 3.27793 2 722.671 252.882 385.425 183.285
22 1.12265 0.232505 3.21726 2 725.688 244.372 387.034 177.117
23 1.69372 0.0648147 2.98326 2 876.756 270.15 467.603 195.801
24 1.61737 0.125046 2.97252 2 860.799 259.771 459.093 188.279
1
0
-0.00352352 0.0442048 0.971442 -0.233096
-0.0274666 0.0499367 0.97106 -0.231935
-0.0574625 0.0406745 0.960397 -0.269593
0 0 0 0
-0.218351 -0.597164 0.761544 -0.125577
0.235744 0.786796 -0.260585 -0.507418
0.173853 0.935729 0.0387478 0.304443
-0.0316634 0.92325 0.223889 0.310613
0.198232 0.828253 0.496948 -0.166563
0.0349351 0.668491 0.374724 0.641468
0.0668473 0.871048 0.212448 -0.437804
-0.377199 0.758559 0.291676 -0.44411
-0.029362 -0.578309 0.767328 -0.275508
-0.277542 -0.632719 0.197839 0.69534
-0.260787 -0.550902 0.174076 0.773431
0 0 0 0
0.0133739 0.745651 0.594664 -0.300334
0.0560456 0.70866 0.137927 0.689664
0.246026 0.826613 0.226038 0.452868
0 0 0 0
-0.0530899 0.0538092 0.965278 -0.250049
0 0 0 0
0 0 0 0
0 0 0 0
0 0 0 0
