8129492
0 1.08228 0.286489 3.1381 2 722.877 234.672 385.534 170.087
1 1.09104 0.550456 3.03209 2 733.479 188.574 391.189 136.676
2 1.09485 0.80698 2.9149 2 744.531 139.883 397.083 101.385
3 1.04856 0.911924 2.89677 2 735.054 120.518 392.029 87.3498
4 1.07396 0.763101 3.16464 1 719.332 158.143 383.643 114.62
5 1.08919 0.519192 3.32847 1 710.683 201.683 379.031 146.177
6 1.09891 0.245849 3.43359 1 705.491 244.741 376.262 177.385
7 1.05023 0.203433 3.46508 1 693.628 251.325 369.935 182.157
8 1.10427 0.659586 2.81175 2 756.42 161.456 403.424 117.021
9 0.883448 0.528666 2.75726 2 706.012 183.431 376.54 132.948
10 0.596864 0.496087 2.73196 2 634.97 188.85 338.651 136.876
11 0.505056 0.497021 2.72191 2 612.11 188.41 326.459 136.557
12 1.06458 0.306586 3.16572 2 716.878 231.851 382.335 168.043
13 1.04903 0.0148197 3.34092 1 701.208 278.952 373.978 202.181
14 1.15488 -0.240746 3.62433 2 704.505 315.042 375.736 228.338
15 1.09006 -0.278537 3.70565 2 687.417 319.467 366.622 231.545
16 1.07603 0.260104 3.04313 2 728.954 237.632 388.776 172.233
17 1.1447 -0.0664865 3.21949 2 730.265 291.738 389.475 211.448
18 1.20411 -0.392993 3.44075 2 726.46 339.451 387.445 246.03
19 1.13423 -0.483471 3.44367 2 712.135 352.781 379.805 255.691
20 1.09474 0.743973 2.94622 2 741.739 152.301 395.594 110.385
21 1.0427 0.150988 3.41664 1 695.073 258.715 370.706 187.513
22 1.04369 0.222122 3.42132 1 695.009 248.159 370.672 179.862
23 0.428152 0.4963 2.69022 2 593.813 187.506 316.7 135.902
24 0.483055 0.522863 2.69126 2 607.941 182.459 324.235 132.243
0
0
-0.661293 0.139377 0.725572 -0.129656
-0.6573 0.138664 0.729192 -0.130419
-0.649665 0.153174 0.725025 -0.169739
0 0 0 0
-0.492332 -0.496887 0.548665 0.457907
-0.216045 -0.643891 0.19704 0.707039
0.183243 0.97931 0.000875147 -0.085864
0.245431 0.891757 -0.380173 -0.000725295
-0.334059 0.646483 0.350871 -0.589367
-0.150809 0.863921 -0.477304 -0.0554804
-0.463507 0.579244 -0.478436 -0.469825
-0.501648 0.549411 -0.503391 -0.439424
-0.480568 -0.446661 0.728176 0.198263
0.0112435 -0.0448468 0.267695 0.962394
-0.0617085 0.189401 0.416576 0.887008
0 0 0 0
0.452 -0.558307 -0.402644 0.567333
0.239001 0.965292 0.101332 0.0286655
0.262887 0.924527 0.146961 0.233545
0 0 0 0
-0.65194 0.144804 0.729336 -0.148578
0 0 0 0
0 0 0 0
0 0 0 0
0 0 0 0
