8146286
0 -0.0819784 -0.0617623 2.6511 2 462.717 292.986 246.782 212.352
1 -0.133904 0.228716 2.54024 2 447.716 235.661 238.782 170.804
2 -0.184029 0.510827 2.41619 2 431.416 173.894 230.089 126.036
3 -0.13753 0.628377 2.38876 2 444.181 147.48 236.896 106.891
4 -0.250673 0.368172 2.36436 2 410.907 202.261 219.15 146.596
5 -0.265034 0.128336 2.37152 2 407.091 253.822 217.115 183.967
6 -0.179057 -0.107536 2.42291 2 433.166 303.656 231.022 220.086
7 -0.150801 -0.164106 2.44265 2 441.523 315.19 235.479 228.446
8 -0.0657279 0.404465 2.52964 2 466.068 200.209 248.57 145.109
9 0.0069086 0.166429 2.69148 1 485.72 249.95 259.051 181.16
10 0.0558359 0.0439732 2.87062 2 497.316 273.469 265.235 198.207
11 0.0551561 0.0259875 2.88953 2 497.066 276.666 265.102 200.523
12 -0.134104 -0.0607284 2.56655 2 448.061 293.172 238.966 212.487
13 -0.157012 -0.448412 2.74918 2 444.624 363.868 237.133 263.727
14 -0.167159 -0.801376 2.91576 2 444.334 420.989 236.978 305.127
15 -0.0687901 -0.834573 2.87864 2 467.435 428.706 249.299 310.721
16 -0.0276849 -0.0611552 2.66065 2 476.81 292.827 254.299 212.237
17 -0.0525514 -0.395632 2.94442 2 471.678 349.234 251.561 253.12
18 -0.0650821 -0.748483 3.10926 1 469.509 403.475 250.405 292.433
19 0.0214566 -0.768525 3.03746 2 488.834 409.767 260.712 296.994
20 -0.171801 0.441586 2.44954 2 435.625 189.797 232.333 137.562
21 -0.122577 -0.219298 2.46773 2 449.809 326.166 239.898 236.4
22 -0.130934 -0.132209 2.45232 2 447.268 308.471 238.543 223.576
23 0.0565194 -0.00342072 2.90007 2 497.341 281.807 265.249 204.25
24 0.0725945 0.0102939 2.87063 2 501.325 279.398 267.373 202.504
0
0
0.321305 -0.138194 0.926022 -0.141944
0.32185 -0.138278 0.925833 -0.141862
0.322817 -0.149442 0.916879 -0.181075
0 0 0 0
-0.1814 0.793094 -0.44705 0.371809
0.0207944 0.977687 -0.0261442 0.207392
-0.118114 0.380038 0.160705 0.903213
-0.144535 0.372003 0.228286 0.888037
0.24426 0.775412 0.553034 0.18228
-0.291228 -0.653684 0.119449 0.688197
0.318639 0.742654 0.351024 0.472987
0.324567 0.737156 0.223941 0.548733
0.317217 -0.597581 0.636064 -0.37107
0.187759 0.889908 -0.114318 -0.399677
0.210313 0.951704 -0.0611949 -0.215135
0 0 0 0
0.177166 0.701084 0.688562 -0.0545499
0.168363 0.384078 0.301654 0.856238
0.089756 0.334591 0.197924 0.916962
0 0 0 0
0.322732 -0.143529 0.921837 -0.159561
0 0 0 0
0 0 0 0
0 0 0 0
0 0 0 0
