8126582
0 1.24242 0.277082 3.27457 2 746.991 238.045 398.395 172.531
1 1.24099 0.565891 3.12618 2 759.338 188.807 404.98 136.845
2 1.2319 0.848077 2.96698 2 771.878 135.356 411.668 98.104
3 1.21271 0.9373 2.93161 2 770.683 118.14 411.031 85.626
4 1.11927 0.780912 3.14553 2 730.795 154.484 389.758 111.968
5 1.10375 0.539509 3.31792 2 714.489 198.293 381.061 143.72
6 1.1117 0.283834 3.40969 1 709.696 238.8 378.505 173.079
7 1.10157 0.224659 3.37844 1 709.684 247.335 378.498 179.265
8 1.35358 0.694558 2.96457 2 800.511 161.685 426.939 117.187
9 1.46724 0.502729 2.9996 2 823.052 195.715 438.961 141.852
10 1.37102 0.236289 2.94267 2 807.169 240.221 430.49 174.109
11 1.31885 0.158618 2.90244 2 799.197 253.312 426.239 183.597
12 1.17822 0.28579 3.2743 2 733.32 236.702 391.104 171.559
13 1.2162 -0.0370428 3.47266 2 726.534 286.647 387.485 207.758
14 1.32204 -0.309559 3.62539 2 736.688 324.757 392.9 235.379
15 1.32721 -0.397442 3.60124 2 739.435 337.507 394.365 244.62
16 1.28086 0.262627 3.2089 2 760.77 239.446 405.744 173.547
17 1.33931 -0.0730991 3.30219 2 765.221 292.507 408.118 212.005
18 1.42027 -0.356833 3.50044 2 765.377 333.239 408.201 241.527
19 1.34712 -0.430681 3.42034 2 757.117 345.473 403.796 250.394
20 1.2355 0.778508 3.00877 2 768.791 149.142 410.022 108.096
21 1.11635 0.140767 3.41497 2 710.245 260.214 378.797 188.6
22 1.11022 0.212586 3.34786 2 713.569 248.858 380.57 180.369
23 1.29513 0.0997929 2.90441 2 793.313 263.671 423.1 191.105
24 1.28851 0.171154 2.994 2 782.503 252.03 417.335 182.668
1
2
-0.282746 0.0662276 0.929937 -0.225578
-0.301468 0.0707696 0.924038 -0.224194
-0.322417 0.0676841 0.90788 -0.259268
0 0 0 0
0.424612 0.6843 -0.571316 -0.158227
0.22913 0.766511 -0.202861 -0.56463
0.159293 0.940769 0.0650077 0.292152
-0.20887 0.932318 -0.138638 0.260644
0.0373102 0.798572 0.470632 -0.373357
0.0256485 0.94156 0.272752 0.195991
0.184435 -0.16646 -0.0701807 0.9661
0.304474 -0.158909 -0.161178 0.925238
-0.176329 -0.638945 0.732196 -0.156671
-0.170622 -0.441758 0.2168 0.85366
-0.277485 -0.55571 0.099466 0.777364
0 0 0 0
-0.253232 0.621114 0.585286 -0.455556
0.0805033 0.8779 0.135686 0.452107
0.213311 0.855087 0.235392 0.409774
0 0 0 0
-0.321812 0.0719332 0.913248 -0.239248
0 0 0 0
0 0 0 0
0 0 0 0
0 0 0 0
