8120427
0 -0.0593537 -0.0137884 2.69474 2 468.829 283.797 250.042 205.692
1 -0.0919988 0.272792 2.59972 2 459.624 228.119 245.133 165.338
2 -0.125579 0.54947 2.48911 2 449.152 169.151 239.548 122.598
3 -0.0685272 0.664914 2.46264 2 464.731 143.939 247.856 104.325
4 -0.222704 0.40848 2.43875 2 421.033 196.283 224.551 142.263
5 -0.276786 0.180178 2.4567 2 406.447 244.083 216.772 176.908
6 -0.226201 -0.0351977 2.48396 2 421.364 288.378 224.728 209.012
7 -0.182482 -0.107175 2.50008 2 433.794 302.89 231.357 219.531
8 0.0138126 0.470529 2.67522 2 487.513 192.07 260.007 139.21
9 0.0837977 0.312272 2.81666 2 504.415 225.112 269.021 163.158
10 0.268507 0.187625 2.82478 2 549.322 247.6 292.972 179.457
11 0.307072 0.14285 2.81564 2 558.961 255.536 298.112 185.209
12 -0.108519 -0.0186491 2.61283 2 455.428 284.818 242.895 206.432
13 -0.143639 -0.432312 2.75928 2 448.114 360.591 238.994 261.351
14 -0.150072 -0.796393 2.91028 2 448.32 420.37 239.104 304.679
15 -0.0654075 -0.843618 2.88167 2 468.263 430.162 249.74 311.775
16 -0.00840357 -0.00895033 2.70116 2 481.82 282.885 256.971 205.031
17 -0.00332925 -0.322766 2.93575 2 483.177 336.837 257.694 244.135
18 -0.0578328 -0.703758 3.09773 2 471.077 396.543 251.241 287.409
19 -0.00729077 -0.782209 3.04913 2 482.305 411.57 257.23 298.3
20 -0.11701 0.481514 2.51922 2 451.946 184.278 241.038 133.562
21 -0.15038 -0.176833 2.51852 2 442.916 316.723 236.222 229.557
22 -0.144922 -0.111672 2.47345 2 443.696 304.039 236.638 220.363
23 0.328317 0.106472 2.79944 2 564.619 261.962 301.13 189.866
24 0.325715 0.159369 2.7935 2 564.162 252.333 300.887 182.888
1
0
0.338642 -0.105718 0.925832 -0.13031
0.351307 -0.107495 0.9211 -0.128848
0.362065 -0.130788 0.907225 -0.169549
0 0 0 0
-0.111949 0.782763 -0.496565 0.358011
0.0448912 0.990956 -0.113437 0.0558886
-0.00486392 0.854625 0.129906 0.50271
-0.0548187 0.818631 0.277972 0.499569
0.35143 0.685148 0.591236 0.239811
-0.0584542 0.278291 0.377522 0.881258
-0.291478 0.667473 0.368156 0.577911
-0.283431 0.718707 0.212772 0.59821
-0.325054 0.622135 -0.6074 0.371959
0.138279 0.901373 -0.105108 -0.396683
0.187771 0.952788 -0.0543519 -0.232344
0 0 0 0
0.156707 0.670513 0.722732 -0.059278
0.125091 0.394949 0.289673 0.862819
0.14611 0.423779 0.149837 0.881256
0 0 0 0
0.363381 -0.120006 0.911904 -0.148271
0 0 0 0
0 0 0 0
0 0 0 0
0 0 0 0
