8157984
0 1.20629 0.278392 3.36043 2 732.707 238.967 390.777 173.2
1 1.21076 0.575686 3.24243 2 742.938 190.599 396.234 138.144
2 1.2105 0.865608 3.11716 2 753.345 139.461 401.784 101.079
3 1.17064 0.982007 3.08486 2 747.144 118.751 398.477 86.0689
4 1.11515 0.804189 3.29907 2 718.402 156.801 383.147 113.647
5 1.11092 0.561735 3.42061 2 708.986 197.482 378.126 143.132
6 1.07703 0.345998 3.47171 2 698.682 230.451 372.63 167.028
7 1.07387 0.28781 3.46739 2 698.284 238.942 372.418 173.182
8 1.28259 0.726902 3.04135 2 776.481 159.216 414.123 115.398
9 1.33247 0.485369 3.08212 2 783.884 200.818 418.071 145.55
10 1.30076 0.247041 3.13975 2 771.317 241.051 411.369 174.711
11 1.27749 0.193168 3.15298 2 764.949 249.946 407.973 181.157
12 1.15356 0.285824 3.3741 2 720.773 238.033 384.413 172.523
13 1.17568 0.00816191 3.55941 2 712.605 280.043 380.056 202.971
14 1.30023 -0.349024 3.61006 2 733.565 330.515 391.235 239.553
15 1.21577 -0.343565 3.68875 2 712.194 328.671 379.837 238.216
16 1.2335 0.264322 3.2795 2 744.69 240.098 397.168 174.02
17 1.23734 -0.0680487 3.31689 2 742.49 291.673 395.995 211.401
18 1.31872 -0.379769 3.48401 2 746.389 336.823 398.074 244.125
19 1.21984 -0.447854 3.4218 2 731.055 347.967 389.896 252.202
20 1.21103 0.794323 3.15037 2 750.642 152.495 400.343 110.526
21 1.09564 0.218579 3.49693 2 700.775 249.382 373.746 180.748
22 1.03892 0.263943 3.46564 2 691.339 242.441 368.714 175.718
23 1.25898 0.114518 3.18037 2 758.437 262.839 404.5 190.502
24 1.26893 0.228797 3.15536 2 762.85 244.207 406.853 176.998
1
1
-0.414154 0.0856403 0.890598 -0.167266
-0.441883 0.0908443 0.87717 -0.164498
-0.469112 0.100929 0.856232 -0.19135
0 0 0 0
0.415247 0.635618 -0.596162 -0.261055
-0.106949 -0.481455 0.204044 0.845653
0.00796642 -0.498953 0.137787 0.855568
0.0420095 -0.504376 -0.0182413 0.862269
-0.201883 0.709185 0.479193 -0.476103
0.0931893 0.985057 0.0905927 -0.113007
0.0656187 0.0077245 0.117107 0.990919
0.197779 -0.00770392 0.11449 0.973507
-0.228032 -0.656616 0.718055 -0.0354202
-0.0777605 -0.144051 0.281033 0.945634
-0.127109 0.378761 0.126096 0.908011
0 0 0 0
-0.353521 0.598324 0.541967 -0.472548
0.0504404 0.935429 0.0249523 0.349007
0.189803 0.914635 0.185829 0.304769
0 0 0 0
-0.470553 0.0955212 0.859881 -0.173378
0 0 0 0
0 0 0 0
0 0 0 0
0 0 0 0
