8187780
0 1.19329 0.265387 3.33487 2 731.901 240.634 390.347 174.408
1 1.20203 0.563061 3.21454 2 743.298 191.818 396.426 139.027
2 1.20478 0.853793 3.08461 2 754.898 139.922 402.612 101.413
3 1.1651 0.961829 3.0417 2 749.612 119.834 399.793 86.8544
4 1.11857 0.796439 3.26455 2 721.617 156.691 384.862 113.568
5 1.11798 0.552695 3.39858 2 711.9 198.289 379.68 143.717
6 1.08766 0.299183 3.44805 1 702.299 237.016 374.559 171.786
7 1.09342 0.2651 3.46481 2 702.376 242.243 374.6 175.575
8 1.27427 0.717915 3.01473 2 777.149 159.661 414.48 115.72
9 1.33503 0.478504 3.01882 2 790.75 200.295 421.734 145.171
10 1.22573 0.225925 3.06377 2 761.401 243.581 406.08 176.544
11 1.19038 0.185535 3.07493 2 752.353 250.428 401.255 181.507
12 1.14137 0.276006 3.34699 2 720.159 239.18 384.085 173.355
13 1.21536 -0.0255777 3.38282 2 732.863 285.065 390.86 206.611
14 1.27376 -0.3421 3.61753 2 727.93 329.427 388.229 238.764
15 1.19935 -0.33844 3.70147 2 708.298 327.795 377.759 237.581
16 1.22024 0.24934 3.25384 2 743.911 242.124 396.752 175.488
17 1.21932 -0.0721394 3.29669 2 740.268 292.369 394.81 211.905
18 1.28556 -0.390432 3.51752 2 737.292 337.827 393.223 244.852
19 1.18591 -0.457579 3.45661 2 721.697 348.711 384.905 252.741
20 1.20496 0.782262 3.11898 2 751.978 153.174 401.055 111.018
21 1.10058 0.219476 3.46307 2 703.914 248.934 375.421 180.424
22 1.07676 0.261529 3.46236 2 699.169 242.746 372.89 175.939
23 1.16209 0.12655 3.07931 2 745.536 260.249 397.619 188.625
24 1.2594 0.185908 3.11871 2 764.007 250.791 407.47 181.77
1
1
-0.417693 0.0937594 0.88821 -0.166809
-0.44707 0.0992681 0.873792 -0.163591
-0.476678 0.107549 0.85055 -0.194362
0 0 0 0
0.428595 0.619885 -0.598362 -0.272052
-0.140558 -0.550834 0.205216 0.796688
0.0385694 -0.196472 0.105426 0.974062
-0.113253 -0.16103 0.208671 0.957966
-0.199868 0.709084 0.481126 -0.475153
0.0230671 0.985175 0.122047 -0.118334
0.216774 0.322934 0.0115006 0.92119
0.362531 0.312844 -0.0132089 0.877796
-0.227109 -0.632789 0.738982 -0.0436455
-0.132611 -0.458164 -0.00392529 0.878911
0.0437447 0.352043 0.317493 0.879403
0 0 0 0
-0.352456 0.605684 0.532389 -0.474851
0.0612503 0.914457 0.0251883 0.399228
0.250491 0.899615 0.179781 0.309234
0 0 0 0
-0.477444 0.105017 0.854609 -0.175104
0 0 0 0
0 0 0 0
0 0 0 0
0 0 0 0
