8157546
0 1.21267 0.27857 3.35513 2 734.432 238.871 391.697 173.131
1 1.21072 0.576192 3.23803 2 743.284 190.395 396.418 137.996
2 1.20485 0.867163 3.11318 2 752.43 139.024 401.296 100.763
3 1.16201 0.984182 3.08373 2 745.307 118.327 397.497 85.7621
4 1.11322 0.806028 3.29564 2 718.24 156.386 383.061 113.347
5 1.11882 0.576134 3.4227 2 710.469 195.38 378.917 141.609
6 1.10108 0.363026 3.4872 1 702.546 228.179 374.691 165.381
7 1.09832 0.289325 3.48355 2 702.183 238.909 374.497 173.158
8 1.28177 0.726781 3.04042 2 776.384 159.199 414.071 115.385
9 1.33993 0.481088 3.09109 2 784.688 201.758 418.5 146.231
10 1.31855 0.266444 3.15072 2 774.249 238.046 412.933 172.532
11 1.29264 0.201264 3.16821 2 766.926 248.79 409.027 180.32
12 1.15841 0.28999 3.36788 2 722.223 237.32 385.186 172.006
13 1.16987 0.0264587 3.54412 2 712.456 277.408 379.977 201.061
14 1.29525 -0.351762 3.61132 2 732.514 330.883 390.674 239.819
15 1.2142 -0.342405 3.69195 2 711.696 328.469 379.571 238.07
16 1.24204 0.262502 3.27637 2 746.76 240.34 398.272 174.195
17 1.24374 -0.0797567 3.32101 2 743.515 293.459 396.541 212.695
18 1.32055 -0.381073 3.47229 2 747.649 337.204 398.746 244.401
19 1.22218 -0.449588 3.4097 2 732.419 348.466 390.623 252.563
20 1.20675 0.795753 3.14622 2 750.051 152.093 400.027 110.235
21 1.09931 0.237296 3.50104 2 701.258 246.695 374.004 178.801
22 1.07945 0.288555 3.50317 2 697.186 239.267 371.833 173.418
23 1.28783 0.134767 3.18482 2 764.378 259.617 407.668 188.167
24 1.25713 0.223506 3.15894 2 759.925 245.107 405.293 177.65
1
1
-0.405197 0.074033 0.895035 -0.171019
-0.436435 0.080004 0.880225 -0.168308
-0.466988 0.0919301 0.857651 -0.194698
0 0 0 0
0.424046 0.634923 -0.590999 -0.260342
-0.141776 -0.513455 0.205894 0.820897
0.0265556 -0.0909988 0.149146 0.984261
0.0210551 -0.0966694 -0.0227788 0.994833
-0.184449 0.713345 0.480855 -0.475285
0.112093 0.981799 0.10195 -0.114509
-0.0382612 -0.571066 0.137797 0.808351
0.0709155 -0.591378 0.210122 0.775301
-0.227961 -0.630705 0.740549 -0.042802
-0.0889609 -0.232842 0.277009 0.927974
-0.110301 0.396162 0.140852 0.900583
0 0 0 0
-0.329934 0.604233 0.545218 -0.478313
0.0595867 0.931238 0.0255889 0.358596
0.178086 0.91744 0.180567 0.306569
0 0 0 0
-0.468578 0.086525 0.861202 -0.176859
0 0 0 0
0 0 0 0
0 0 0 0
0 0 0 0
