8174753
0 1.1957 0.27627 3.32846 2 732.893 238.887 390.876 173.142
1 1.18434 0.557481 3.19237 2 741.247 192.093 395.332 139.226
2 1.17241 0.833362 3.05503 2 750.186 141.959 400.099 102.89
3 1.13089 0.933857 3.00694 2 744.826 122.696 397.24 88.9283
4 1.06376 0.787381 3.21876 2 713.16 156.372 380.352 113.336
5 1.07933 0.563552 3.37281 1 705.669 196.027 376.357 142.077
6 1.0832 0.314394 3.46616 1 700.256 235.014 373.47 170.335
7 1.08731 0.313002 3.53678 1 696.705 236.145 371.576 171.154
8 1.25506 0.708467 2.98703 2 775.414 160.145 413.554 116.071
9 1.28557 0.499128 2.88704 2 792.855 192.96 422.856 139.855
10 1.04694 0.305017 2.85104 2 738.502 226.641 393.868 164.266
11 0.960199 0.24056 2.85024 2 717.276 238.198 382.547 172.642
12 1.13548 0.286343 3.35475 2 718.385 237.709 383.139 172.288
13 1.16232 0.0115285 3.50183 2 713.735 279.534 380.659 202.602
14 1.27555 -0.350334 3.63433 1 727.141 330.359 387.808 239.44
15 1.19675 -0.341989 3.71503 2 706.985 328.109 377.059 237.809
16 1.23222 0.261932 3.23756 2 747.816 239.938 398.835 173.904
17 1.22623 -0.0559963 3.25298 2 745.225 289.99 397.453 210.181
18 1.24912 -0.38845 3.47321 2 733.223 338.251 391.052 245.16
19 1.15867 -0.460661 3.40293 2 719.892 350.235 383.942 253.846
20 1.17726 0.764835 3.09157 2 748.138 154.915 399.007 112.28
21 1.07806 0.297375 3.54074 1 694.632 238.448 370.47 172.824
22 1.07957 0.326844 3.53074 1 695.55 234.072 370.96 169.652
23 0.910191 0.18399 2.86566 2 703.785 248.512 375.352 180.118
24 0.919014 0.25776 2.82929 2 708.858 234.794 378.058 170.175
1
0
-0.411985 0.0775244 0.883197 -0.21029
-0.420461 0.0795435 0.879193 -0.209535
-0.429088 0.0783111 0.869612 -0.231357
0 0 0 0
0.410958 0.636269 -0.629816 -0.17207
-0.212378 -0.609545 0.209031 0.734613
-0.0106853 -0.0181601 0.178084 0.98379
-0.034761 0.00601414 0.699252 0.714004
-0.177032 0.688499 0.519758 -0.473794
-0.213315 0.970047 0.0847183 -0.0795545
-0.300092 0.734933 -0.310753 -0.522734
-0.273642 0.713571 -0.356247 -0.53761
-0.308664 -0.65132 0.693171 -0.00480799
-0.12337 -0.326428 0.213465 0.9125
-0.0651343 0.388754 0.212814 0.894057
0 0 0 0
-0.317226 0.587189 0.5718 -0.477096
0.0256833 0.866373 0.00392915 0.498722
0.253294 0.880738 0.140319 0.374771
0 0 0 0
-0.428334 0.0844226 0.875211 -0.208346
0 0 0 0
0 0 0 0
0 0 0 0
0 0 0 0
