8165534
0 1.1718 0.241062 3.24242 2 734.392 243.3 391.676 176.341
1 1.16969 0.524529 3.1372 2 742.528 195.888 396.015 141.977
2 1.16379 0.801481 3.02253 2 751.074 145.844 400.573 105.706
3 1.12346 0.902789 2.97595 2 745.821 126.367 397.771 91.5894
4 1.077 0.771541 3.21113 2 716.569 158.59 382.17 114.944
5 1.07572 0.520257 3.34835 1 706.518 202.005 376.809 146.41
6 1.06438 0.286386 3.4496 1 697.478 238.935 371.988 173.177
7 1.06762 0.243314 3.45303 1 697.9 245.332 372.213 177.813
8 1.22053 0.688073 2.95271 2 770.71 162.255 411.046 117.601
9 1.24923 0.471731 2.87225 2 785.69 197.368 419.035 143.05
10 1.00189 0.371333 2.76433 2 735.208 212.687 392.111 154.152
11 0.91601 0.395705 2.7413 2 715.485 207.613 381.592 150.475
12 1.12394 0.246899 3.25716 2 722.984 242.573 385.591 175.814
13 1.1292 0.00524784 3.47847 2 708.638 280.442 377.941 203.261
14 1.2411 -0.298312 3.71041 1 715.598 322.181 381.652 233.512
15 1.16647 -0.300845 3.79389 2 696.711 321.588 371.579 233.082
16 1.19554 0.230312 3.15904 2 746.307 244.021 398.03 176.863
17 1.19122 -0.0609609 3.24991 2 737.945 290.775 393.571 210.75
18 1.24677 -0.392311 3.46578 2 733.289 338.942 391.088 245.661
19 1.18908 -0.455457 3.50098 2 719.288 347.54 383.62 251.892
20 1.16604 0.733306 3.05307 2 748.919 158.595 399.423 114.948
21 1.07947 0.144837 3.37977 2 705 259.387 376 188
22 1.06644 0.234132 3.43567 2 698.748 246.511 372.666 178.668
23 0.851279 0.408865 2.72668 2 700.178 204.793 373.428 148.431
24 0.888133 0.449582 2.75305 2 707.467 197.954 377.316 143.475
1
0
-0.442892 0.0763923 0.878967 -0.159459
-0.475563 0.0823222 0.861729 -0.15648
-0.506845 0.0951423 0.836187 -0.186676
0 0 0 0
-0.454991 -0.572151 0.629363 0.263684
-0.133393 -0.530185 0.208275 0.811007
0.0526659 0.145897 0.19706 0.968043
-0.0312978 0.145622 0.0447488 0.987832
-0.240343 0.667629 0.508037 -0.488267
-0.182908 0.973444 0.0385448 0.13216
0.569005 -0.384802 0.0434919 0.725444
0.769762 -0.298784 0.199125 0.527772
-0.234932 -0.66476 0.709015 -0.0141212
-0.127955 -0.30829 0.339034 0.879569
-0.0273201 0.339585 0.343472 0.875193
0 0 0 0
-0.376251 0.578376 0.544897 -0.476449
0.145199 0.938127 0.0407081 0.311734
0.281354 0.956363 0.077272 0.0154815
0 0 0 0
-0.508113 0.0914473 0.839952 -0.167149
0 0 0 0
0 0 0 0
0 0 0 0
0 0 0 0
