8165792
0 1.18841 0.24555 3.28261 2 734.837 243.066 391.913 176.171
1 1.17879 0.521903 3.17397 2 741.51 197.301 395.472 143.001
2 1.16545 0.791817 3.05572 2 748.556 148.927 399.23 107.94
3 1.12872 0.894264 3.00836 2 744.227 129.473 396.921 93.8406
4 1.05991 0.777702 3.21735 2 712.422 157.857 379.959 114.412
5 1.0647 0.561188 3.37216 2 702.682 196.376 374.764 142.331
6 1.06414 0.35032 3.44173 1 697.959 229.37 372.245 166.244
7 1.06412 0.2785 3.45261 1 697.234 240.137 371.858 174.048
8 1.24319 0.685771 2.98875 2 772.51 164.084 412.005 118.926
9 1.30363 0.476714 2.90988 2 794.736 197.584 423.859 143.206
10 1.14466 0.350705 2.79534 2 768.007 217.171 409.604 157.403
11 1.01914 0.366351 2.75996 2 739.969 213.491 394.65 154.735
12 1.12978 0.251616 3.30174 2 720.964 242.369 384.514 175.666
13 1.13642 0.022041 3.48078 2 709.938 277.986 378.633 201.48
14 1.24644 -0.285029 3.70935 1 716.665 320.368 382.221 232.199
15 1.19694 -0.399138 3.62342 2 712.746 337.351 380.131 244.507
16 1.22236 0.234523 3.19486 2 749.208 243.763 399.577 176.676
17 1.20462 -0.0653149 3.26564 2 739.579 291.41 394.442 211.21
18 1.2534 -0.399205 3.47949 2 733.634 339.727 391.271 246.229
19 1.18238 -0.467799 3.47761 2 719.546 349.798 383.758 253.529
20 1.16956 0.725402 3.08719 2 746.779 161.259 398.282 116.878
21 1.07012 0.226929 3.46746 2 697.499 247.889 371.999 179.667
22 1.05193 0.262621 3.45152 2 694.827 242.472 370.575 175.74
23 0.963778 0.361291 2.75094 2 726.764 214.233 387.607 155.273
24 0.984136 0.418075 2.77844 2 729.496 204.455 389.064 148.186
1
0
-0.404772 0.0616686 0.895127 -0.176365
-0.425344 0.0657268 0.885536 -0.174893
-0.444032 0.0743134 0.868315 -0.208185
0 0 0 0
-0.440354 -0.56921 0.673023 0.17067
-0.21496 -0.648729 0.217102 0.697001
-0.0392867 -0.252033 0.153738 0.954621
-0.0189008 -0.252985 0.0726727 0.964552
-0.190202 0.667322 0.557132 -0.456188
-0.195781 0.959748 0.10043 0.174549
0.47331 -0.396449 -0.0743205 0.783124
0.731228 -0.310638 0.157699 0.586465
-0.247507 -0.671392 0.698346 -0.0168947
-0.130067 -0.345686 0.298184 0.880154
-0.282007 -0.480986 0.187066 0.808783
0 0 0 0
-0.334475 0.583634 0.574391 -0.466446
0.118162 0.925718 0.014757 0.35898
0.259557 0.936376 0.121397 0.202714
0 0 0 0
-0.445295 0.0719988 0.87249 -0.187855
0 0 0 0
0 0 0 0
0 0 0 0
0 0 0 0
