8192523
0 -0.0590748 -0.0287094 2.69462 2 468.9 286.595 250.08 207.72
1 -0.108123 0.258197 2.59237 2 455.28 230.82 242.816 167.295
2 -0.153318 0.536865 2.47843 2 441.283 171.254 235.351 124.122
3 -0.105315 0.650067 2.44771 2 454.232 146.197 242.257 105.961
4 -0.240242 0.398138 2.42861 2 415.792 198.086 221.756 143.57
5 -0.26522 0.165569 2.44557 2 409.359 246.943 218.325 178.981
6 -0.205448 -0.0476283 2.48486 2 427.134 290.904 227.805 210.843
7 -0.160402 -0.123077 2.50615 2 439.973 306.045 234.652 221.817
8 -0.0242956 0.432725 2.59874 2 477.519 196.842 254.677 142.668
9 0.051643 0.188424 2.7537 1 496.843 246.614 264.983 178.743
10 0.0870506 -0.000664293 2.92897 2 504.369 281.325 268.997 203.901
11 0.108369 -0.0511756 2.96296 2 509.079 289.941 271.509 210.145
12 -0.113947 -0.0323579 2.61246 2 453.996 287.471 242.131 208.355
13 -0.120477 -0.442287 2.78343 2 454.155 361.717 242.216 262.168
14 -0.121674 -0.797668 2.94292 2 455.388 419.027 242.874 303.705
15 -0.0368993 -0.838394 2.88224 2 475.105 429.198 253.39 311.077
16 -0.0020762 -0.0243998 2.70244 2 483.429 285.774 257.829 207.125
17 -0.00198834 -0.312174 2.94492 2 483.492 334.84 257.863 242.687
18 -0.0439585 -0.7792 3.09005 1 474.134 409.332 252.871 296.678
19 0.0541248 -0.768506 3.0613 2 496.164 408.756 264.621 296.261
20 -0.142471 0.468463 2.50926 2 444.828 186.536 237.241 135.199
21 -0.132102 -0.189116 2.52366 2 447.978 319.112 238.922 231.288
22 -0.174848 -0.156151 2.49529 2 435.792 312.863 232.422 226.759
23 0.130981 -0.083207 2.97852 2 514.165 295.332 274.222 214.053
24 0.091043 -0.0835939 2.94311 2 505.205 295.567 269.443 214.223
1
0
0.311017 -0.130169 0.931806 -0.134394
0.306145 -0.129465 0.933418 -0.135073
0.3026 -0.134436 0.927126 -0.175491
0 0 0 0
-0.14036 0.790509 -0.487554 0.343052
0.0434111 0.987883 -0.0477026 0.141164
0.149294 0.812748 0.0606719 -0.559885
0.251621 0.777604 0.139441 -0.559084
0.255763 0.766352 0.563377 0.172905
0.301678 0.81918 -0.0244444 -0.487173
0.363385 0.861093 -0.0682826 -0.349011
0.326592 0.858295 0.0427887 -0.393492
-0.320375 0.631167 -0.615556 0.346524
0.17419 0.886231 -0.0907553 -0.419543
0.196002 0.917972 -0.0736048 -0.336888
0 0 0 0
0.163188 0.677547 0.714646 -0.0598429
0.147437 0.404099 0.309677 0.847978
0.0604844 0.115512 0.143567 0.981013
0 0 0 0
0.302125 -0.130124 0.931901 -0.152803
0 0 0 0
0 0 0 0
0 0 0 0
0 0 0 0
