86199727
0 0.836823 0.0890453 2.96165 2 679.263 265.918 362.273 192.734
1 0.834762 0.317074 2.84583 2 686.907 224.485 366.351 162.704
2 0.829394 0.540282 2.72162 2 695.106 179.997 370.723 130.459
3 0.774158 0.653779 2.67156 2 684.811 156.395 365.232 113.353
4 0.752944 0.496223 2.88436 2 664.564 193.624 354.434 140.336
5 0.731493 0.298733 2.8832 1 659.265 228.529 351.608 165.634
6 0.530183 0.213791 2.72197 2 618.254 241.361 329.736 174.936
7 0.476756 0.199722 2.72144 2 604.666 244.001 322.489 176.848
8 0.891589 0.426728 2.65742 2 716.47 199.322 382.117 144.466
9 0.752484 0.247516 2.67874 2 678.202 234.195 361.708 169.741
10 0.56183 0.201443 2.69986 2 627.488 243.342 334.66 176.371
11 0.503937 0.204025 2.71426 2 611.928 243.086 326.362 176.185
12 0.799767 0.10328 2.9772 2 669.555 263.574 357.096 191.035
13 0.878681 -0.289204 3.20321 2 673.596 327.14 359.251 237.107
14 0.929666 -0.560232 3.29393 2 679.328 367.845 362.308 266.609
15 0.882963 -0.620152 3.26398 2 671.222 377.994 357.985 273.965
16 0.857292 0.0733116 2.88778 2 689.252 268.292 367.601 194.455
17 0.928029 -0.286058 2.99838 2 698.171 329.799 372.358 239.034
18 1.02389 -0.585792 3.13713 2 710.162 376.443 378.753 272.841
19 0.958665 -0.653135 3.13182 2 696.085 387.557 371.245 280.896
20 0.831334 0.485183 2.7544 2 693.004 191.434 369.602 138.749
21 0.414222 0.176526 2.72167 2 588.748 248.349 313.999 180
22 0.479464 0.171387 2.72375 2 605.238 249.31 322.794 180.696
23 0.4396 0.183639 2.71891 2 595.313 246.98 317.5 179.008
24 0.482496 0.226902 2.69864 2 607.182 238.569 323.83 172.912
1
1
-0.472755 0.109555 0.849871 -0.205472
-0.473616 0.109763 0.849392 -0.205361
-0.47221 0.116133 0.840553 -0.238751
0 0 0 0
0.444932 0.633643 -0.581646 -0.249439
0.0517924 -0.342211 0.0157961 0.938062
0.317516 0.25721 -0.492725 0.768276
0.523163 0.401507 -0.314617 0.682721
-0.195971 0.689503 0.483458 -0.502443
0.0354487 0.944228 -0.324805 -0.0409617
-0.313968 0.628876 -0.533528 -0.470412
0.333967 -0.517942 0.640375 0.458389
-0.329927 -0.577016 0.747052 -0.0106923
-0.150937 -0.243958 0.224401 0.931315
-0.137728 -0.332137 0.119381 0.925454
0 0 0 0
-0.355453 0.591097 0.522611 -0.501133
0.118676 0.953467 0.127579 0.24605
0.181672 0.953886 0.17673 0.160824
0 0 0 0
-0.473738 0.112424 0.845422 -0.219533
0 0 0 0
0 0 0 0
0 0 0 0
0 0 0 0
