86201300
0 -0.200005 -0.154888 2.53389 2 429.696 312.132 229.171 226.229
1 -0.23171 0.12626 2.41302 2 417.933 254.737 222.897 184.63
2 -0.261241 0.399443 2.2789 2 404.919 192.284 215.957 139.364
3 -0.236401 0.532589 2.2139 2 410.201 158.938 218.774 115.196
4 -0.332429 0.258426 2.22385 2 380.958 222.291 203.178 161.114
5 -0.372617 0.00449379 2.28684 2 371.775 280.215 198.28 203.096
6 -0.352792 -0.193092 2.35484 2 380.787 322.762 203.086 233.934
7 -0.343836 -0.252748 2.37749 2 384.339 335.095 204.981 242.872
8 -0.144975 0.351599 2.45966 2 443.386 208.808 236.472 151.341
9 -0.0868097 0.151505 2.6453 2 461.41 252.255 246.085 182.831
10 -0.00176256 0.00398717 2.76257 2 483.518 280.481 257.877 203.289
11 0.020681 -0.0587085 2.81803 2 488.997 291.739 260.798 211.449
12 -0.245032 -0.167907 2.45404 2 415.286 315.837 221.486 228.914
13 -0.227655 -0.520676 2.56905 2 422.836 384.076 225.512 278.373
14 -0.274147 -0.85402 2.77648 2 415.62 437.859 221.664 317.354
15 -0.198783 -0.915478 2.72714 2 433.479 452.273 231.189 327.801
16 -0.150794 -0.136064 2.53623 2 443.098 308.339 236.319 223.48
17 -0.0856716 -0.417095 2.80416 2 462.929 356.543 246.895 258.418
18 -0.0889842 -0.717813 3.08908 2 464.079 399.201 247.509 289.335
19 0.00899673 -0.723012 3.10448 2 485.956 399.461 259.177 289.524
20 -0.254236 0.332368 2.31481 2 408.3 208.43 217.76 151.067
21 -0.335464 -0.329423 2.39299 2 387.343 351.024 206.583 254.417
22 -0.365674 -0.284883 2.35576 2 376.977 342.539 201.054 248.268
23 0.0354579 -0.0987672 2.83053 2 492.561 298.847 262.699 216.6
24 0.0368186 -0.0367688 2.75392 2 493.139 287.958 263.007 208.708
1
0
0.350488 -0.121124 0.913268 -0.168605
0.38784 -0.127971 0.898043 -0.163469
0.424817 -0.148829 0.870913 -0.197209
0 0 0 0
-0.160683 0.755621 -0.460224 0.437506
0.132116 0.973421 -0.0536641 0.179211
0.169727 0.900639 -0.0228306 -0.399401
0.192457 0.895628 -0.00855944 -0.400922
0.385883 0.621388 0.635449 0.247337
-0.0392862 0.183178 0.374113 0.908263
0.204716 0.862343 0.318346 0.336321
0.26033 0.851098 0.265512 0.370627
-0.306593 0.635514 -0.579395 0.40795
0.152989 0.90307 -0.0417186 -0.399146
0.23353 0.897015 -0.154574 -0.341957
0 0 0 0
0.183719 0.558136 0.802935 -0.100139
0.0731829 0.38851 0.371141 0.840213
-0.010605 -0.0374048 0.370051 0.928197
0 0 0 0
0.425918 -0.141364 0.876236 -0.17556
0 0 0 0
0 0 0 0
0 0 0 0
0 0 0 0
