86196239
0 0.908612 0.0489717 2.88031 2 702.232 272.554 374.524 197.543
1 0.896642 0.268737 2.74767 2 709.923 231.375 378.626 167.697
2 0.881012 0.483797 2.6058 2 718.334 186.503 383.111 135.175
3 0.822639 0.58688 2.55796 2 706.938 164.154 377.033 118.976
4 0.825791 0.437044 2.76271 2 690.92 200.61 368.491 145.4
5 0.758255 0.197651 2.64886 2 681.9 243.243 363.68 176.299
6 0.562961 0.13689 2.72105 1 626.619 255.684 334.197 185.316
7 0.54022 0.136952 2.72276 2 620.733 255.696 331.058 185.325
8 0.935386 0.374023 2.54784 2 738.507 206.313 393.87 149.533
9 0.76595 0.215997 2.61206 2 686.784 239.122 366.285 173.313
10 0.598062 0.157137 2.6901 2 637.344 251.555 339.917 182.324
11 0.564793 0.144633 2.70821 2 627.773 254.111 334.812 184.176
12 0.876735 0.0578139 2.8914 2 693.686 271.034 369.966 196.442
13 0.911906 -0.284206 3.13631 2 685.07 327.333 365.37 237.247
14 0.927404 -0.551076 3.28455 2 679.402 366.67 362.348 265.757
15 0.893582 -0.624772 3.25365 2 674.101 379.038 359.521 274.722
16 0.922101 0.039282 2.81142 2 710.987 274.094 379.193 198.66
17 0.984646 -0.281085 2.92703 2 716.955 330.155 382.376 239.292
18 1.04862 -0.589258 3.10703 2 717.927 377.957 382.894 273.938
19 0.9812 -0.641133 3.1336 2 700.966 385.552 373.848 279.443
20 0.885606 0.430788 2.64306 2 716.168 198.093 381.956 143.575
21 0.523054 0.103398 2.75062 2 615 262.149 328 190.002
22 0.52599 0.0995173 2.7465 2 615.938 262.836 328.5 190.5
23 0.519422 0.11754 2.73162 2 615 259.39 328 188.002
24 0.534026 0.156234 2.69969 2 620.326 251.853 330.841 182.54
1
1
-0.473554 0.110696 0.838665 -0.245224
-0.482946 0.113444 0.833291 -0.243965
-0.489102 0.122622 0.817822 -0.277328
0 0 0 0
0.474499 0.63806 -0.546086 -0.263667
0.0681317 0.248228 -0.240407 0.93592
0.583443 0.444526 -0.139728 0.665183
0.646765 0.334959 -0.288207 0.621639
-0.206878 0.667769 0.472898 -0.536334
0.0390906 0.877863 -0.412113 -0.240814
-0.197513 0.575927 -0.556326 -0.565506
-0.172951 0.565762 -0.559766 -0.580227
-0.330843 -0.608148 0.719203 -0.0587055
-0.122927 -0.251801 0.282443 0.917448
-0.146605 -0.478242 0.204896 0.841314
0 0 0 0
-0.39598 0.56153 0.52424 -0.503047
0.142095 0.950651 0.131256 0.242577
0.258373 0.961752 0.090928 -0.00298482
0 0 0 0
-0.491215 0.119073 0.823462 -0.257758
0 0 0 0
0 0 0 0
0 0 0 0
0 0 0 0
