86198697
0 -0.0317097 -0.0191149 2.79068 2 476.153 284.672 253.948 206.327
1 -0.0574461 0.272251 2.68131 2 469.227 229.844 250.255 166.588
2 -0.0830516 0.555037 2.55893 2 461.572 171.13 246.172 124.033
3 -0.0299201 0.688774 2.51705 2 475.743 142.075 253.73 102.974
4 -0.179581 0.415025 2.49597 2 434.395 196.925 231.677 142.729
5 -0.228139 0.177378 2.54433 2 422.3 245.935 225.227 178.251
6 -0.184195 -0.0428098 2.59999 2 435.278 289.536 232.148 209.852
7 -0.160493 -0.100314 2.62052 2 441.874 300.566 235.666 217.846
8 0.0514093 0.472215 2.72967 2 496.927 193.54 265.028 140.275
9 0.122936 0.279115 2.81978 2 513.932 231.131 274.097 167.521
10 0.324998 0.270585 2.73021 2 565.894 231.012 301.81 167.434
11 0.37311 0.270796 2.70017 2 579.113 230.391 308.86 166.984
12 -0.085094 -0.0296138 2.70531 2 462.352 286.743 246.588 207.828
13 -0.130355 -0.393855 2.83536 2 452.318 351.553 241.236 254.801
14 -0.218516 -0.720781 3.06173 2 434.688 400.796 231.834 290.491
15 -0.164133 -0.79807 2.99849 2 446.136 416.53 237.939 301.895
16 0.0223205 -0.00795516 2.80002 2 489.431 282.647 261.03 204.858
17 0.0267651 -0.337778 2.99607 2 490.099 338.256 261.386 245.163
18 -0.046556 -0.677075 3.1663 2 473.817 389.718 252.703 282.462
19 -0.00253821 -0.738769 3.13127 2 483.397 401.017 257.812 290.652
20 -0.076722 0.48563 2.59187 2 463.56 186.211 247.232 134.963
21 -0.144438 -0.171818 2.65122 2 446.515 313.985 238.141 227.572
22 -0.199842 -0.105327 2.59967 2 431.124 301.701 229.933 218.669
23 0.438228 0.251694 2.6799 2 596.627 233.593 318.201 169.305
24 0.385503 0.310489 2.66763 2 583.518 222.205 311.209 161.051
1
0
0.345486 -0.101834 0.920412 -0.152022
0.357775 -0.10386 0.915705 -0.150645
0.368317 -0.121817 0.902509 -0.187032
0 0 0 0
-0.142569 0.756704 -0.505304 0.38954
0.105465 0.987713 -0.0919524 0.0696017
0.154808 0.732402 -0.0104427 -0.662958
0.245552 0.710433 0.0269177 -0.658987
0.341051 0.699646 0.590022 0.214598
-0.11192 0.22511 0.240698 0.937477
-0.516299 0.657174 0.462767 0.29564
-0.559553 0.662387 0.434463 0.243694
-0.294639 0.630889 -0.601109 0.392218
0.132902 0.904624 -0.121018 -0.386456
0.20806 0.844101 -0.235325 -0.434543
0 0 0 0
0.194851 0.63049 0.749502 -0.0525665
0.102354 0.392483 0.244444 0.880754
0.179942 0.384214 0.16978 0.88948
0 0 0 0
0.369574 -0.113438 0.907167 -0.166121
0 0 0 0
0 0 0 0
0 0 0 0
0 0 0 0
