7483418
0 1.05467 -0.355621 2.78477 2 746.568 346.37 398.17 251.044
1 1.07022 -0.0679842 2.74623 2 754.136 293.84 402.206 212.971
2 1.08156 0.213842 2.69636 2 762.135 240.739 406.472 174.484
3 1.08013 0.35116 2.64785 2 766.924 213.516 409.026 154.753
4 0.93944 0.143405 2.7845 2 717.582 254.968 382.71 184.798
5 0.899975 -0.0885344 2.89308 2 699.18 296.79 372.896 215.11
6 0.876732 -0.30337 2.90291 2 692.958 334.427 369.578 242.388
7 0.872697 -0.36657 2.8993 2 692.299 345.607 369.226 250.491
8 1.21605 0.104787 2.65053 2 802.249 261.028 427.866 189.19
9 1.28715 -0.145667 2.70293 2 814.295 308.72 434.291 223.756
10 1.2853 -0.356103 2.70801 2 813.149 348.324 433.68 252.461
11 1.27789 -0.421518 2.72186 2 809.578 360.247 431.775 261.102
12 0.975582 -0.343087 2.78058 2 727.106 344.133 387.79 249.423
13 0.914006 -0.6303 2.72651 2 716.436 399.181 382.099 289.321
14 0.885476 -0.898881 2.70125 2 711.367 451.084 379.396 326.94
15 0.814766 -0.978683 2.60761 2 700.683 472.773 373.698 342.659
16 1.10887 -0.359761 2.72331 2 766.403 348.641 408.748 252.69
17 1.12998 -0.642617 2.74462 2 769.566 400.731 410.435 290.445
18 1.11745 -0.917877 2.87307 2 753.667 444.232 401.956 321.974
19 1.065 -0.956093 2.75328 2 752.091 458.34 401.115 332.199
20 1.07955 0.144195 2.71096 2 760.092 254.07 405.382 184.147
21 0.865177 -0.425463 2.88348 2 691.686 356.381 368.899 258.3
22 0.839333 -0.37986 2.87866 2 685.731 348.407 365.723 252.52
23 1.27346 -0.487512 2.73595 2 806.757 372.144 430.27 269.725
24 1.23737 -0.433416 2.68642 2 803.441 363.557 428.502 263.501
1
1
-0.204096 0.0398662 0.976322 -0.0595805
-0.214738 0.040514 0.974037 -0.059142
-0.22655 0.0372915 0.968421 -0.0971877
0 0 0 0
0.212828 0.697817 -0.672466 -0.124682
0.109418 0.729188 -0.201194 -0.644851
0.0299081 -0.590953 0.0501961 0.804587
0.0425289 -0.592783 -0.00404411 0.804229
-0.0860575 0.762394 0.604131 -0.215351
0.058694 0.94735 0.158162 0.272155
0.00894789 0.899636 -0.00922952 -0.436451
0.0692661 0.894265 -0.0949964 -0.431819
-0.0316562 -0.646591 0.759707 -0.0613492
0.137286 -0.548667 -0.018426 0.824486
0.0681995 -0.454986 -0.0174819 0.887711
0 0 0 0
-0.268947 0.653514 0.63438 -0.313286
0.0112226 0.837541 0.051596 0.543818
0.191712 0.811679 0.102642 0.542115
0 0 0 0
-0.22598 0.0398175 0.970414 -0.0751246
0 0 0 0
0 0 0 0
0 0 0 0
0 0 0 0
