7500615
0 0.141857 -0.371954 1.77301 2 539.148 387.699 287.546 280.999
1 0.130881 -0.0635679 1.7508 2 535.331 299.572 285.51 217.125
2 0.117855 0.233285 1.71753 2 531.186 212.419 283.299 153.958
3 0.185586 0.340444 1.72789 2 558.047 181.199 297.625 131.33
4 0.0576323 0.0960636 1.60422 2 508.641 250.934 271.275 181.874
5 0.0498943 -0.136039 1.55876 2 505.958 325.353 269.844 235.811
6 0.128167 -0.349151 1.583 2 539.827 393.208 287.908 284.992
7 0.146647 -0.410807 1.60472 1 547.097 411.366 291.785 298.152
8 0.25291 0.110119 1.81554 1 579.836 250.492 309.246 181.553
9 0.297326 -0.126426 1.9261 1 590.251 314.469 314.8 227.923
10 0.329287 -0.329769 2.03026 2 595.857 363.673 317.79 263.585
11 0.347815 -0.40042 2.07179 2 599.888 379.421 319.94 274.999
12 0.0903089 -0.359461 1.69814 2 520.634 388.637 277.672 281.679
13 0.113685 -0.697801 1.64839 1 531.797 497.291 283.625 360.43
14 0.0369306 -0.925685 1.69066 1 499.084 560.228 266.178 406.045
15 0.0694656 -0.789431 1.63418 1 513.442 527.783 273.836 382.53
16 0.187964 -0.369917 1.77925 2 556.852 386.775 296.988 280.329
17 0.197244 -0.733366 1.84362 1 558.156 484.216 297.683 350.953
18 0.109039 -0.750251 1.60151 2 531.189 520.35 283.301 377.142
19 0.183103 -0.674644 1.48918 2 569.255 512.476 303.603 371.436
20 0.121499 0.160666 1.72797 2 532.309 234.161 283.898 169.716
21 0.180739 -0.475432 1.60696 2 561.782 431.853 299.617 313.001
22 0.103857 -0.405828 1.60145 2 528.749 410.006 282 297.167
23 0.407014 -0.459754 2.09268 2 618.436 392.99 329.833 284.834
24 0.325547 -0.446573 2.06582 2 592.822 391.101 316.172 283.465
0
0
0.335492 -0.0287827 0.941191 -0.0278756
0.359004 -0.0294732 0.932476 -0.0271446
0.383232 -0.050353 0.920563 -0.0562335
0 0 0 0
-0.313875 0.750834 -0.437124 0.382955
-0.0862565 0.943361 -0.0463156 0.316992
-0.168183 -0.632859 -0.0708835 0.752449
-0.212537 -0.641996 0.0317792 0.735975
0.171549 0.773418 0.564041 0.232924
0.230477 0.871485 -0.0181699 -0.43251
0.220468 0.718867 -0.103326 -0.651112
-0.265658 -0.693757 0.094827 0.662673
0.342658 -0.578044 0.671316 -0.312706
-0.0523513 0.908933 0.061078 -0.409109
0.0153012 0.897984 -0.181868 -0.400392
0 0 0 0
0.0724195 0.691064 0.718772 0.0234931
-0.0605011 -0.570892 0.0644898 0.816249
0.0994886 -0.346975 0.676321 -0.642106
0 0 0 0
0.383859 -0.0387097 0.921765 -0.038779
0 0 0 0
0 0 0 0
0 0 0 0
0 0 0 0
