7462312
0 0.84293 -0.360229 2.58625 2 709.731 352.21 378.523 255.277
1 0.860683 -0.057645 2.58794 2 714.199 292.558 380.906 212.042
2 0.8695 0.228414 2.57616 2 717.726 236.022 382.787 171.066
3 0.907138 0.356478 2.54512 2 731.024 209.767 389.879 152.036
4 0.715997 0.139345 2.60104 2 674.207 253.965 359.577 184.071
5 0.613878 -0.0898339 2.63199 2 644.909 298.543 343.951 216.38
6 0.572126 -0.321324 2.58902 2 636.544 344.271 339.49 249.523
7 0.566321 -0.387363 2.571 2 636.124 357.8 339.266 259.328
8 1.02755 0.104042 2.55536 2 762.807 260.435 406.83 188.759
9 1.07666 -0.133641 2.55434 2 776.331 307.915 414.043 223.173
10 1.04513 -0.341982 2.46078 2 778.603 352.156 415.255 255.238
11 1.02741 -0.413537 2.45113 2 774.752 367.339 413.201 266.242
12 0.762766 -0.347818 2.56591 2 689.717 350.252 367.849 253.858
13 0.753527 -0.692583 2.5723 2 687.076 418.587 366.441 303.386
14 0.801358 -0.924975 2.6302 2 695.325 460.739 370.84 333.937
15 0.780876 -1.00746 2.58526 2 693.451 480.097 369.841 347.968
16 0.901691 -0.361321 2.53991 2 730.041 353.773 389.355 256.41
17 0.86188 -0.705465 2.4583 2 727.189 427.711 387.834 309.999
18 0.828561 -0.876164 2.45642 2 717.91 463.256 382.885 335.761
19 0.809063 -0.901588 2.34095 2 723.547 477.675 385.892 346.212
20 0.868502 0.158597 2.58135 2 716.943 249.904 382.37 181.127
21 0.564983 -0.452629 2.53575 2 637.972 372.005 340.252 269.624
22 0.596171 -0.380227 2.55822 2 644.997 356.789 343.998 258.596
23 1.02329 -0.481101 2.43486 2 775.516 382.079 413.609 276.926
24 0.961326 -0.394678 2.41482 2 760.108 364.638 405.391 264.285
1
0
-0.0917517 0.0289191 0.995347 0.00546525
-0.0817552 0.0289725 0.996218 0.00517467
-0.0730076 0.00981772 0.996616 -0.0364636
0 0 0 0
0.0503219 0.748716 -0.659814 -0.0392058
-0.0362752 0.87362 -0.213089 -0.435965
0.0112934 0.624882 -0.12579 0.770436
-0.0496435 0.619917 -0.129999 0.772229
-0.042405 0.809376 0.581272 -0.07235
-0.0462782 0.895074 0.0905934 0.43416
-0.212537 0.817574 0.0547525 -0.532356
-0.12177 0.819637 -0.0627444 -0.556264
0.0903425 -0.647105 0.752358 -0.0839743
0.00438018 -0.63874 0.01569 0.76925
-0.146182 -0.499263 0.0534287 0.852357
0 0 0 0
-0.243526 0.677528 0.658334 -0.21965
-0.0525636 0.761062 -0.117398 0.635799
0.0597029 0.745483 -0.0756624 0.659519
0 0 0 0
-0.0723181 0.0191194 0.997102 -0.0138916
0 0 0 0
0 0 0 0
0 0 0 0
0 0 0 0
