7446097
0 -0.00891454 -0.354266 2.02732 2 480.928 369.772 256.495 268.005
1 -0.0300394 -0.0550751 1.98319 2 473.553 295.246 252.562 213.99
2 -0.0505566 0.237842 1.93068 2 465.945 218.86 248.504 158.626
3 0.00453218 0.339158 1.95257 2 485.555 193.184 258.963 140.017
4 -0.116783 0.0995003 1.81566 2 439.753 253.497 234.535 183.731
5 -0.179264 -0.138088 1.76668 2 414.16 320.774 220.885 232.492
6 -0.142419 -0.377789 1.75601 2 428 390.436 228.267 282.983
7 -0.140735 -0.443192 1.74453 2 428.228 410.35 228.388 297.416
8 0.0358725 0.133637 2.08276 2 495.79 248.771 264.422 180.306
9 0.169391 -0.0655536 2.12603 2 538.714 296.804 287.314 215.12
10 0.412308 -0.0647868 2.05653 2 622.158 297.19 331.818 215.4
11 0.484665 -0.0554253 2.05242 1 646.924 294.925 345.026 213.757
12 -0.0430239 -0.351415 1.93315 2 468.625 373.361 249.933 270.607
13 -0.068615 -0.696095 1.93484 2 459.386 464.631 245.006 336.758
14 -0.147973 -0.92389 1.97771 2 432.052 519.68 230.428 376.657
15 -0.0673895 -0.946365 1.98611 1 460.419 524.44 245.557 380.107
16 0.0253941 -0.344303 2.05131 2 492.481 366.258 262.657 265.459
17 0.0629152 -0.761175 2.17057 2 504.034 459.952 268.818 333.367
18 0.00447614 -0.999836 2.18645 2 485.377 514.658 258.868 373.017
19 -0.0739497 -1.02074 2.11662 2 459.722 527.366 245.185 382.228
20 -0.0456153 0.16584 1.94572 2 467.844 238.104 249.517 172.575
21 -0.118149 -0.505043 1.74817 2 437.222 428.215 233.185 310.365
22 -0.108029 -0.413965 1.75592 2 441.49 400.957 235.461 290.608
23 0.563688 -0.0602439 2.06148 2 672.904 296.07 358.882 214.588
24 0.481609 -0.0282032 2.05312 2 645.827 288.186 344.441 208.873
0
0
0.496165 -0.0666626 0.864446 -0.0459232
0.491761 -0.0664281 0.866959 -0.0462617
0.486641 -0.0796025 0.866905 -0.0729371
0 0 0 0
-0.2813 0.725537 -0.465456 0.421684
-0.0751855 0.971508 -0.141861 0.174342
-0.0771518 0.488816 0.0181321 0.868779
-0.0542474 0.495942 -0.0689368 0.863914
0.325923 0.681523 0.54294 0.366765
-0.265093 0.177119 0.14491 0.936673
0.663627 -0.418944 -0.247217 -0.568303
0.67444 -0.323611 -0.330431 -0.575519
0.41274 -0.571281 0.586405 -0.399265
-0.00711591 0.966009 -0.0364388 -0.25583
0.0955776 0.981503 -0.16119 0.0391841
0 0 0 0
0.264828 0.598075 0.73866 0.162952
-0.00588616 0.258417 0.145055 0.955063
0.0757418 0.91692 -0.0980873 0.379342
0 0 0 0
0.487121 -0.0713388 0.868611 -0.0560288
0 0 0 0
0 0 0 0
0 0 0 0
0 0 0 0
