7527714
0 1.25987 -1.26977 3.38846 2 741.633 472.311 395.538 342.324
1 1.26206 -1.06656 3.4687 2 736.357 438.168 392.724 317.578
2 1.26101 -0.862829 3.54158 2 730.951 405.571 389.841 293.952
3 1.29842 -0.747702 3.60254 2 733.933 387.137 391.431 280.591
4 1.08803 -0.91181 3.53636 2 697.304 412.775 371.895 299.174
5 0.944204 -1.06579 3.54712 1 668.54 434.526 356.554 314.939
6 0.880464 -1.00158 3.26516 2 670.963 437.749 357.847 317.274
7 0.837678 -1.03197 3.17506 2 666.95 447.098 355.706 324.051
8 1.3362 -0.902241 3.41846 1 755.121 415.943 402.731 301.47
9 1.4261 -1.0787 3.34637 2 779.237 445.562 415.593 322.937
10 1.28943 -0.912399 3.36127 1 750.082 419.779 400.044 304.25
11 1.23716 -0.90065 3.40155 1 736.279 416.379 392.682 301.786
12 1.15512 -1.26386 3.38405 2 720.65 471.777 384.347 341.938
13 0.966695 -1.04852 3.08523 2 701.331 454.705 374.043 329.564
14 0.637295 -0.933398 2.56359 1 656.415 467.076 350.088 338.53
15 0.590448 -0.969476 2.44176 1 651.714 483.898 347.581 350.723
16 1.34107 -1.24978 3.33207 2 762.653 472.329 406.748 342.338
17 1.00161 -0.898663 2.77087 1 734.694 446.752 391.837 323.8
18 0.962865 -1.25802 2.57689 1 741.665 528.976 395.555 383.394
19 0.911758 -1.14916 2.47512 1 738.441 517.23 393.835 374.882
20 1.26208 -0.913313 3.52502 2 732.339 413.475 390.581 299.681
21 0.788224 -1.02535 3.11329 1 659.555 449.296 351.763 325.644
22 0.83618 -1.07918 3.18213 1 666.236 454.321 355.326 329.285
23 1.26575 -0.847368 3.48137 2 736.178 405.46 392.628 293.872
24 1.16929 -0.90398 3.34033 2 726.802 419.362 387.628 303.948
0
1
-0.138072 -0.0212215 0.972612 0.185774
-0.182378 -0.0296897 0.965285 0.18461
-0.228602 -0.0464476 0.960586 0.151188
0 0 0 0
0.0860352 -0.691843 0.704916 0.130557
0.282392 -0.5403 0.235246 0.756962
-0.0814773 -0.0734718 0.775743 -0.621439
0.150808 0.149513 -0.575792 0.789535
-0.456464 0.647246 0.578045 -0.19641
-0.251803 0.880585 0.133988 0.378434
-0.392282 -0.321245 0.855262 -0.106975
-0.401708 -0.638605 0.652902 0.0673348
0.150565 -0.677423 0.710952 0.113913
0.70803 -0.183909 -0.50886 0.453798
0.660959 -0.289693 -0.393512 0.569526
0 0 0 0
-0.343413 0.62632 0.693651 -0.0929442
0.481386 -0.466827 0.710104 -0.214692
-0.176312 0.806561 -0.175756 0.536175
0 0 0 0
-0.22954 -0.040788 0.957404 0.170365
0 0 0 0
0 0 0 0
0 0 0 0
0 0 0 0
