7521556
0 0.0941779 -0.356291 1.84913 2 519.061 378.935 276.832 274.647
1 0.0666366 -0.0573767 1.82832 2 508.993 297.074 271.463 215.315
2 0.039737 0.232333 1.79542 2 499.182 215.707 266.23 156.341
3 0.113177 0.338629 1.79775 2 527.347 185.679 281.252 134.578
4 -0.0225084 0.10227 1.68871 2 474.799 250.594 253.226 181.627
5 -0.0510296 -0.124347 1.64563 2 462.646 319.422 246.745 231.512
6 0.0216462 -0.343803 1.64995 2 493.002 386.925 262.934 280.438
7 0.0355048 -0.422454 1.66455 2 498.686 410.169 265.966 297.285
8 0.175049 0.109381 1.89354 1 547.519 251.985 292.01 182.635
9 0.146714 -0.156779 1.77098 1 540.932 326.012 288.497 236.289
10 0.209923 -0.375191 1.96113 2 557.783 378.305 297.484 274.19
11 0.224451 -0.445268 2.00336 2 561.306 394.124 299.363 285.655
12 0.0421461 -0.349769 1.76941 2 500.374 381.467 266.866 276.482
13 0.0132117 -0.68594 1.76522 2 489.145 479.444 260.878 347.494
14 -0.0471095 -0.915594 1.81148 2 465.924 539.112 248.493 390.741
15 -0.101473 -0.877293 1.66908 1 441.825 549.244 235.64 398.085
16 0.142938 -0.349397 1.86076 2 536.909 376.456 286.351 272.85
17 0.129888 -0.746027 1.944 2 530.278 476.985 282.815 345.712
18 0.0664268 -0.981699 1.95089 1 507.568 537.98 270.703 389.92
19 0.00689677 -0.900704 1.82896 2 486.572 532.553 259.505 385.987
20 0.0465289 0.161385 1.80583 2 501.667 236.009 267.556 171.056
21 0.0675856 -0.488887 1.66664 2 511.998 430.471 273.066 311.999
22 0.0511483 -0.384688 1.68037 2 504.958 397.441 269.311 288.06
23 0.236921 -0.488626 2.00497 2 565.599 405.113 301.653 293.62
24 0.25336 -0.453937 1.99629 2 571.612 396.776 304.86 287.578
1
1
0.358427 -0.0552182 0.931788 -0.0158667
0.366791 -0.0553587 0.928528 -0.0153695
0.375908 -0.0711939 0.922601 -0.049311
0 0 0 0
-0.306416 0.754783 -0.454679 0.360108
-0.0783837 0.972001 -0.079786 0.20665
-0.142704 0.387469 0.0711944 0.907984
-0.0451685 0.376723 0.116512 0.917859
0.165375 0.7723 0.560502 0.249081
0.166623 -0.580814 -0.142064 0.784034
0.0492299 0.411279 0.359355 0.836235
0.0350928 0.423612 0.277722 0.861505
0.357786 -0.60508 0.637313 -0.315751
-0.0229642 0.914576 -0.036782 -0.402084
0.0559768 -0.522056 0.148975 0.837933
0 0 0 0
0.105254 0.654262 0.746357 0.0617528
0.0562367 0.399094 0.0880392 0.910939
0.0747017 0.872761 -0.108674 0.469997
0 0 0 0
0.375972 -0.0615059 0.924098 -0.030083
0 0 0 0
0 0 0 0
0 0 0 0
0 0 0 0
