7496296
0 1.14713 -0.392179 2.54169 2 797.043 359.974 425.089 260.904
1 1.14593 -0.097114 2.48915 2 803.342 301.128 428.449 218.253
2 1.14014 0.192619 2.42722 2 809.81 240.702 431.899 174.457
3 1.08325 0.300278 2.43373 2 792.746 218.224 422.798 158.166
4 1.07118 0.112047 2.58962 2 770.85 259.128 411.12 187.813
5 1.09641 -0.13809 2.68788 1 766.854 307.429 408.989 222.82
6 1.03483 -0.329956 2.60988 1 758.964 345.734 404.781 250.584
7 1.00221 -0.409292 2.56279 1 755.208 362.725 402.778 262.898
8 1.2176 0.0810399 2.34163 2 844.388 263.558 450.341 191.023
9 1.29033 -0.107351 2.26669 2 877.737 305.318 468.127 221.29
10 1.26295 -0.347801 2.27057 2 868.601 359.157 463.254 260.312
11 1.22809 -0.398773 2.28876 2 855.27 369.931 456.144 268.121
12 1.09592 -0.389078 2.55267 2 781.803 359.022 416.962 260.214
13 1.04344 -0.648087 2.59451 2 762.952 408.723 406.908 296.237
14 1.01981 -0.928844 2.65285 2 750.433 459.806 400.231 333.261
15 0.925363 -0.968917 2.57157 2 733.388 473.393 391.14 343.109
16 1.17006 -0.385445 2.46699 2 812.877 360.943 433.534 261.607
17 1.19091 -0.655086 2.40696 2 826.335 419.795 440.712 304.262
18 1.22682 -0.912363 2.45438 2 828.463 469.737 441.847 340.459
19 1.20516 -0.80905 2.41702 2 828.229 451.278 441.722 327.08
20 1.14271 0.120808 2.44459 2 808.239 255.983 431.061 185.533
21 0.988641 -0.473709 2.56833 2 750.971 375.356 400.518 272.053
22 1.01286 -0.402296 2.52433 2 762.291 362.56 406.555 262.779
23 1.19433 -0.467615 2.24212 2 852.419 387.367 454.623 280.758
24 1.22573 -0.40806 2.183 2 871.878 376.241 465.002 272.694
1
0
-0.406153 0.0340462 0.909557 -0.081155
-0.445996 0.0376034 0.890698 -0.0795693
-0.486309 0.0426653 0.865563 -0.111735
0 0 0 0
0.400606 0.64029 -0.558988 -0.342165
-0.135331 -0.499347 0.135426 0.844984
-0.142298 0.939553 -0.189131 0.247428
-0.199381 0.919583 -0.234264 0.244408
-0.234751 0.693287 0.543891 -0.410399
-0.111676 0.913353 0.22409 -0.321089
0.00926676 0.998117 -0.0564549 0.0221177
0.164528 0.945134 -0.277549 0.0511785
-0.138989 -0.685771 0.714303 0.0130981
0.0637393 -0.358144 0.109189 0.925066
5.47174e-005 -0.372644 0.110045 0.921426
0 0 0 0
-0.414036 0.527264 0.60951 -0.423159
-0.115331 0.922265 -0.00532977 0.368915
0.0607091 0.930766 0.0957332 0.347598
0 0 0 0
-0.486753 0.0429059 0.867688 -0.0913645
0 0 0 0
0 0 0 0
0 0 0 0
0 0 0 0
