7582422
0 0.108907 -0.354029 1.94517 2 522.536 373.494 278.686 270.703
1 0.0840358 -0.0489479 1.92503 2 513.945 294.064 274.104 213.133
2 0.0609102 0.246051 1.88934 2 506.136 215.283 269.939 156.034
3 0.135036 0.337765 1.91931 2 532.435 191.983 283.965 139.147
4 -0.00552628 0.109803 1.77465 2 481.817 249.931 256.969 181.147
5 -0.0265473 -0.112798 1.72162 2 473.362 314.336 252.46 227.826
6 0.0375498 -0.326564 1.7176 2 499.021 377.616 266.145 273.691
7 0.0625596 -0.415431 1.72994 2 508.918 403.183 271.423 292.221
8 0.174933 0.127359 2.02071 1 543.477 249.324 289.854 180.707
9 0.224442 -0.169877 2.05007 1 559.28 323.163 298.283 234.224
10 0.23155 -0.410348 2.09411 2 560.232 380.679 298.791 275.911
11 0.234884 -0.453423 2.09741 2 561.257 391.016 299.337 283.403
12 0.0654841 -0.349975 1.86757 2 508.118 376.228 270.996 272.685
13 0.0213003 -0.67877 1.85275 2 491.923 468.013 262.359 339.21
14 -0.0408885 -0.9109 1.88712 2 468.927 527.592 250.094 382.391
15 0.0372461 -0.814535 1.82834 1 498.089 508.638 265.648 368.654
16 0.148475 -0.346486 1.95367 2 536.328 371.142 286.041 268.999
17 0.150687 -0.755752 2.05627 2 534.745 468.65 285.197 339.671
18 0.0890527 -0.992688 2.0508 1 514.077 528.276 274.174 382.887
19 0.131807 -0.859394 2.0308 2 528.979 497.217 282.122 360.376
20 0.0665249 0.173488 1.90081 2 508.015 235.043 270.941 170.356
21 0.0871568 -0.479267 1.72757 2 518.826 422.306 276.707 306.082
22 0.095451 -0.424478 1.71117 2 522.474 407.255 278.653 295.173
23 0.243809 -0.498408 2.09417 2 564.378 402.185 301.002 291.498
24 0.208065 -0.441402 2.07117 2 553.28 389.43 295.083 282.254
1
1
0.390203 -0.0502151 0.919246 -0.0144051
0.412716 -0.0505545 0.90936 -0.0131645
0.4365 -0.0685961 0.895493 -0.0534327
0 0 0 0
-0.294484 0.741158 -0.461027 0.389124
-0.101559 0.962258 -0.0730408 0.241681
-0.0771728 0.869785 0.123243 0.471518
-0.00720391 0.864506 0.151305 0.479254
0.245951 0.730474 0.549817 0.321897
0.0694957 0.956753 0.0654992 -0.27478
0.0771053 0.742105 -0.0494074 -0.663998
0.0541202 0.741326 0.00306398 -0.668953
0.375906 -0.601587 0.61763 -0.339588
-0.0454143 0.927058 -0.0537198 -0.368261
0.021115 0.924965 -0.146467 -0.350059
0 0 0 0
0.0990803 0.636892 0.762752 0.0525418
0.0432792 0.370456 0.11464 0.920732
0.114429 0.355264 -0.0559514 0.926047
0 0 0 0
0.436743 -0.0588244 0.897108 -0.031508
0 0 0 0
0 0 0 0
0 0 0 0
0 0 0 0
