7602809
0 0.937899 -0.849572 2.74612 2 720.9 439.145 384.48 318.287
1 1.01394 -0.737902 2.92595 2 724.336 409.939 386.313 297.118
2 1.08576 -0.626738 3.09376 2 727.332 384.586 387.91 278.743
3 1.06838 -0.504779 3.09628 2 723.136 364.365 385.673 264.087
4 0.954416 -0.688137 3.19385 2 691.033 391.075 368.551 283.446
5 0.934127 -0.911857 3.35031 2 677.255 420.059 361.203 304.453
6 0.907374 -1.1005 3.42488 1 667.711 445.206 356.112 322.679
7 0.894457 -1.14277 3.4876 1 661.837 448.442 352.98 325.024
8 1.17084 -0.691078 2.99937 2 754.773 398.834 402.546 289.07
9 1.2259 -0.722864 2.7844 2 789.216 413.663 420.915 299.818
10 1.15035 -0.917996 2.79968 1 768.731 448.435 409.99 325.02
11 1.12669 -0.983922 2.80822 2 761.964 459.86 406.381 333.3
12 0.873994 -0.83928 2.73934 2 705.296 437.614 376.158 317.176
13 0.634184 -0.893354 2.55576 2 656.084 459.632 349.911 333.135
14 0.482657 -0.978186 2.32112 1 628.213 496.344 335.047 359.743
15 0.521517 -0.985409 2.2124 1 647.419 508.488 345.29 368.545
16 0.980567 -0.838554 2.68716 2 737.088 440.501 393.113 319.269
17 0.981902 -0.86063 2.55002 2 750.926 453.397 400.494 328.616
18 0.904011 -1.14321 2.64801 1 720.354 501.192 384.189 363.257
19 0.901065 -1.06307 2.51308 2 732.19 496.715 390.501 360.012
20 1.06859 -0.654658 3.05402 2 726.617 390.605 387.529 283.105
21 0.89285 -1.14539 3.48143 1 661.834 449.125 352.978 325.52
22 0.897846 -1.13169 3.44382 1 664.788 448.931 354.554 325.379
23 1.03896 -0.970067 2.87492 1 734.601 453.418 391.787 328.631
24 1.13505 -0.900714 2.81257 1 763.735 444.582 407.325 322.227
0
1
-0.185643 0.0916682 0.844853 0.493313
-0.194477 0.0864988 0.842863 0.494246
-0.208325 0.0802146 0.852984 0.471789
0 0 0 0
0.0403269 -0.447756 0.63812 0.625052
-0.156102 -0.593092 0.258887 0.746225
0.197423 0.931614 -0.00552052 0.305104
0.47214 0.844285 0.040269 0.250288
-0.392832 0.783946 0.442531 0.187825
-0.482786 0.666168 0.442742 -0.356534
0.163173 -0.300289 0.0913267 0.93534
0.144103 -0.295797 0.109937 0.937898
0.367926 -0.597841 0.666111 0.252018
0.614182 -0.269473 -0.186169 0.717988
-0.582038 0.75185 -0.12621 -0.282884
0 0 0 0
-0.61032 0.652016 0.449835 -0.00569627
-0.398918 0.462407 -0.511272 0.604686
0.206935 0.77939 -0.00466466 0.591361
0 0 0 0
-0.205544 0.0809351 0.845175 0.486704
0 0 0 0
0 0 0 0
0 0 0 0
0 0 0 0
