7450735
0 0.0141292 -0.343311 2.07576 2 488.643 365.007 260.61 264.552
1 -0.00348673 -0.0379411 2.04691 2 482.787 290.578 257.486 210.607
2 -0.0211254 0.258401 2.00568 2 476.711 215.998 254.246 156.552
3 0.0457098 0.354909 2.04167 2 499.376 193.112 266.334 139.965
4 -0.0798943 0.123029 1.88456 2 454.824 248.2 242.573 179.892
5 -0.122773 -0.104762 1.8342 2 437.953 310.097 233.575 224.754
6 -0.0258726 -0.352839 1.85926 2 474.368 377.433 252.996 273.558
7 0.00501594 -0.392852 1.8743 2 485.802 387.551 259.094 280.892
8 0.0589335 0.145262 2.14493 1 502.836 246.968 268.179 178.999
9 0.131425 -0.151633 2.20576 2 524.91 315.979 279.952 229.018
10 0.221571 -0.362472 2.17219 2 554.254 365.834 295.602 265.151
11 0.262332 -0.397295 2.17532 2 567.129 373.9 302.469 270.998
12 -0.018614 -0.341576 1.98922 2 477.512 368.227 254.673 266.886
13 -0.0848512 -0.692904 1.98244 2 454.309 459.362 242.298 332.94
14 -0.167035 -0.939205 2.00778 2 426.244 519.999 227.33 376.888
15 -0.0940426 -0.985287 1.9921 2 451.216 533.622 240.649 386.762
16 0.0462955 -0.333675 2.09347 2 499.181 361.956 266.23 262.341
17 0.0468909 -0.752245 2.18762 2 498.801 456.443 266.027 330.823
18 -0.0065649 -0.992487 2.19995 2 481.886 511.518 257.006 370.742
19 0.0718922 -1.01487 2.13131 1 507.356 524.278 270.59 379.989
20 -0.0168276 0.18558 2.01817 2 478.225 234.702 255.054 170.109
21 0.0421043 -0.448126 1.88476 2 499.374 401.958 266.333 291.334
22 0.0404896 -0.389096 1.856 2 498.999 387.577 266.133 280.91
23 0.274882 -0.436223 2.17614 2 571.128 383.006 304.602 277.597
24 0.275371 -0.378691 2.15625 2 572.03 370.336 305.083 268.415
1
4
0.484523 -0.0479206 0.873042 -0.0271775
0.490788 -0.0481148 0.869536 -0.0268323
0.496594 -0.0675337 0.863342 -0.0589407
0 0 0 0
-0.307383 0.715185 -0.458892 0.428304
-0.0816294 0.959952 -0.114751 0.242199
-0.0584129 0.829327 0.181394 0.525264
-0.049035 0.77669 0.343871 0.525454
0.307382 0.69713 0.52328 0.381714
-0.0491896 0.513798 0.145583 0.844036
-0.199552 0.633944 0.0727149 0.743644
-0.297309 0.588798 0.29561 0.691042
0.41001 -0.579241 0.584181 -0.393833
-0.033658 0.960563 -0.0872451 -0.261865
0.0311971 0.979815 -0.164245 -0.1096
0 0 0 0
0.216867 0.595296 0.761503 0.136763
0.0296098 0.272608 0.106358 0.95577
0.111118 0.343968 -0.0141563 0.932276
0 0 0 0
0.497156 -0.0574815 0.864805 -0.0405569
0 0 0 0
0 0 0 0
0 0 0 0
0 0 0 0
