7580986
0 0.835644 -0.330645 2.79445 2 690.908 341.466 368.484 247.49
1 0.839046 -0.0409935 2.77489 2 693.089 288.729 369.648 209.267
2 0.838241 0.242535 2.74296 2 695.426 236.187 370.894 171.185
3 0.845949 0.382047 2.71063 2 700.072 209.391 373.372 151.763
4 0.67606 0.145312 2.81194 2 649.926 254.961 346.627 184.792
5 0.640615 -0.122079 2.82578 2 640.374 303.145 341.533 219.715
6 0.622463 -0.327462 2.7666 2 639.317 341.353 340.969 247.408
7 0.63122 -0.381781 2.75861 2 642.03 351.564 342.416 254.809
8 0.981547 0.124782 2.70031 2 735.831 257.649 392.443 186.74
9 1.04069 -0.121678 2.71794 2 749.39 304.048 399.675 220.37
10 1.02145 -0.326623 2.65728 2 750.517 343.932 400.276 249.277
11 1.00029 -0.40423 2.63235 2 747.493 359.577 398.663 260.617
12 0.759625 -0.328156 2.78531 2 672.551 341.162 358.694 247.27
13 0.753368 -0.633939 2.82164 2 668.882 395.716 356.737 286.81
14 0.815244 -0.946565 2.91846 2 677.727 446.764 361.454 323.809
15 0.789036 -1.03347 2.86795 2 674.825 465.171 359.907 337.149
16 0.891456 -0.325172 2.73604 2 709.61 341.779 378.459 247.717
17 0.938186 -0.611183 2.6842 2 726.38 397.421 387.403 288.046
18 0.946787 -0.897005 2.6859 2 728.469 451.674 388.517 327.367
19 0.933617 -0.987504 2.6064 2 732.248 474.461 390.532 343.883
20 0.839187 0.172496 2.75315 2 694.834 249.314 370.578 180.7
21 0.607987 -0.445824 2.73364 2 637.647 364.139 340.078 263.923
22 0.672133 -0.373947 2.72393 2 654.505 351.033 349.07 254.424
23 0.978315 -0.503811 2.61827 2 743.124 379.421 396.333 274.999
24 1.02521 -0.413277 2.5865 2 758.904 362.769 404.749 262.93
0
1
-0.176512 0.0117209 0.983704 -0.0321287
-0.175358 0.0116832 0.983911 -0.0321424
-0.174483 0.00603507 0.981986 -0.0722627
0 0 0 0
0.1423 0.753948 -0.634278 -0.0948915
-0.0242594 0.748034 -0.0663224 -0.659893
-0.0816899 0.770091 -0.120821 0.621039
-0.106457 0.752569 0.0127447 0.649726
-0.0797854 0.786696 0.586301 -0.176053
-0.016321 0.90483 0.121287 0.407806
-0.0940317 0.823765 -0.116845 0.546733
-0.0558303 0.819313 -0.189983 0.538067
0.0184204 -0.692454 0.718267 -0.0652812
-0.0254046 -0.570311 0.0543037 0.819238
-0.156174 -0.499226 0.0793992 0.848575
0 0 0 0
-0.273236 0.622104 0.677597 -0.281408
-0.118568 0.810154 0.0139654 0.57393
-0.00725262 0.772766 0.013507 0.634506
0 0 0 0
-0.174386 0.00918188 0.98337 -0.0498911
0 0 0 0
0 0 0 0
0 0 0 0
0 0 0 0
