7624813
0 0.142482 -0.347896 1.92509 2 534.963 372.855 285.314 270.241
1 0.123938 -0.053022 1.89946 2 528.79 295.324 282.021 214.047
2 0.105241 0.23294 1.8604 2 522.877 217.82 278.868 157.873
3 0.178322 0.345668 1.85769 2 550.14 186.807 293.408 135.395
4 0.0112271 0.110609 1.76603 2 488.324 249.547 260.44 180.868
5 -0.0438115 -0.108418 1.72848 2 466.541 312.923 248.822 226.803
6 0.0451015 -0.354904 1.72214 2 502.012 385.761 267.74 279.594
7 0.060922 -0.413032 1.72194 2 508.377 403.04 271.134 292.118
8 0.227387 0.125841 1.99123 2 562.51 249.221 300.006 180.632
9 0.323835 -0.10169 2.04108 1 593.201 306.454 316.374 222.114
10 0.568132 -0.127495 2.0153 1 678.849 313.394 362.053 227.144
11 0.63298 -0.113076 2.01707 1 701.113 309.757 373.927 224.507
12 0.0926327 -0.344737 1.84421 2 518.57 376.001 276.571 272.52
13 0.0168524 -0.662096 1.85109 2 490.264 463.548 261.474 335.973
14 -0.0577317 -0.88868 1.91719 2 463.066 517.843 246.968 375.325
15 0.0286582 -0.931543 1.93345 2 494.238 527.141 263.594 382.065
16 0.187505 -0.338669 1.93696 2 550.679 369.891 293.696 268.092
17 0.169325 -0.695325 1.99295 2 542.818 459.074 289.503 332.731
18 0.095147 -0.925378 2.0212 2 516.615 514.937 275.528 373.219
19 0.120253 -0.828587 1.95428 2 526.64 497.629 280.875 360.674
20 0.109983 0.162725 1.87246 2 524.339 237.245 279.647 171.952
21 0.0927784 -0.476849 1.73224 2 520.974 421.209 277.853 305.287
22 0.0361797 -0.431857 1.69773 2 498.672 410.466 265.959 297.5
23 0.711028 -0.0768263 2.02221 1 727.516 300.576 388.009 217.853
24 0.596619 -0.0798622 2.01788 1 688.423 301.35 367.159 218.415
1
0
0.376539 -0.0453098 0.92486 -0.0282626
0.379785 -0.0454088 0.923532 -0.0281034
0.382702 -0.0633743 0.919368 -0.0654688
0 0 0 0
-0.22664 0.747486 -0.528877 0.331946
-0.0691463 0.983211 -0.12985 0.107956
0.0725054 0.862207 0.156669 -0.476231
0.0625747 0.867647 0.116777 -0.479204
0.256221 0.726956 0.571422 0.281713
-0.186051 0.0890471 0.118842 0.971253
-0.55165 0.48258 0.378743 0.565113
0.60358 -0.382993 -0.494143 -0.494804
0.351163 -0.60746 0.627139 -0.338193
-0.0338011 0.921276 -0.112419 -0.37077
0.1426 0.9778 -0.148256 0.0399053
0 0 0 0
0.125025 0.631787 0.762597 0.060503
0.053137 0.382784 0.0620482 0.920219
0.165075 0.404188 -0.00964781 0.899605
0 0 0 0
0.383123 -0.0535023 0.921046 -0.0450322
0 0 0 0
0 0 0 0
0 0 0 0
0 0 0 0
