7488428
0 1.00003 -0.343187 2.60053 2 750.635 348.554 400.339 252.627
1 1.00701 -0.0591351 2.57967 2 754.595 292.905 402.451 212.294
2 1.00879 0.218559 2.54725 2 758.593 237.427 404.583 172.084
3 1.02227 0.356108 2.50695 2 766.826 208.702 408.974 151.264
4 0.860693 0.137317 2.59557 2 713.542 254.258 380.556 184.282
5 0.792462 -0.0938523 2.65287 2 690.551 299.215 368.294 216.867
6 0.759766 -0.302722 2.62724 2 684.027 339.87 364.814 246.333
7 0.765083 -0.358272 2.59947 2 687.667 351.406 366.756 254.694
8 1.15948 0.106591 2.51912 2 803.273 259.61 428.412 188.162
9 1.22137 -0.134261 2.56025 2 814.879 307.979 434.602 223.219
10 1.18999 -0.338362 2.48337 2 816.28 350.743 435.349 254.214
11 1.16619 -0.384122 2.46605 2 811.922 360.702 433.025 261.432
12 0.917667 -0.334054 2.58901 2 729.624 347.017 389.133 251.513
13 0.886771 -0.62764 2.57377 2 722.94 405.678 385.568 294.03
14 0.908872 -0.906364 2.62894 2 723.755 457.179 386.002 331.357
15 0.880599 -0.983812 2.57288 2 721.25 476.288 384.666 345.207
16 1.05703 -0.343671 2.54626 2 771.937 350.109 411.7 253.754
17 1.07258 -0.623439 2.53326 2 777.628 406.819 414.735 294.857
18 1.09847 -0.922709 2.72134 2 763.704 454.125 407.309 329.144
19 1.06436 -0.95881 2.59376 2 768.083 469.552 409.644 340.325
20 1.00926 0.150002 2.55747 2 757.593 251.284 404.05 182.127
21 0.746273 -0.429795 2.56594 2 685.318 366.546 365.503 265.668
22 0.722301 -0.343755 2.59673 2 676.376 348.596 360.734 252.658
23 1.16823 -0.438044 2.43519 2 816.563 372.982 435.5 270.332
24 1.18725 -0.408146 2.43008 2 822.653 366.889 438.748 265.916
1
1
-0.149468 0.0175989 0.988011 -0.0343933
-0.138266 0.0172081 0.989641 -0.0345904
-0.12788 0.00612731 0.989022 -0.0737876
0 0 0 0
0.118202 0.733568 -0.666946 -0.0555858
0.0140663 0.799295 -0.182356 -0.57243
0.0975805 -0.538237 -0.00913494 0.837076
0.0916534 -0.543438 -0.214487 0.806394
-0.0466557 0.784901 0.602504 -0.136905
0.0172073 0.881218 0.148071 0.44859
-0.0845237 0.733001 -0.172387 0.65257
0.0262501 0.719762 -0.280727 0.634386
0.0233017 -0.663528 0.744335 -0.0717836
0.0574429 -0.593023 0.0103372 0.803067
-0.0847294 -0.528283 0.0617372 0.842571
0 0 0 0
-0.249641 0.65358 0.659247 -0.27551
-0.0358045 0.741289 0.00501876 0.670211
0.196094 0.762007 0.198337 0.584427
0 0 0 0
-0.127421 0.0120479 0.990425 -0.0517356
0 0 0 0
0 0 0 0
0 0 0 0
0 0 0 0
