7492120
0 1.05686 -0.369493 2.54748 2 771.761 355.252 411.606 257.482
1 1.07173 -0.0852178 2.50544 2 780.683 298.572 416.364 216.401
2 1.0818 0.19311 2.45046 2 790.228 240.981 421.455 174.659
3 1.06486 0.329446 2.41232 2 790.197 211.493 421.438 153.287
4 0.949675 0.120889 2.56106 2 740.947 257.138 395.172 186.37
5 0.923736 -0.119092 2.65372 2 725.062 304.084 386.699 220.396
6 0.866684 -0.323534 2.63429 2 711.841 343.809 379.649 249.188
7 0.8684 -0.36791 2.62277 2 713.346 352.724 380.451 255.649
8 1.20255 0.085058 2.37797 2 834.615 262.96 445.128 190.59
9 1.2681 -0.124689 2.35601 2 856.806 308.188 456.963 223.37
10 1.21566 -0.329735 2.32419 2 846.265 353.525 451.341 256.23
11 1.19363 -0.380153 2.31283 2 841.451 364.992 448.774 264.541
12 0.985141 -0.361937 2.55011 2 751.879 353.643 401.002 256.316
13 0.930809 -0.648926 2.53814 2 738.376 411.729 393.8 298.416
14 0.917078 -0.915257 2.60193 2 728.396 460.724 388.478 333.926
15 0.850513 -0.953181 2.49019 2 720.754 476.492 384.402 345.355
16 1.102 -0.367579 2.48019 2 792.198 356.868 422.506 258.653
17 1.13051 -0.638235 2.42199 2 807.353 415.558 430.588 301.191
18 1.18372 -0.896358 2.44781 2 817.7 467.177 436.107 338.603
19 1.15112 -0.794305 2.41389 1 813.679 448.629 433.962 325.16
20 1.08023 0.12435 2.46645 2 787.79 255.474 420.155 185.164
21 0.843246 -0.423289 2.59428 2 709.17 364.4 378.224 264.112
22 0.820306 -0.376069 2.57588 2 704.532 355.622 375.75 257.75
23 1.16234 -0.441819 2.28749 2 835.909 379.654 445.818 275.168
24 1.18271 -0.385161 2.23112 2 850.904 369.145 453.816 267.551
1
1
-0.264244 0.0443966 0.96132 -0.0637882
-0.285831 0.0458222 0.955123 -0.062772
-0.308442 0.0460537 0.944323 -0.104865
0 0 0 0
0.257336 0.69238 -0.650421 -0.177036
-0.0603357 -0.551931 0.179658 0.812068
-0.113111 0.824951 -0.0872521 -0.546853
-0.0945804 0.823434 0.0862035 -0.552792
-0.153154 0.736724 0.592122 -0.288397
-0.0583859 0.985921 0.147365 0.0532399
-0.0699248 0.988599 -0.126839 0.0411509
-0.096115 0.973345 -0.205013 0.0364824
-0.0672714 -0.668092 0.74015 -0.0361395
0.0911447 -0.497468 0.0288338 0.862199
-0.0377782 -0.504176 0.113746 0.855243
0 0 0 0
-0.321817 0.60862 0.638934 -0.343188
-0.116877 0.854442 -0.00927788 0.506145
-0.00574003 0.870694 0.112234 0.478813
0 0 0 0
-0.308079 0.0474405 0.946711 -0.0810857
0 0 0 0
0 0 0 0
0 0 0 0
0 0 0 0
