7441378
0 -0.000551287 -0.414349 2.12326 2 483.778 380.173 258.015 275.544
1 0.0389238 -0.112681 2.05131 2 496.992 308.98 265.063 223.944
2 0.074687 0.18117 1.96536 2 510.08 234.581 272.043 170.021
3 0.154434 0.264244 1.98864 2 537.41 213.909 286.619 155.038
4 -0.0249289 0.0642036 1.87436 2 474.821 263.898 253.238 191.27
5 -0.150823 -0.134118 1.83758 2 427.522 318.138 228.012 230.582
6 -0.147816 -0.387284 1.86038 2 429.151 386.875 228.88 280.401
7 -0.131916 -0.457601 1.87619 2 435.407 405.138 232.217 293.638
8 0.172427 0.0284626 2.14314 2 539.247 274.495 287.598 198.95
9 0.27159 -0.138271 2.25478 2 566.824 312.256 302.306 226.319
10 0.442732 -0.280099 2.36678 2 612.981 341.277 326.923 247.353
11 0.47334 -0.305788 2.36573 2 622.041 346.852 331.755 251.394
12 -0.0402259 -0.403598 2.03819 2 470.354 381.641 250.855 276.608
13 -0.0515061 -0.754574 1.96377 2 465.775 477.217 248.413 345.88
14 -0.150951 -0.97892 1.98795 2 431.296 532.508 230.024 385.955
15 -0.0536423 -0.954562 1.98567 1 465.217 526.592 248.116 381.667
16 0.039099 -0.41168 2.13895 2 496.553 378.808 264.828 274.555
17 0.100858 -0.742406 2.25601 2 514.906 448.848 274.616 325.319
18 0.0917173 -0.99885 2.32191 2 511.358 500.8 272.724 362.973
19 0.153382 -1.04019 2.33377 2 529.552 508.747 282.428 368.733
20 0.0661264 0.108849 1.98924 2 506.795 253.547 270.291 183.767
21 -0.113232 -0.533151 1.90682 2 442.908 423.434 236.217 306.899
22 -0.0836444 -0.414984 1.90972 2 453.746 391.502 241.998 283.756
23 0.538348 -0.365417 2.38619 2 639.842 359.072 341.249 260.25
24 0.487038 -0.263386 2.349 2 627.036 338.148 334.419 245.085
1
0
0.417414 0.00888314 0.899017 -0.132117
0.415931 0.0091009 0.899704 -0.132102
0.408742 -0.0139742 0.897075 -0.167305
0 0 0 0
-0.204269 0.684891 -0.559113 0.420228
-0.0204896 0.935986 -0.28728 0.202438
0.0123282 0.395363 0.043567 0.917408
-0.0553049 0.403049 0.143445 0.902173
0.323411 0.787932 0.444942 0.276758
-0.243518 -0.0224923 0.261219 0.933787
-0.159988 0.528467 0.435302 0.711083
-0.319121 0.617414 0.277183 0.663424
0.323036 -0.514778 0.672714 -0.422028
-0.103141 0.930835 0.0218905 -0.349899
0.0529516 0.977102 -0.205654 0.0131663
0 0 0 0
0.229295 0.683563 0.691849 0.0388746
-0.0235512 0.346516 0.187716 0.918768
0.0159264 -0.0115737 0.125563 0.99189
0 0 0 0
0.41189 -0.00244176 0.899152 -0.147872
0 0 0 0
0 0 0 0
0 0 0 0
0 0 0 0
