7459915
0 -0.000537063 -0.342323 2.09552 2 483.78 363.973 258.016 263.803
1 -0.021283 -0.0413825 2.07934 2 476.927 291.269 254.361 211.108
2 -0.042191 0.250681 2.04873 2 469.792 219.283 250.556 158.934
3 0.032837 0.359291 2.05776 2 494.947 192.721 263.972 139.681
4 -0.112221 0.126996 1.92921 2 443.977 247.919 236.788 179.688
5 -0.159081 -0.0993807 1.87595 2 425.661 308.009 227.019 223.241
6 -0.106951 -0.324631 1.87244 2 444.609 369.096 237.125 267.516
7 -0.0802214 -0.404183 1.88275 2 454.57 390.161 242.437 282.783
8 0.0558729 0.128732 2.17939 1 501.57 251.348 267.504 182.174
9 0.110937 -0.17448 2.22906 1 518.165 320.801 276.355 232.512
10 0.113486 -0.417063 2.21101 2 519.33 376.869 276.976 273.149
11 0.11719 -0.444672 2.21196 2 520.483 383.198 277.591 277.737
12 -0.0400036 -0.334711 2.00918 2 470.247 365.621 250.798 264.997
13 -0.101881 -0.693443 1.99805 2 448.638 458.102 239.274 332.026
14 -0.16967 -0.94301 2.01627 2 425.581 519.957 226.976 376.858
15 -0.0916858 -0.983255 1.99842 2 452.136 532.316 241.139 385.815
16 0.0386543 -0.338536 2.11229 2 496.555 362.403 264.829 262.665
17 0.0341577 -0.748925 2.19197 2 494.748 455.311 263.865 330.003
18 -0.00453137 -0.991611 2.20516 2 482.531 510.771 257.35 370.2
19 0.0588399 -1.02107 2.11949 1 503.214 527.115 268.381 382.046
20 -0.037032 0.178842 2.05852 2 471.592 237.272 251.516 171.971
21 -0.0586079 -0.471958 1.89005 2 462.547 408.079 246.691 295.77
22 -0.102898 -0.420199 1.85654 2 445.713 396.132 237.713 287.111
23 0.111202 -0.485808 2.19801 2 518.859 393.41 276.725 285.138
24 0.141882 -0.444187 2.20547 2 528.315 383.398 281.768 277.882
1
1
0.4424 -0.0426885 0.895758 -0.00881767
0.448601 -0.0427486 0.892668 -0.00852144
0.45493 -0.0624677 0.887252 -0.0438227
0 0 0 0
-0.304847 0.718636 -0.493272 0.383814
-0.0885356 0.963797 -0.122646 0.21958
0.0486325 0.867548 0.102793 -0.484179
0.131387 0.863781 0.110949 -0.473613
0.260747 0.727715 0.525244 0.355754
0.030402 0.881971 0.115719 0.455864
-0.022926 0.494347 -0.0296751 0.868455
-0.0494357 0.49344 0.0477709 0.867059
0.407114 -0.576512 0.611735 -0.357313
-0.0411884 0.94649 -0.0762234 -0.310887
0.0202041 0.984166 -0.13516 -0.112871
0 0 0 0
0.156152 0.662819 0.721009 0.128194
0.0357308 0.31829 0.0889792 0.943132
0.082649 0.440106 -0.010699 0.89407
0 0 0 0
0.45515 -0.0530985 0.888461 -0.0256354
0 0 0 0
0 0 0 0
0 0 0 0
0 0 0 0
