7504824
0 0.157913 -0.362602 1.76294 2 545.746 385.614 291.064 279.487
1 0.127842 -0.064773 1.74842 2 534.205 299.945 284.91 217.396
2 0.0980289 0.223877 1.71825 2 523.214 215.238 279.047 156.002
3 0.169225 0.334063 1.71783 2 551.896 182.52 294.345 132.288
4 0.0276563 0.0933469 1.61286 2 495.737 251.952 264.393 182.611
5 -0.0067259 -0.135614 1.56958 2 481.012 324.907 256.539 235.488
6 0.0338889 -0.361231 1.55834 2 498.962 398.908 266.113 289.123
7 0.0373661 -0.415093 1.57337 2 500.362 415.313 266.86 301.013
8 0.233187 0.100755 1.81626 1 572.295 253.124 305.224 183.461
9 0.204304 -0.16558 1.69373 1 566.987 330.728 302.393 239.707
10 0.285542 -0.392106 1.84567 2 590.817 389.19 315.103 282.079
11 0.299597 -0.426084 1.83822 2 596.61 399.104 318.192 289.265
12 0.102881 -0.355989 1.68244 2 526.133 388.599 280.604 281.651
13 0.0639132 -0.69274 1.66122 2 510.642 494.045 272.342 358.077
14 -0.009194 -0.838036 1.69916 2 480.204 532.927 256.109 386.258
15 0.0469597 -0.825701 1.59041 1 504.424 546.032 269.026 395.756
16 0.20727 -0.353393 1.77463 2 564.542 382.314 301.089 277.096
17 0.201291 -0.719144 1.84348 2 559.677 480.275 298.494 348.096
18 0.0737494 -0.775643 1.6267 2 515.406 524.604 274.883 380.226
19 0.150047 -0.69925 1.51642 2 552.599 516.602 294.72 374.426
20 0.105982 0.153391 1.72804 2 526.124 236.301 280.6 171.268
21 0.0421484 -0.480572 1.56886 2 502.541 437.135 268.022 316.829
22 0.0185422 -0.455817 1.54971 2 492.23 430.866 262.523 312.286
23 0.332811 -0.481852 1.83626 2 609.378 414.832 325.001 300.665
24 0.278891 -0.464123 1.8045 2 590.843 412.102 315.116 298.686
1
1
0.35311 -0.0555819 0.933917 -0.00492507
0.358754 -0.0556107 0.931763 -0.00458867
0.36508 -0.0770253 0.926768 -0.0434251
0 0 0 0
-0.288023 0.762119 -0.4681 0.342199
-0.0766589 0.974459 -0.0899223 0.190966
0.0194885 0.8819 0.0901103 -0.462334
0.135133 0.885762 -0.0325274 -0.44284
0.166321 0.772561 0.558014 0.253193
0.159019 -0.535716 -0.150564 0.815507
0.317937 0.788714 -0.030782 -0.525261
0.031028 0.788491 0.214911 -0.575441
0.356602 -0.611412 0.637704 -0.303882
-0.0520095 0.911353 -0.0397495 -0.406387
-0.0304633 0.798895 -0.253181 -0.544736
0 0 0 0
0.0980956 0.637359 0.761376 0.0667595
-0.0397766 -0.501015 0.0843387 0.860401
0.0275785 -0.425227 0.624223 -0.654803
0 0 0 0
0.365294 -0.0632779 0.928404 -0.02494
0 0 0 0
0 0 0 0
0 0 0 0
0 0 0 0
