7798111
0 1.27219 0.163231 3.08582 2 769.896 254.214 410.611 184.251
1 1.26196 0.417101 2.97025 2 778.709 209.524 415.312 151.86
2 1.24934 0.661722 2.84616 2 788.389 162.559 420.474 117.82
3 1.21594 0.779497 2.86832 2 777.925 142.538 414.893 103.309
4 1.25377 0.650004 3.18443 1 757.096 177.01 403.784 128.294
5 1.40534 0.481522 3.07657 1 800.813 201.322 427.1 145.915
6 1.16057 0.443811 3.06714 2 746.358 207.373 398.058 150.301
7 1.0226 0.465237 3.05598 2 715.832 203.584 381.777 147.555
8 1.2529 0.530713 2.78561 2 795.93 183.969 424.496 133.339
9 1.16179 0.328192 2.83663 2 768.053 222.156 409.628 161.016
10 1.0611 0.378543 2.98806 2 730.084 216.599 389.378 156.988
11 1.01698 0.431944 3.03896 2 715.826 208.743 381.774 151.294
12 1.26072 0.169604 3.09701 2 766.275 253.263 408.68 183.562
13 1.37987 -0.179768 3.22398 2 780.858 309.673 416.457 224.447
14 1.53752 -0.443618 3.42371 2 795.503 347.356 424.268 251.759
15 1.39985 -0.488695 3.39622 2 769.891 354.664 410.608 257.056
16 1.25648 0.147959 3.02468 2 772.082 256.244 411.777 185.722
17 1.3153 -0.179726 3.18645 2 770.252 309.997 410.801 224.682
18 1.37294 -0.495531 3.28324 2 774.057 358.258 412.831 259.66
19 1.3123 -0.551351 3.3183 2 758.286 366.023 404.419 265.288
20 1.25297 0.60143 2.87868 2 785.88 174.568 419.136 126.525
21 1.00604 0.464831 3.05001 2 712.5 203.508 380 147.5
22 1.0172 0.458297 3.0344 2 716.248 204.198 381.999 148
23 0.974492 0.4583 3.08839 2 702.498 205.581 374.665 149.002
24 0.982519 0.42705 3.03725 2 708.032 209.543 377.617 151.874
1
1
0.714208 -0.142065 -0.666835 0.15829
0.709602 -0.140972 -0.671735 0.159264
0.699995 -0.15775 -0.670411 0.188868
0 0 0 0
0.557592 0.474844 -0.517246 -0.442799
-0.313176 -0.0635527 -0.257435 0.911926
0.240701 0.693894 -0.604964 0.30756
-0.277258 -0.584725 0.706831 -0.285681
0.302666 -0.609583 -0.325431 0.656426
0.00583579 0.859377 -0.23572 -0.453733
0.62024 0.602981 -0.498727 -0.0546689
-0.682456 -0.43518 0.587256 -0.00154391
-0.432388 -0.547545 0.705545 0.124263
-0.144939 0.0668882 0.177454 0.971097
-0.260509 -0.0940819 0.268763 0.922524
0 0 0 0
0.498808 -0.498281 -0.365542 0.607688
0.228623 0.969859 0.0713382 -0.0449101
0.156689 0.976779 0.067189 -0.129761
0 0 0 0
0.702316 -0.149226 -0.673879 0.174274
0 0 0 0
0 0 0 0
0 0 0 0
0 0 0 0
