7795629
0 1.2771 0.205994 3.05196 2 774.213 246.76 412.913 178.848
1 1.26418 0.424314 2.94586 2 781.677 207.679 416.894 150.523
2 1.24941 0.646377 2.82964 2 790.182 164.634 421.43 119.325
3 1.21555 0.760292 2.83868 2 780.891 144.546 416.475 104.765
4 1.25488 0.628522 3.17173 2 758.432 180.051 404.497 130.498
5 1.0562 0.572819 3.01561 2 726.813 184.291 387.634 133.572
6 0.944028 0.774979 2.92024 2 708.176 145.765 377.694 105.648
7 0.941174 0.802864 2.91446 2 707.957 140.603 377.577 101.907
8 1.2554 0.528228 2.77095 2 798.193 183.917 425.703 133.301
9 1.1022 0.421666 2.78939 2 758.04 204.053 404.288 147.895
10 0.941728 0.460121 2.86443 1 711.764 199.307 379.608 144.455
11 0.91963 0.488162 2.87587 1 705.512 194.67 376.273 141.094
12 1.26504 0.219585 3.06641 2 770.099 244.662 410.719 177.328
13 1.45802 -0.120824 3.28616 2 791.762 299.98 422.273 217.422
14 1.5389 -0.439889 3.42739 2 795.449 346.73 424.24 251.305
15 1.40344 -0.487091 3.40143 2 770.187 354.311 410.766 256.8
16 1.26671 0.18885 2.98081 2 778.74 248.871 415.328 180.379
17 1.31187 -0.179381 3.18109 2 769.986 309.99 410.659 224.677
18 1.37485 -0.494404 3.28228 2 774.547 358.105 413.092 259.55
19 1.31178 -0.547759 3.31622 2 758.349 365.523 404.453 264.926
20 1.25378 0.589514 2.86077 2 787.963 176.028 420.247 127.583
21 0.927765 0.877239 2.91713 2 704.588 127.701 375.78 92.5561
22 0.99781 0.783072 2.943 2 719.148 145.391 383.546 105.377
23 0.890002 0.526241 2.89365 2 697.031 188.503 371.75 136.625
24 0.936223 0.526889 2.8785 2 709.365 187.864 378.328 136.161
0
0
0.686708 -0.138572 -0.691013 0.178134
0.693949 -0.140441 -0.68374 0.176664
0.697661 -0.154171 -0.671463 0.196565
0 0 0 0
0.554188 0.487433 -0.505085 -0.447409
0.594467 -0.263919 -0.197402 0.733476
0.831805 -0.289675 0.460732 0.109159
0.862065 -0.113191 0.493946 -0.00701263
0.310707 -0.599912 -0.348815 0.649535
-0.0671917 0.85462 -0.459735 -0.231849
0.629156 -0.12 0.458509 0.616062
0.682119 -0.0964376 0.639278 0.341668
-0.497914 -0.437396 0.738076 0.126531
-0.220864 0.0298533 0.268263 0.93721
-0.140498 -0.121215 0.186706 0.964732
0 0 0 0
0.466599 -0.51009 -0.407832 0.596462
0.245528 0.967835 0.0548497 -0.0019056
0.163148 0.976373 0.0757532 -0.119747
0 0 0 0
0.699227 -0.14938 -0.674454 0.184062
0 0 0 0
0 0 0 0
0 0 0 0
0 0 0 0
