7812106
0 -0.116641 0.601377 3.97844 2 463.776 204.649 247.347 148.327
1 -0.142295 0.866057 3.88425 2 458.685 168.027 244.632 121.784
2 -0.166265 1.12255 3.77716 2 453.514 129.966 241.874 94.1979
3 -0.14401 1.25219 3.73326 2 457.248 110.318 243.865 79.9573
4 -0.242753 0.969859 3.70493 2 438.689 148.128 233.967 107.361
5 -0.248041 0.747929 3.72295 2 438.017 179.279 233.609 129.939
6 -0.101124 0.879138 3.64836 1 464.825 158.82 247.907 115.111
7 -0.0540441 0.91894 3.70065 1 473.874 155.06 252.733 112.385
8 -0.0567637 1.05937 3.89036 2 473.875 142.761 252.733 103.471
9 0.0921144 0.861316 3.73303 2 500.983 164.063 267.191 118.911
10 0.0994786 0.857022 3.44161 1 503.913 154.697 268.754 112.122
11 0.126164 0.907801 3.36202 1 509.885 143.925 271.939 104.315
12 -0.158537 0.580864 3.90998 2 456.048 205.966 243.225 149.281
13 -0.145402 0.202302 4.04617 2 459.268 255.934 244.943 185.498
14 -0.171739 -0.129667 4.20803 2 455.921 296.787 243.158 215.107
15 -0.088488 -0.193348 4.1232 2 469.214 304.915 250.247 220.998
16 -0.0647133 0.610842 3.96657 2 472.727 203.21 252.121 147.284
17 -0.00302727 0.252579 4.20261 2 483.462 250.828 257.846 181.797
18 -0.0610884 -0.0908308 4.43856 2 474.504 291.553 253.069 211.314
19 -0.0115268 -0.159818 4.30055 2 482.116 299.993 257.128 217.431
20 -0.160463 1.05979 3.80635 2 454.82 139.606 242.571 101.184
21 0.0286032 0.884076 3.64375 2 489.375 157.976 261 114.499
22 0.0284953 0.880741 3.63 2 489.375 157.976 261 114.499
23 0.175901 0.954794 3.32321 1 520.553 135.036 277.628 97.8723
24 0.149405 0.843533 3.33451 1 514.899 152.661 274.613 110.647
0
0
0.279606 -0.092447 0.943892 -0.149471
0.325494 -0.0996559 0.929067 -0.144764
0.372111 -0.121735 0.901834 -0.182779
0 0 0 0
-0.179192 0.779474 -0.429322 0.419515
0.0371637 0.977508 -0.0200008 -0.20663
0 0.387158 0.900816 -0.196566
0 0.337103 0.863818 0.374405
0.305656 0.689077 0.636377 0.163617
-0.402461 0.702565 0.025117 0.586341
-0.169768 0.154772 -0.681039 0.695277
0.266065 0.00643526 0.82946 -0.491085
-0.274163 0.669951 -0.548649 0.418311
0.159204 0.868233 -0.0665079 -0.465191
0.18797 0.882494 -0.127991 -0.411692
0 0 0 0
0.0504666 0.615352 0.764805 -0.184031
0.0725174 0.46186 0.285428 0.836634
0.229375 0.551569 0.198063 0.777129
0 0 0 0
0.373337 -0.112967 0.907069 -0.158379
0 0 0 0
0 0 0 0
0 0 0 0
0 0 0 0
