7809579
0 1.35785 0.128311 3.09542 2 788.271 260.05 420.411 188.481
1 1.32228 0.395411 2.98072 2 791.713 213.49 422.247 154.735
2 1.28562 0.66196 2.85223 2 796.502 162.792 424.801 117.989
3 1.25277 0.763868 2.90052 2 783.453 146.833 417.841 106.422
4 1.17515 0.440317 2.86865 1 768.14 202.857 409.675 147.028
5 1.24168 0.204176 2.8667 2 784.436 244.853 418.366 177.466
6 1.14769 0.0900024 2.99501 1 749.594 265.882 399.784 192.708
7 1.19253 0.0510582 2.98885 2 760.619 272.494 405.664 197.5
8 1.27348 0.523615 2.79244 2 800.259 185.511 426.805 134.456
9 1.25688 0.281573 2.83061 2 792.008 230.429 422.404 167.012
10 1.22828 0.0689069 2.93914 2 773.815 269.245 412.702 195.145
11 1.2106 0.0218269 2.97012 2 766.622 277.461 408.865 201.1
12 1.29627 0.125549 3.09077 2 774.862 260.478 413.26 188.791
13 1.37479 -0.187932 3.22071 2 780.063 310.996 416.034 225.406
14 1.55448 -0.441321 3.44764 2 796.751 346.556 424.934 251.179
15 1.42032 -0.489593 3.40125 2 773.653 354.692 412.615 257.076
16 1.38942 0.131138 3.03309 2 801.759 259.139 427.605 187.82
17 1.33156 -0.163757 3.19291 2 773.218 307.388 412.383 222.79
18 1.38389 -0.478277 3.28389 2 776.314 355.561 414.034 257.706
19 1.32049 -0.535358 3.30798 2 760.863 363.821 405.794 263.692
20 1.29526 0.594672 2.8871 2 795.117 176.089 424.062 127.627
21 1.16949 -0.00146328 2.98459 2 755.625 281.461 403 203.999
22 1.18319 0.0412811 2.93754 2 763.264 274.04 407.074 198.62
23 1.20795 -0.0396569 3.00462 2 762.741 287.946 406.795 208.699
24 1.17946 0.0104606 2.93957 2 762.182 279.395 406.497 202.502
1
1
-0.246391 -0.00963398 0.946213 -0.209476
-0.234161 -0.012336 0.949313 -0.209335
-0.212891 -0.011797 0.946072 -0.243896
0 0 0 0
-0.0835506 0.939644 -0.31648 -0.0996438
-0.127217 0.393315 0.0506738 0.909149
0.342172 0.886005 -0.302224 -0.0810832
-0.0741668 0.9081 0.410334 0.0384657
0.194298 -0.19255 -0.40872 0.870701
0.0382177 0.765505 -0.0759858 -0.637784
0.173157 0.847602 -0.16679 -0.473042
0.16812 0.833593 -0.270552 -0.451287
0.109067 0.703052 -0.682467 0.167512
-0.195271 -0.482958 0.108928 0.846614
-0.304125 -0.142983 0.279598 0.899383
0 0 0 0
-0.271022 0.522219 0.668401 -0.455054
0.25268 0.818766 0.0544001 0.512656
0.143644 0.985199 0.0712621 -0.0605947
0 0 0 0
-0.214293 -0.0133425 0.950395 -0.225053
0 0 0 0
0 0 0 0
0 0 0 0
0 0 0 0
