7811328
0 1.33284 0.0966814 3.11711 2 780.563 265.379 416.3 192.343
1 1.31278 0.385157 2.98877 2 788.682 215.423 420.631 156.136
2 1.29079 0.661624 2.85263 2 797.707 162.872 425.444 118.047
3 1.2577 0.762213 2.88523 2 786.201 146.425 419.307 106.127
4 1.18397 0.440879 2.89642 1 767.526 203.51 409.347 147.501
5 1.23661 0.435413 3.11427 2 759.378 209.851 405.001 152.097
6 1.10211 0.365988 3.00151 2 738.505 219.009 393.87 158.735
7 1.09219 0.375743 3.02093 2 734.568 217.768 391.77 157.835
8 1.29422 0.509771 2.78865 2 805.818 187.923 429.77 136.204
9 1.26661 0.285556 2.84006 2 793.36 229.882 423.125 166.615
10 1.12373 0.378785 3.00501 2 743.235 216.9 396.392 157.206
11 1.08373 0.39383 3.04262 2 730.836 215.193 389.779 155.969
12 1.27787 0.0842601 3.09175 2 770.615 267.302 410.995 193.737
13 1.37332 -0.190865 3.21216 2 780.536 311.542 416.286 225.801
14 1.53646 -0.417953 3.41471 2 796.11 343.694 424.592 249.105
15 1.40821 -0.478185 3.40401 2 770.941 352.92 411.169 255.792
16 1.36117 0.104562 3.06938 2 791.611 263.82 422.193 191.213
17 1.33876 -0.165489 3.18798 2 775.242 307.706 413.462 223.021
18 1.38828 -0.477785 3.29139 2 776.573 355.315 414.172 257.527
19 1.32231 -0.536154 3.31284 2 760.838 363.822 405.78 263.693
20 1.2976 0.593647 2.88809 2 795.571 176.306 424.305 127.784
21 1.06993 0.384447 3.01397 2 729.999 216.156 389.333 156.667
22 1.11823 0.35121 2.9708 2 744.935 220.895 397.299 160.102
23 1.05188 0.415795 3.1001 2 719.06 212.826 383.498 154.253
24 1.07553 0.435389 3.03783 2 729.37 208.107 388.997 150.833
1
1
-0.0749628 -0.0164196 0.974829 -0.209329
-0.144127 -0.00148534 0.967026 -0.209966
-0.243332 0.0154156 0.939338 -0.241238
0 0 0 0
-0.0207846 0.939931 -0.314271 -0.13165
-0.287024 -0.132633 0.636731 0.703277
0.515171 -0.233077 -0.225124 0.793469
-0.505472 -0.489334 0.669852 0.237379
-0.407045 0.867005 0.109752 -0.265652
0.0759717 0.899006 -0.101712 -0.419131
0.318989 -0.174145 0.771153 0.522726
0.332289 -0.227841 0.722298 0.562101
-0.0263446 0.716585 -0.631511 0.294968
-0.245856 -0.608983 0.0549406 0.752114
-0.284583 -0.0732596 0.300265 0.907461
0 0 0 0
-0.257941 0.507078 0.709752 -0.41544
0.179384 0.733628 0.106503 0.646737
0.159738 0.984243 0.0715196 -0.0251794
0 0 0 0
-0.243234 0.0230818 0.943466 -0.223999
0 0 0 0
0 0 0 0
0 0 0 0
0 0 0 0
