6087678
0 -0.202508 -0.260922 2.32408 2 424 338.057 226.133 245.019
1 -0.219996 -0.0190245 2.22366 2 415.946 285.539 221.838 206.954
2 -0.235129 0.217744 2.11151 2 407.313 228.983 217.234 165.964
3 -0.189495 0.319099 2.09616 2 421.691 204.056 224.902 147.897
4 -0.280646 0.10334 2.08024 2 391.121 256.056 208.598 185.586
5 -0.257812 -0.12239 2.07586 2 398.508 311.06 212.538 225.452
6 -0.198601 -0.311788 2.15259 2 420.42 354.61 224.224 257.017
7 -0.183417 -0.381642 2.20237 2 426.568 369.079 227.503 267.503
8 -0.0536452 0.171988 2.24939 1 467.568 242.547 249.369 175.795
9 -0.306068 0.0284718 2.2869 1 391.883 274.908 209.004 199.25
10 -0.16482 -0.0942688 2.50223 1 438.694 300.26 233.97 217.625
11 -0.0514064 -0.206461 2.67126 1 470.732 320.294 251.057 232.145
12 -0.248338 -0.253472 2.24868 2 407.933 338.309 217.564 245.202
13 -0.19379 -0.58551 2.38055 1 427.736 406.205 228.126 294.412
14 -0.197144 -0.934734 2.56274 2 430.644 467.216 229.677 338.632
15 -0.109054 -0.964891 2.58177 2 454.681 471.816 242.497 341.965
16 -0.151431 -0.261496 2.33725 2 439.389 337.842 234.341 244.864
17 -0.207172 -0.647826 2.41821 2 424.745 417.458 226.53 302.568
18 -0.325029 -0.886335 2.73574 2 401.677 446.314 214.228 323.482
19 -0.208152 -0.914246 2.68507 2 430.264 454.747 229.474 329.594
20 -0.231704 0.159346 2.14162 2 409.531 243.547 218.416 176.52
21 -0.155338 -0.446012 2.22357 2 435.786 382.986 232.419 277.583
22 -0.172371 -0.338954 2.20955 2 430.232 358.949 229.457 260.162
23 -0.00834157 -0.250739 2.7059 1 481.838 328.079 256.98 237.787
24 -0.0122257 -0.213161 2.6915 1 480.835 321.259 256.445 232.844
3
1
0.317206 -0.0953105 0.927438 -0.173653
0.33366 -0.0983856 0.921646 -0.171929
0.349081 -0.109649 0.906602 -0.210217
0 0 0 0
-0.17394 0.776778 -0.42351 0.432434
-0.0347716 0.84877 0.037718 0.526267
-0.0747504 0.317328 0.222052 0.918917
0.00158192 0.281463 0.314732 0.906488
0.298202 0.680211 0.664371 0.0836615
0.428009 -0.34533 0.267801 0.791099
-0.142894 0.257594 0.514252 0.805463
-0.139819 0.264677 0.488978 0.819327
0.29252 -0.552299 0.675647 -0.391023
0.201062 0.876071 -0.0143878 -0.438025
0.238142 0.97108 -0.000188683 0.017108
0 0 0 0
0.214114 0.709783 0.669866 -0.0405246
0.117579 0.591558 0.0401539 0.796631
0.226926 0.141239 0.400782 0.876316
0 0 0 0
0.349851 -0.104982 0.911625 -0.188477
0 0 0 0
0 0 0 0
0 0 0 0
0 0 0 0
