6072771
0 0.530025 -0.258095 3.255 2 596.126 321.403 317.934 232.949
1 0.42784 -0.0460092 3.23 2 575.08 288.422 306.709 209.044
2 0.325892 0.165725 3.19125 2 554.18 254.933 295.562 184.772
3 0.248166 0.284244 3.1649 2 537.882 235.761 286.87 170.876
4 0.279777 0.0455904 3.41165 2 540.314 274.453 288.168 198.92
5 0.26735 -0.093182 3.56985 2 535.421 294.41 285.558 213.384
6 0.22351 -0.182854 3.71746 1 525.273 306.083 280.145 221.845
7 0.209117 -0.212813 3.76955 1 522.079 309.759 278.442 224.509
8 0.437278 0.110446 3.08582 2 581.474 263.086 310.12 190.681
9 0.477203 0.159958 2.87395 2 598.316 253.003 319.102 183.373
10 0.235083 0.20065 2.92739 1 539.167 246.535 287.556 178.685
11 0.183307 0.223603 2.93858 2 526.838 242.72 280.98 175.92
12 0.500846 -0.261603 3.26665 2 589.547 321.794 314.425 233.232
13 0.205062 -0.270374 3.20596 2 527.932 323.877 281.564 234.741
14 0.267659 -0.563528 3.40831 2 538.056 365.025 286.963 264.565
15 0.207524 -0.624326 3.40325 2 525.978 374.236 280.521 271.241
16 0.551092 -0.249807 3.19005 2 602.99 320.915 321.595 232.595
17 0.606685 -0.44946 3.07835 2 620.003 355.376 330.668 257.572
18 0.665089 -0.662627 3.02662 2 635.98 392.663 339.189 284.596
19 0.645516 -0.725154 2.94535 1 635.669 406.621 339.023 294.713
20 0.351413 0.11313 3.2032 2 559.397 263.34 298.345 190.865
21 0.196691 -0.210305 3.77858 1 519.726 309.354 277.187 224.215
22 0.213137 -0.21484 3.74912 1 523.024 310.188 278.946 224.82
23 0.122793 0.21225 2.93085 2 512.75 244.588 273.467 177.274
24 0.127378 0.233891 2.908 2 514.064 240.531 274.167 174.334
0
0
-0.453473 -0.170897 0.861561 -0.151225
-0.467292 -0.168439 0.854145 -0.153958
-0.470012 -0.142855 0.848423 -0.197129
0 0 0 0
0.457547 0.752025 -0.379694 -0.284501
0.171484 0.311727 0.376095 0.855554
0.489066 0.768094 0.0958439 0.40207
0.496614 0.765312 0.104714 0.395863
-0.162862 0.543672 0.681359 -0.462219
0.781669 -0.6073 0.0300956 -0.138829
0.169026 -0.58543 0.74324 0.276219
0.193728 -0.494988 0.813182 0.237048
0.213635 0.744229 -0.631573 -0.0399846
0.685645 -0.266905 0.123989 0.665793
-0.156522 -0.22017 0.264992 0.925638
0 0 0 0
-0.289901 0.432939 0.690078 -0.502308
-0.271471 0.921886 0.0478892 0.27228
-0.165639 0.85179 0.0549741 0.49396
0 0 0 0
-0.476454 -0.154031 0.847704 -0.175112
0 0 0 0
0 0 0 0
0 0 0 0
0 0 0 0
