6082640
0 0.707317 -0.313424 3.67191 2 616.775 324.518 328.946 235.206
1 0.67897 -0.101014 3.62125 2 613.148 295.354 327.012 214.069
2 0.64566 0.108853 3.56243 2 608.816 265.721 324.702 192.591
3 0.594808 0.218229 3.52152 2 600.305 249.8 320.162 181.051
4 0.523622 0.0522978 3.6597 2 582.412 273.975 310.62 198.573
5 0.515057 -0.0963467 3.77959 2 577.718 294.117 308.116 213.172
6 0.618544 -0.239186 3.82752 1 595.253 312.88 317.468 226.771
7 0.625865 -0.279754 3.87438 1 595.22 317.807 317.451 230.342
8 0.766307 0.0790508 3.50602 2 634.705 269.768 338.509 195.524
9 0.87541 0.0499499 3.30108 2 667.145 273.519 355.811 198.243
10 0.949706 0.0535103 3.05392 2 699.104 272.291 372.856 197.352
11 0.975552 0.04633 2.93392 2 714.15 273.166 380.88 197.987
12 0.661304 -0.322806 3.66913 2 608.188 325.834 324.367 236.16
13 0.412617 -0.315232 3.3414 2 568.957 328.996 303.444 238.452
14 0.283906 -0.66252 3.2243 2 544.694 385.508 290.504 279.411
15 0.236087 -0.733281 3.14152 2 535.833 399.776 285.778 289.752
16 0.743339 -0.299786 3.62305 2 625.471 323.207 333.584 234.256
17 0.857179 -0.303588 3.25206 2 666.12 328.686 355.264 238.227
18 1.05749 -0.499674 3.28365 2 707.053 358.78 377.095 260.039
19 1.00406 -0.57191 3.20174 1 701.226 372.277 373.987 269.821
20 0.654621 0.0565944 3.57871 2 609.972 273.194 325.319 198.007
21 0.622956 -0.291921 3.89844 1 594.018 319.162 316.809 231.324
22 0.624341 -0.276926 3.8513 1 595.615 317.654 317.662 230.232
23 0.994408 0.0217545 2.85539 2 725.16 277.328 386.752 201.003
24 0.995012 0.0133051 2.91314 2 720.477 278.883 384.254 202.131
1
2
-0.216851 -0.0379761 0.967103 -0.127457
-0.238587 -0.0350946 0.961971 -0.12828
-0.25857 -0.0400302 0.950923 -0.16518
0 0 0 0
0.289604 0.711269 -0.634182 -0.0896631
0.31991 0.921109 -0.0940984 -0.200902
0.0883897 0.931273 0.318518 0.153181
0.370227 0.859461 0.194797 0.293791
-0.103382 0.583876 0.756572 -0.275681
0.660557 -0.640234 0.0384857 -0.390237
-0.332843 0.135689 -0.629375 0.688979
-0.295651 0.168193 -0.619186 0.70775
0.0516253 0.766602 -0.630571 0.109712
0.652825 -0.339566 -0.288137 0.612774
0.226689 -0.520485 -0.0398145 0.822267
0 0 0 0
-0.25328 0.513849 0.738544 -0.355472
0.683871 -0.611163 0.165594 -0.362461
-0.0934855 0.848596 0.379069 0.357005
0 0 0 0
-0.259872 -0.0377181 0.953889 -0.145391
0 0 0 0
0 0 0 0
0 0 0 0
0 0 0 0
