6121796
0 0.0312991 -0.00965104 2.84254 2 491.519 282.927 262.143 205.061
1 0.0289669 0.248974 2.75058 2 491.195 235.43 261.971 170.636
2 0.0273909 0.500817 2.64871 2 491.082 185.343 261.91 134.334
3 0.073592 0.616457 2.62822 2 503.28 162.104 268.416 117.491
4 -0.045612 0.362856 2.59351 2 471.855 210.372 251.656 152.474
5 -0.0506439 0.117958 2.61663 2 470.661 258.424 251.019 187.302
6 0.00786361 -0.0780741 2.67987 2 485.972 295.935 259.185 214.489
7 0.0337262 -0.145874 2.71552 2 492.489 308.366 262.661 223.5
8 0.0998282 0.414813 2.90978 1 507.567 209.02 270.702 151.495
9 0.153663 0.167846 3.0413 1 518.675 253.305 276.627 183.592
10 0.15252 -0.0262169 3.1284 1 517.447 285.447 275.972 206.888
11 0.132434 -0.0969073 3.16888 1 512.666 296.669 273.422 215.022
12 0.00337934 -0.0110994 2.75231 2 484.8 283.249 258.56 205.295
13 -0.0098349 -0.375495 2.8491 2 481.582 347.926 256.844 252.172
14 -0.16008 -0.749508 2.97315 2 446.773 409.318 238.279 296.668
15 -0.0987915 -0.815753 2.93664 2 460.707 422.48 245.71 306.208
16 0.0589251 -0.00828642 2.87101 2 498.052 282.669 265.628 204.875
17 0.078919 -0.376384 3.09341 1 501.504 342.791 267.469 248.45
18 0.0165784 -0.664357 3.19078 2 487.539 386.842 260.021 280.378
19 0.0889179 -0.661509 3.25797 2 502.771 384.209 268.145 278.469
20 0.0277248 0.438854 2.67611 2 491.09 198.127 261.915 143.6
21 0.0596342 -0.211794 2.73499 2 498.941 320.37 266.102 232.2
22 0.0667163 -0.148305 2.69237 2 500.981 309.058 267.19 224.001
23 0.142924 -0.130004 3.20968 1 514.549 301.687 274.426 218.658
24 0.14242 -0.129546 3.19837 1 514.549 301.687 274.426 218.658
1
0
0.509717 -0.0916104 0.843373 -0.143243
0.499955 -0.089952 0.849196 -0.144291
0.486448 -0.104948 0.848906 -0.178079
0 0 0 0
-0.140295 0.75984 -0.443742 0.453932
0.04793 0.951353 0.00458308 0.304318
0.0377742 0.78531 0.202057 0.583981
0.0829254 0.765098 0.271686 0.577871
0.459709 0.643832 0.489642 0.366604
0.222425 0.956157 0.130978 0.138329
0.0727135 0.327524 0.196347 0.921351
0.197687 0.303036 0.199113 0.910738
0.379184 -0.545042 0.590384 -0.458907
0.12157 0.963445 -0.0476944 -0.23392
0.0933083 0.93157 -0.218761 -0.274981
0 0 0 0
0.357938 0.667894 0.623755 0.191645
0.042377 0.236111 0.265918 0.933672
0.0369955 -0.358013 0.186095 0.914236
0 0 0 0
0.488722 -0.0951027 0.852419 -0.159646
0 0 0 0
0 0 0 0
0 0 0 0
0 0 0 0
