6107653
0 -0.3628 -0.219517 2.38784 2 379.306 327.805 202.296 237.589
1 -0.296773 0.0209508 2.29193 2 394.885 276.584 210.605 200.464
2 -0.237513 0.257032 2.18176 2 409.011 221.53 218.139 160.562
3 -0.199605 0.363515 2.1798 2 420.86 196.655 224.459 142.533
4 -0.285394 0.12982 2.13221 2 391.844 250.378 208.983 181.471
5 -0.266986 -0.113976 2.14275 2 398.234 308.139 212.391 223.335
6 -0.186806 -0.286715 2.23672 2 426.471 346.134 227.451 250.873
7 -0.167735 -0.3637 2.27905 2 433.266 362.09 231.075 262.438
8 -0.106119 0.0968649 2.1557 1 450.134 258.493 240.072 187.352
9 -0.231496 0.0233832 2.36616 2 416.702 276.212 222.241 200.195
10 -0.0419528 0.0439919 2.57897 2 472.784 272.59 252.152 197.569
11 0.00491677 0.0546488 2.69406 2 485.21 270.959 258.779 196.388
12 -0.42566 -0.206604 2.32106 2 357.537 326.363 190.686 236.543
13 -0.337207 -0.61781 2.57245 2 393.381 403.322 209.803 292.322
14 -0.310372 -0.899657 2.69428 2 404.161 451.412 215.552 327.177
15 -0.296597 -0.968686 2.59661 2 404.766 471.528 215.875 341.757
16 -0.291487 -0.225499 2.39421 2 400.157 328.915 213.417 238.393
17 -0.187522 -0.605294 2.48902 2 431.933 404.779 230.364 293.378
18 -0.109062 -0.940487 2.63877 2 455.323 462.906 242.839 335.508
19 -0.0973933 -1.00889 2.54115 1 457.381 483.786 243.937 350.641
20 -0.251075 0.198494 2.21179 2 405.841 235.767 216.448 170.881
21 -0.131305 -0.431662 2.30445 2 444.689 376.204 237.167 272.667
22 -0.150167 -0.311763 2.3134 2 439.282 349.46 234.284 253.284
23 0.0560254 0.0310472 2.72433 2 498.081 275.451 265.643 199.643
24 0.0573374 0.0713353 2.66173 2 498.752 267.665 266.001 194
0
0
0.220107 0.081912 0.949509 -0.208028
0.188903 0.0886789 0.956206 -0.205235
0.140738 0.0696211 0.957024 -0.243826
0 0 0 0
-0.335874 0.864659 -0.276883 0.250778
0.00276758 0.896951 0.0432873 0.439998
-0.141291 0.212883 0.270796 0.92811
-0.0580023 0.196254 0.261684 0.943208
-0.118116 0.873408 0.460893 -0.103848
0.111369 -0.274801 0.586467 0.753749
0.08534 0.509222 0.727173 0.452359
0.195118 0.411811 0.710387 0.536368
0.135006 -0.527781 0.742622 -0.389529
0.273274 0.786724 -0.0757384 -0.548316
0.178638 0.719117 -0.104258 -0.663392
0 0 0 0
0.161235 0.727541 0.657551 -0.110974
-0.0469369 0.524704 0.170109 0.832794
0.0676958 0.683777 0.221334 0.69201
0 0 0 0
0.145624 0.0853265 0.960458 -0.221437
0 0 0 0
0 0 0 0
0 0 0 0
0 0 0 0
