6116359
0 -0.0451614 -0.087776 2.86487 2 473.129 296.696 252.336 215.041
1 0.0472577 0.17704 2.78358 2 495.621 249.056 264.331 180.512
2 0.135694 0.436802 2.69704 2 518.602 199.145 276.588 144.337
3 0.217174 0.51684 2.7169 2 539.064 184.707 287.501 133.873
4 0.0287028 0.310998 2.59304 2 491.569 220.515 262.17 159.826
5 -0.0717294 0.0651958 2.56987 2 464.785 268.388 247.885 194.524
6 -0.0678198 -0.187345 2.64903 2 466.364 316.971 248.728 229.736
7 -0.0871463 -0.214095 2.68468 2 461.647 321.541 246.212 233.048
8 0.209969 0.352625 2.87207 1 534.262 219.043 284.94 158.759
9 0.259694 0.170441 3.06821 1 542.143 253.109 289.143 183.45
10 0.418167 0.085872 3.17785 1 574.484 267.531 306.392 193.903
11 0.451917 0.070322 3.20249 1 581.059 270.092 309.898 195.759
12 -0.0715046 -0.0864801 2.80054 2 466.419 296.819 248.757 215.13
13 -0.127871 -0.456439 2.81798 2 452.71 363.283 241.446 263.302
14 -0.250626 -0.801584 2.90947 2 424.405 421.365 226.349 305.399
15 -0.172864 -0.836174 2.90311 2 442.785 427.759 236.152 310.034
16 -0.0160321 -0.0877016 2.87209 2 480.123 296.644 256.065 215.003
17 0.0235723 -0.399662 3.07703 2 489.226 346.957 260.921 251.47
18 0.0248792 -0.683938 3.19814 2 489.321 389.726 260.971 282.468
19 -0.0427782 -0.733025 3.08485 1 474.386 401.883 253.006 291.279
20 0.113919 0.372528 2.71922 2 512.785 211.842 273.485 153.54
21 -0.0716709 -0.299671 2.73501 2 465.938 336.651 248.5 244
22 -0.0496921 -0.197414 2.64079 2 471.026 319.011 251.214 231.215
23 0.494962 0.0260589 3.24383 1 588.98 277.142 314.123 200.869
24 0.415749 0.0472837 3.18548 1 573.739 273.697 305.994 198.372
3
0
0.424495 0.0839731 0.87933 -0.198824
0.45008 0.0781108 0.866513 -0.2012
0.47282 0.0595355 0.852398 -0.215208
0 0 0 0
-0.1595 0.640699 -0.535934 0.526156
0.0342043 0.902574 -0.194235 0.382704
0.122213 0.825394 0.0894751 0.543859
0.469706 0.710651 0.0637185 0.519896
0.441098 0.714269 0.500639 0.211217
-0.103182 -0.00747775 0.393434 0.913514
-0.544015 -0.544201 -0.0558663 0.636217
-0.568548 -0.539019 -0.0486684 0.61955
0.265464 -0.487516 0.662456 -0.503001
-0.00270362 0.941692 -0.0789481 -0.327073
0.112484 0.976113 -0.174052 -0.0652403
0 0 0 0
0.2112 0.704951 0.675747 -0.0424928
0.0530452 0.349983 0.285713 0.890542
0.171025 0.843231 0.103706 0.498956
0 0 0 0
0.474357 0.063857 0.852524 -0.210025
0 0 0 0
0 0 0 0
0 0 0 0
0 0 0 0
