6080193
0 0.721006 -0.269807 3.62501 2 621.104 318.976 331.256 231.189
1 0.668139 -0.0811479 3.5713 2 612.861 292.731 326.859 212.167
2 0.612208 0.109214 3.51588 2 603.889 265.467 322.074 192.407
3 0.549977 0.211537 3.4733 2 592.996 250.35 316.264 181.45
4 0.532458 0.0349175 3.64093 2 584.597 276.354 311.785 200.298
5 0.536885 -0.0571184 3.78913 1 581.455 288.843 310.109 209.35
6 0.645825 -0.19982 3.82532 1 600.24 307.685 320.128 223.006
7 0.647087 -0.232535 3.86973 1 599.133 311.667 319.538 225.892
8 0.733966 0.0864746 3.4415 2 631.026 268.46 336.547 194.576
9 0.672825 -0.00967754 3.28116 2 625.318 282.707 333.503 204.902
10 0.524309 -0.122566 3.10312 2 600.32 301.227 320.171 218.325
11 0.437701 -0.184005 3.00219 2 584.32 312.258 311.637 226.32
12 0.679424 -0.28004 3.6406 2 612.597 320.227 326.719 232.096
13 0.39151 -0.31023 3.36843 2 563.946 327.852 300.771 237.622
14 0.282538 -0.657049 3.23102 2 544.271 384.424 290.278 278.625
15 0.223395 -0.727212 3.15846 2 532.774 398.147 284.146 288.572
16 0.751207 -0.258018 3.55885 2 629.558 318.01 335.764 230.49
17 0.787459 -0.32421 3.20707 2 653.57 332.597 348.571 241.062
18 1.08809 -0.528553 3.32004 2 711.041 362.381 379.222 262.649
19 1.07153 -0.611804 3.27589 1 710.663 376.46 379.02 272.853
20 0.62651 0.0617803 3.53043 2 606.191 272.341 323.302 197.389
21 0.641812 -0.244809 3.89333 1 597.498 313.079 318.665 226.915
22 0.644208 -0.230449 3.84749 1 599.284 311.569 319.618 225.821
23 0.401244 -0.192626 2.99213 2 576.247 313.813 307.331 227.447
24 0.441468 -0.147619 2.97314 2 586.168 306.36 312.623 222.046
0
0
-0.364535 -0.0730663 0.911834 -0.174169
-0.351423 -0.0755561 0.916967 -0.173104
-0.337482 -0.0831868 0.919472 -0.183733
0 0 0 0
0.38197 0.749297 -0.51292 -0.171945
0.454923 0.8083 -0.171277 -0.332205
0.0631986 0.93529 0.326219 0.121737
0.418036 0.836254 0.169516 0.311754
-0.118069 0.552206 0.757117 -0.328483
-0.491109 0.856098 -0.120005 -0.107266
-0.441497 0.842894 -0.293593 -0.0917173
-0.445659 0.837118 -0.302827 -0.0944285
0.214982 0.782467 -0.584385 -0.00477127
0.621702 -0.245392 -0.274765 0.691211
0.204526 -0.386924 -0.109411 0.892462
0 0 0 0
-0.281358 0.467891 0.707702 -0.448412
-0.618536 0.721434 -0.159456 0.267434
-0.00682172 0.816113 0.481192 0.319948
0 0 0 0
-0.338762 -0.0823737 0.920955 -0.174061
0 0 0 0
0 0 0 0
0 0 0 0
0 0 0 0
