6075882
0 0.581536 0.335518 3.13016 2 612.071 226.82 326.438 164.396
1 0.5658 0.54837 3.0089 2 613.837 188.583 327.38 136.682
2 0.547465 0.755621 2.87775 2 615.625 147.484 328.333 106.894
3 0.523726 0.859221 2.80037 2 613.525 124.793 327.213 90.4479
4 0.412492 0.707167 2.9863 2 579.401 160.805 309.014 116.55
5 0.360888 0.533309 3.15212 2 562.882 195.387 300.203 141.614
6 0.343818 0.321961 3.28127 2 556.059 231.527 296.565 167.808
7 0.329487 0.24539 3.31549 2 552.308 243.752 294.564 176.668
8 0.684209 0.693632 2.88081 2 648.406 158.534 345.817 114.903
9 0.772474 0.528953 2.84898 2 671.642 186.641 358.209 135.275
10 0.643681 0.315869 2.79002 2 643.279 223.68 343.082 162.12
11 0.582185 0.230374 2.77671 2 628.594 239.095 335.25 173.293
12 0.522557 0.339826 3.10876 2 599.818 225.767 319.903 163.633
13 0.46753 -0.0064313 3.27133 2 582.3 282.206 310.56 204.539
14 0.389621 -0.50978 3.49017 2 560.863 355.255 299.127 257.484
15 0.36344 -0.58896 3.43976 2 556.786 368.056 296.952 266.762
16 0.628772 0.326083 3.09982 2 623.899 227.807 332.746 165.111
17 0.719464 0.0241148 3.31091 2 633.819 277.515 338.037 201.139
18 0.819633 -0.397988 3.6302 2 639.845 336.91 341.251 244.188
19 0.861462 -0.471221 3.60864 2 648.898 347.602 346.079 251.937
20 0.552447 0.704632 2.91239 2 615.173 158.056 328.092 114.557
21 0.335524 0.190338 3.35323 2 552.763 252.488 294.807 183
22 0.344329 0.227062 3.29017 2 555.939 246.282 296.501 178.502
23 0.569819 0.191728 2.80354 2 624.115 246.509 332.861 178.666
24 0.571907 0.184512 2.809 2 624.353 247.88 332.988 179.66
0
3
-0.0741294 -0.0134624 0.963353 -0.257438
-0.121 -0.000897713 0.958595 -0.257788
-0.167231 0.00982774 0.940356 -0.296088
0 0 0 0
0.350847 0.701131 -0.620414 0.0202112
0.278281 0.830324 -0.26231 -0.405358
0.267462 0.910868 0.0532149 0.309762
0.223332 0.918161 -0.0121712 0.327039
0.106169 0.679255 0.669529 -0.281197
-0.102073 0.964691 0.234845 0.0616465
0.233777 0.190085 -0.170155 0.938223
0.283418 0.205198 -0.130282 0.927682
-0.0472463 -0.625146 0.729395 -0.273759
-0.0894399 -0.64885 0.209789 0.725936
-0.0717529 -0.616507 0.202149 0.757566
0 0 0 0
-0.0336211 0.662917 0.64499 -0.378681
0.148595 0.736046 0.282846 0.596787
0.0872122 0.511486 0.317145 0.793849
0 0 0 0
-0.167993 0.0104914 0.946612 -0.274945
0 0 0 0
0 0 0 0
0 0 0 0
0 0 0 0
