6070385
0 -0.169837 -0.206904 2.38157 2 434.921 325.169 231.958 235.678
1 -0.146084 0.0530653 2.3349 2 440.97 269.72 235.184 195.49
2 -0.121248 0.306147 2.27837 2 447.336 213.17 238.579 154.502
3 -0.0851548 0.411464 2.29161 2 458.357 190.191 244.457 137.848
4 -0.174446 0.167836 2.22867 2 430.139 243.109 229.407 176.202
5 -0.0926835 -0.0656454 2.2055 2 455.089 296.256 242.714 214.723
6 -0.0190736 -0.257021 2.26549 2 478.167 338.616 255.023 245.424
7 -0.0396609 -0.317408 2.34026 2 472.297 349.875 251.892 253.585
8 0.0180379 0.211633 2.34743 1 489.238 235.613 260.927 170.769
9 -0.227055 0.0473864 2.35249 1 417.608 271.022 222.725 196.433
10 -0.306539 -0.161623 2.53055 1 400.615 313.546 213.661 227.254
11 -0.304555 -0.206187 2.57369 1 402.529 321.776 214.682 233.219
12 -0.222389 -0.204046 2.34324 2 418.673 325.287 223.292 235.764
13 -0.121327 -0.610298 2.49509 2 450.385 405.475 240.205 293.883
14 -0.179052 -0.896571 2.59514 2 436.165 457.304 232.622 331.447
15 -0.0963176 -0.947503 2.63391 2 458.621 464.612 244.598 336.745
16 -0.112958 -0.20383 2.35858 2 451.034 324.926 240.552 235.502
17 -0.129629 -0.611982 2.49793 2 448.127 405.681 239.001 294.032
18 -0.139297 -0.953951 2.62027 2 447.119 466.85 238.463 338.367
19 -0.0829982 -0.940245 2.68405 2 462.538 459.761 246.687 333.229
20 -0.127551 0.24383 2.29441 2 445.724 227.431 237.72 164.839
21 -0.0148658 -0.379555 2.36686 2 479.633 362.448 255.804 262.698
22 -0.073405 -0.304105 2.32995 2 462.282 347.285 246.551 251.707
23 -0.306127 -0.214646 2.57775 1 402.234 323.376 214.525 234.378
24 -0.302475 -0.20258 2.55257 1 402.417 321.396 214.623 232.943
0
1
0.0723566 0.0384588 0.992431 -0.0914624
0.176595 0.0286007 0.97927 -0.0950077
0.291842 0.0101422 0.946962 -0.134119
0 0 0 0
-0.207794 0.845536 -0.337896 0.357374
-0.14743 0.728526 0.0917496 0.662644
-0.226796 -0.525549 0.0258757 0.819568
-0.176933 -0.567344 0.401861 0.696652
0.167462 0.77319 0.608465 0.0624828
0.416975 -0.393542 0.218689 0.789577
-0.0390261 -0.467519 0.364528 0.804377
-0.189973 -0.431831 0.323778 0.820122
0.155112 -0.633067 0.705613 -0.277986
0.20691 0.720176 -0.0324691 -0.661424
0.175392 0.974466 -0.0745814 0.118709
0 0 0 0
-0.0899632 0.666095 0.718977 -0.176908
0.122724 0.650953 0.110034 0.741007
-0.0587472 -0.409462 0.161055 0.896075
0 0 0 0
0.293523 0.014751 0.949081 -0.113455
0 0 0 0
0 0 0 0
0 0 0 0
0 0 0 0
