6075086
0 -0.145819 -0.0901639 2.6256 2 445.799 298.572 237.76 216.401
1 -0.120266 0.154429 2.52955 2 451.285 250.34 240.686 181.443
2 -0.0945723 0.393128 2.42242 2 457.075 198.983 243.773 144.22
3 -0.0800075 0.503582 2.40984 2 461.064 175.184 245.901 126.971
4 -0.130058 0.265754 2.38738 2 446.488 224.872 238.127 162.984
5 -0.0714583 0.0183043 2.38872 2 463.41 277.338 247.152 201.011
6 0.00270913 -0.162362 2.47259 2 484.709 314.409 258.512 227.879
7 0.0194173 -0.23904 2.52975 2 489.233 329.005 260.924 238.458
8 0.053607 0.302658 2.4993 1 498.709 219.924 265.978 159.398
9 -0.191503 0.138085 2.50452 1 431.399 253.324 230.079 183.606
10 -0.0527863 0.0879798 2.74671 1 470.757 265.021 251.07 192.084
11 0.083985 0.0300832 3.00038 1 503.182 276.143 268.364 200.145
12 -0.192459 -0.0925054 2.57729 2 432.637 299.362 230.74 216.973
13 -0.089677 -0.530733 2.68123 2 460.903 381.609 245.815 276.585
14 -0.116919 -0.844989 2.79343 2 455.005 435.176 242.67 315.41
15 -0.0464711 -0.872492 2.80889 2 472.511 439.341 252.006 318.429
16 -0.0952865 -0.0877124 2.60831 2 458.862 298.209 244.726 216.138
17 -0.0921199 -0.513938 2.66832 2 460.164 378.887 245.421 274.612
18 -0.0851998 -0.856866 2.80845 2 462.972 436.511 246.918 316.377
19 -0.0383923 -0.869306 2.85384 2 474.651 436.251 253.147 316.189
20 -0.101041 0.334344 2.4512 2 455.592 212.146 242.983 153.76
21 0.0572473 -0.295832 2.57222 2 499.262 339.41 266.273 245.999
22 -0.0312172 -0.244305 2.51378 2 475.42 330.371 253.557 239.448
23 0.11054 -0.0156458 3.06323 1 508.742 283.792 271.329 205.689
24 0.11659 0.0783301 2.96852 1 510.936 267.873 272.499 194.151
0
1
0.157839 0.0188609 0.968662 -0.190854
0.232351 0.00402986 0.953536 -0.191742
0.313286 -0.0245356 0.921279 -0.229116
0 0 0 0
-0.241456 0.821088 -0.303358 0.418913
-0.064202 0.8146 0.096653 0.568299
-0.273162 -0.673664 0.0193447 0.686429
-0.288402 -0.686461 0.14811 0.650891
0.192222 0.771999 0.605846 -0.00437221
0.394808 -0.463999 0.25584 0.750585
0.00285923 0.38419 0.641593 0.663889
0.0125252 0.380531 0.633532 0.673555
0.160757 -0.60581 0.67582 -0.387838
0.158617 0.794547 0.0230929 -0.585664
0.171828 0.983613 -0.0338852 0.0427998
0 0 0 0
-0.000133879 0.653572 0.723137 -0.22342
0.0379686 0.584712 0.0587729 0.808218
-0.0728016 -0.324929 0.178699 0.925844
0 0 0 0
0.315859 -0.0184464 0.925454 -0.208395
0 0 0 0
0 0 0 0
0 0 0 0
0 0 0 0
