6051795
0 -0.0979442 -0.0609585 2.73872 2 459.392 292.461 245.009 211.972
1 0.0271841 0.184814 2.71873 2 490.827 246.841 261.774 178.907
2 0.148182 0.428263 2.68784 2 521.919 200.476 278.357 145.302
3 0.235974 0.50331 2.71557 2 543.86 187.192 290.059 135.674
4 0.0785421 0.296564 2.55879 2 505.066 222.558 269.369 161.307
5 0.00801688 0.0519913 2.51412 2 486.147 270.76 259.278 196.243
6 0.0196891 -0.15684 2.56147 2 489.238 312.166 260.927 226.253
7 0.0092385 -0.215874 2.60355 2 486.395 323.141 259.411 234.208
8 0.24217 0.347295 2.77844 1 543.948 217.903 290.106 157.933
9 0.012827 0.177344 2.84262 1 487.057 249.671 259.764 180.958
10 0.195355 0.0790284 3.03846 1 528.133 268.06 281.671 194.287
11 0.309234 0.0119353 3.16811 1 551.054 279.305 293.895 202.437
12 -0.123132 -0.0600133 2.66866 2 452.261 292.578 241.206 212.057
13 -0.0239839 -0.505201 2.739 2 477.924 374.716 254.893 271.589
14 -0.114391 -0.843703 2.79388 2 455.636 434.914 243.006 315.219
15 -0.0381806 -0.879531 2.786 2 474.474 441.952 253.053 320.321
16 -0.0704281 -0.0593933 2.74713 2 466.348 292.138 248.719 211.737
17 -0.037946 -0.507286 2.7369 2 474.405 375.177 253.016 271.923
18 -0.0948456 -0.848669 2.79303 2 460.467 435.87 245.583 315.913
19 -0.0205029 -0.852096 2.86017 2 478.999 432.811 255.466 313.696
20 0.118379 0.368048 2.69754 2 514.154 212.125 274.216 153.745
21 0.0244142 -0.280294 2.63998 2 490.315 334.926 261.501 242.75
22 -0.0364404 -0.231593 2.61457 2 474.377 326.01 253.001 236.287
23 0.342528 -0.0381149 3.2213 1 557.064 287.197 297.101 208.156
24 0.334317 0.0438608 3.13006 1 557.393 274.121 297.276 198.679
0
0
0.471902 0.185472 0.849541 -0.145567
0.4579 0.187835 0.857169 -0.142504
0.435492 0.169042 0.868256 -0.167042
0 0 0 0
-0.309919 0.669624 -0.426698 0.522956
-0.0197081 0.890892 -0.162534 0.423682
-0.0926695 -0.641394 0.0671774 0.758626
-0.140083 -0.619333 0.278196 0.720702
0.32305 0.753097 0.571096 0.0482956
0.367664 -0.317654 0.272736 0.830382
0.00691099 0.566269 0.572352 0.593047
0.0181147 0.56429 0.56434 0.602303
0.262649 -0.464973 0.661335 -0.526738
0.0982475 0.968311 0.0894831 -0.211459
0.0689424 0.986079 -0.134156 -0.0699858
0 0 0 0
0.177391 0.686778 0.704054 0.0342915
-0.037878 0.248337 -0.0020399 0.967931
0.04763 -0.353812 0.104378 0.928253
0 0 0 0
0.439868 0.179303 0.867041 -0.150352
0 0 0 0
0 0 0 0
0 0 0 0
0 0 0 0
