6103368
0 0.70413 -0.305885 3.67445 2 616.077 323.445 328.575 234.428
1 0.678056 -0.104888 3.63215 2 612.584 295.852 326.712 214.43
2 0.650129 0.0912909 3.58255 2 608.972 268.293 324.785 194.455
3 0.597224 0.205158 3.54933 2 599.855 251.914 319.923 182.584
4 0.516817 0.0415887 3.67644 2 580.683 275.483 309.698 199.666
5 0.483591 -0.0867383 3.79296 2 571.66 292.786 304.885 212.207
6 0.571208 -0.247786 3.9528 1 583.433 312.964 311.164 226.832
7 0.594768 -0.317855 4.0305 1 585.567 321.169 312.303 232.779
8 0.766606 0.082156 3.53793 2 633.395 269.426 337.811 195.276
9 0.832229 -0.148418 3.59664 2 643.631 302.165 343.27 219.005
10 0.728113 -0.0681388 3.37544 2 632.717 291.455 337.449 211.242
11 0.684764 -0.0943346 3.30985 2 626.596 295.67 334.185 214.298
12 0.655962 -0.310201 3.67149 2 607.093 324.06 323.783 234.874
13 0.424375 -0.280352 3.35847 2 570.926 323.488 304.494 234.46
14 0.298506 -0.624847 3.22681 2 547.749 379.471 292.133 275.036
15 0.255191 -0.696885 3.14089 2 540.025 393.88 288.013 285.479
16 0.742669 -0.297916 3.62597 2 625.226 322.911 333.454 234.041
17 0.895659 -0.273804 3.26991 2 673.303 323.804 359.095 234.689
18 1.09565 -0.507268 3.29833 2 714.133 359.629 380.871 260.654
19 1.04663 -0.580463 3.2134 1 709.68 373.329 378.496 270.584
20 0.657497 0.0427618 3.59641 2 609.901 275.183 325.281 199.449
21 0.609895 -0.328953 4.02878 1 588.21 322.588 313.712 233.807
22 0.612117 -0.335459 4.00776 1 589.145 323.63 314.211 234.563
23 0.676776 -0.0938099 3.29477 1 625.571 295.655 333.638 214.287
24 0.670072 -0.102207 3.28275 1 624.677 297.005 333.161 215.265
0
0
-0.223491 -0.0386336 0.96718 -0.114551
-0.224544 -0.0385089 0.966936 -0.114593
-0.223292 -0.0401498 0.96223 -0.150475
0 0 0 0
0.272011 0.704488 -0.649913 -0.0855634
0.361868 0.926613 -0.074123 0.0703183
0.263529 0.84881 0.31543 0.332532
0.316537 0.832923 0.270425 0.364573
-0.0889167 0.547774 0.802319 -0.219823
0.0222666 0.807839 0.18002 0.560797
-0.274231 -0.0553474 0.762093 -0.583908
0.255908 0.106026 -0.525784 0.804252
0.0459253 0.731751 -0.673315 0.0952769
0.665329 -0.325131 -0.309118 0.596718
0.232913 -0.508437 -0.0610879 0.826747
0 0 0 0
-0.242964 0.556163 0.71048 -0.356187
0.708264 -0.54789 0.171495 -0.410814
-0.0945117 0.857423 0.336084 0.378076
0 0 0 0
-0.224709 -0.0392338 0.964926 -0.129938
0 0 0 0
0 0 0 0
0 0 0 0
0 0 0 0
