6260004
0 0.127554 -0.513008 2.74753 2 515.948 375.889 275.172 272.439
1 0.184035 -0.193344 2.76057 2 529.782 316.637 282.551 229.494
2 0.238115 0.12288 2.76214 2 543.215 258.708 289.715 187.508
3 0.208859 0.243914 2.78023 2 535.616 236.817 285.662 171.642
4 0.0313916 0.0506116 2.73227 1 491.847 271.849 262.319 197.033
5 -0.117469 0.170065 2.68337 2 453.875 249.164 242.066 180.59
6 0.0497948 0.259663 2.63744 1 496.936 231.408 265.032 167.721
7 0.10539 0.28977 2.62589 1 511.557 225.369 272.83 163.344
8 0.228915 -0.0146428 2.63009 2 543.776 284.026 290.014 205.858
9 0.0434337 -0.0768068 2.56691 2 495.578 296.334 264.309 214.779
10 -0.0697015 0.136085 2.65532 2 465.923 255.303 248.492 185.04
11 -0.0661518 0.187371 2.66675 2 466.911 245.684 249.019 178.068
12 0.0542529 -0.499757 2.71815 2 497.707 374.419 265.444 271.374
13 0.0522517 -0.786652 2.85557 1 496.601 421.29 264.854 305.346
14 0.143597 -1.16592 2.91346 2 518.135 485.414 276.339 351.821
15 0.0804422 -1.20836 2.89985 2 503.197 493.884 268.372 357.961
16 0.198148 -0.513389 2.70927 2 534.372 377.33 284.999 273.484
17 0.141517 -0.783918 2.6671 2 520.651 430.781 277.68 312.224
18 0.202006 -1.07985 2.6579 2 536.668 488.555 286.223 354.098
19 0.161526 -1.16402 2.60247 2 527.016 509.545 281.075 369.311
20 0.225072 0.0443582 2.76391 2 539.92 273.095 287.957 197.935
21 0.123928 0.274745 2.6025 1 516.702 227.791 275.575 165.099
22 0.0741556 0.270915 2.60292 1 503.544 228.552 268.557 165.652
23 -0.10306 0.25827 2.65879 2 457.308 232.069 243.897 168.2
24 0.00320074 0.185076 2.6741 2 484.779 246.218 258.549 178.456
1
1
-0.0304213 0.0866217 0.995515 0.0228081
-0.121479 0.0841685 0.988544 0.0306465
-0.236913 0.0824858 0.967984 0.00870327
0 0 0 0
0.0647895 -0.693971 0.715351 -0.0497981
0.8905 -0.184979 0.100741 0.40329
0.189075 0.458629 0.832898 -0.245338
0.203589 0.465396 0.832332 -0.221768
-0.519794 0.804176 0.167842 -0.234402
-0.234263 0.804416 -0.542147 -0.0641362
0.807986 0.0288668 0.511558 0.290919
0.777437 0.106599 0.618474 0.041452
0.134343 -0.632515 0.751461 -0.131086
-0.143527 -0.64255 0.168743 0.733523
-0.125434 -0.126403 0.0585652 0.982272
0 0 0 0
-0.21442 0.696315 0.672051 -0.132347
0.0150784 0.719786 -0.126406 0.682424
-0.0511545 0.925394 0.087971 0.36509
0 0 0 0
-0.235835 0.0812969 0.968011 0.0269591
0 0 0 0
0 0 0 0
0 0 0 0
0 0 0 0
