8150726
0 -0.0784037 -0.0513535 2.65651 2 463.685 290.981 247.299 210.899
1 -0.125991 0.238737 2.54205 2 449.881 233.697 239.936 169.381
2 -0.172413 0.522325 2.41453 2 434.694 171.391 231.837 124.222
3 -0.113198 0.637475 2.41649 2 451.595 147.106 240.851 106.621
4 -0.226459 0.366656 2.35462 2 417.701 202.274 222.774 146.605
5 -0.237721 0.127245 2.35386 2 414.51 253.857 221.072 183.992
6 -0.144789 -0.0914166 2.41153 2 442.702 300.378 236.108 217.71
7 -0.109892 -0.155889 2.43542 2 452.949 313.578 241.573 227.277
8 -0.0557054 0.458897 2.64934 2 469.476 193.428 250.387 140.194
9 0.118151 0.378331 2.75438 2 513.474 211.659 273.853 153.408
10 0.342837 0.407376 2.73496 2 570.343 205.677 304.183 149.072
11 0.422578 0.428219 2.7298 2 590.727 201.595 315.054 146.114
12 -0.115785 -0.0504134 2.55385 2 452.813 291.189 241.5 211.05
13 -0.142598 -0.444645 2.74563 2 448.192 363.273 239.036 263.295
14 -0.169163 -0.802305 2.91605 2 443.862 421.139 236.727 305.236
15 -0.0699451 -0.832113 2.88539 2 467.198 427.92 249.172 310.151
16 -0.0391003 -0.0469958 2.68257 2 473.946 290.064 252.771 210.235
17 -0.146439 -0.479902 2.79165 2 447.824 368.345 238.839 266.972
18 -0.0216319 -0.627677 3.12248 1 479.181 383.17 255.563 277.716
19 -0.00152422 -0.744498 3.05018 2 483.612 405.19 257.926 293.676
20 -0.161174 0.452485 2.44871 2 438.595 187.5 233.917 135.898
21 -0.0779652 -0.207825 2.47718 2 462.325 323.642 246.573 234.571
22 -0.0695791 -0.179523 2.42043 2 464.202 318.717 247.574 231.001
23 0.474387 0.461049 2.7124 2 604.682 194.873 322.497 141.241
24 0.40628 0.470953 2.72325 2 586.883 193.416 313.004 140.185
1
0
0.461887 -0.155199 0.86397 -0.127006
0.467515 -0.156024 0.860937 -0.12599
0.471891 -0.173026 0.84959 -0.159928
0 0 0 0
-0.191377 0.77519 -0.404358 0.446037
0.00445277 0.966762 -0.0231289 0.254591
-0.00554831 0.814348 0.229753 0.532936
0.00469917 0.799325 0.286197 0.528345
0.401151 0.614007 0.59432 0.329935
-0.411584 0.168555 0.382431 0.809898
0.603871 -0.436801 -0.446326 -0.495316
0.630683 -0.399962 -0.47795 -0.462421
-0.429962 0.592272 -0.565186 0.380673
0.20778 0.939117 -0.0897025 -0.258534
0.210053 0.958243 -0.0742087 -0.179282
0 0 0 0
0.287854 0.66225 0.680549 0.124173
0.163774 0.852305 -0.0420316 0.494962
0.237094 0.598692 0.500984 0.578247
0 0 0 0
0.472575 -0.16495 0.854261 -0.140365
0 0 0 0
0 0 0 0
0 0 0 0
0 0 0 0
