8132961
0 1.22158 0.270095 3.29963 2 740.565 239.461 394.968 173.558
1 1.21302 0.568746 3.18819 2 747.857 190.161 398.857 137.826
2 1.20035 0.860075 3.06696 2 755.448 138.067 402.906 100.069
3 1.14096 0.966778 3.04368 2 743.958 119.096 396.778 86.3195
4 1.1342 0.800269 3.27346 2 724.291 156.428 386.289 113.377
5 1.12028 0.544387 3.38736 1 713.131 199.263 380.336 144.423
6 1.09874 0.323425 3.42269 1 706.206 233.071 376.643 168.926
7 1.11481 0.283573 3.42439 2 709.353 239.022 378.322 173.24
8 1.25498 0.721036 2.99157 2 774.949 158.186 413.306 114.651
9 1.28442 0.481821 3.02518 2 778.51 199.903 415.205 144.887
10 1.23881 0.271782 3.11347 2 759.887 236.665 405.273 171.532
11 1.22234 0.210886 3.14804 1 753.17 247.033 401.691 179.046
12 1.17934 0.277269 3.31971 2 730.112 238.625 389.393 172.952
13 1.18557 0.00956243 3.53721 2 716.009 279.833 381.872 202.819
14 1.26839 -0.383376 3.57555 2 729.79 335.887 389.221 243.447
15 1.16408 -0.445922 3.52899 2 712.45 345.618 379.973 250.499
16 1.23868 0.258885 3.21489 2 751.095 240.127 400.584 174.041
17 1.23594 -0.119858 3.30506 2 743.134 299.706 396.338 217.223
18 1.26075 -0.403334 3.4848 2 734.725 340.244 391.853 246.604
19 1.29914 -0.47135 3.49524 2 741.669 350.014 395.557 253.686
20 1.20433 0.788381 3.09919 2 753.545 151.349 401.89 109.696
21 1.12305 0.238531 3.43036 2 710.617 245.786 378.996 178.142
22 1.12689 0.286006 3.37008 2 715.529 237.963 381.615 172.472
23 1.19847 0.129452 3.17127 2 745.905 260.39 397.816 188.727
24 1.2634 0.205852 3.13573 2 763.372 247.71 407.132 179.537
1
1
-0.49311 0.0771807 0.851542 -0.160508
-0.516636 0.0816214 0.837477 -0.158296
-0.538374 0.0938019 0.81585 -0.189061
0 0 0 0
0.464459 0.601434 -0.562014 -0.326642
-0.114046 -0.628555 0.175396 0.749098
0.0893696 0.954495 -0.0236393 0.283537
-0.0398558 0.933339 0.18717 0.30374
-0.232087 0.6867 0.446974 -0.524208
0.0857873 0.937251 0.0337576 -0.336245
0.212178 0.726997 0.0549171 0.650723
0.265967 0.717711 0.0773021 0.638887
-0.2874 -0.650308 0.702291 0.0358909
0.152504 0.453262 0.297902 0.826166
-0.111043 -0.2076 0.0251816 0.971564
0 0 0 0
-0.398154 0.562676 0.526479 -0.497683
0.11347 0.95856 0.0270843 0.259913
0.128448 0.551555 0.249758 0.785436
0 0 0 0
-0.53997 0.0896191 0.819464 -0.169941
0 0 0 0
0 0 0 0
0 0 0 0
0 0 0 0
