8182491
0 1.20225 0.281046 3.34437 2 733.069 238.359 390.97 172.759
1 1.20788 0.582013 3.23047 2 743.284 189.262 396.418 137.175
2 1.20943 0.875445 3.10638 2 754.032 137.356 402.151 99.554
3 1.15884 0.989057 3.07721 2 745.141 117.177 397.409 84.9284
4 1.12933 0.815255 3.3031 2 721.107 155.236 384.59 112.513
5 1.13086 0.574973 3.43146 1 712.332 195.767 379.911 141.889
6 1.11028 0.345669 3.51604 1 702.554 231.131 374.695 167.521
7 1.1156 0.292868 3.50849 1 704.06 238.692 375.499 173.001
8 1.27316 0.735057 3.03031 2 775.389 157.399 413.541 114.081
9 1.32884 0.483221 3.06323 2 784.91 200.68 418.619 145.45
10 1.29392 0.249781 3.12388 2 771.259 240.4 411.338 174.238
11 1.27165 0.193019 3.14775 2 764.124 249.918 407.533 181.137
12 1.15557 0.290437 3.36046 2 722.163 237.155 385.154 171.887
13 1.16681 0.0445111 3.54361 2 711.888 274.813 379.673 199.18
14 1.27644 -0.336542 3.61989 2 728.284 328.613 388.418 238.174
15 1.19389 -0.341378 3.69871 2 707.438 328.233 377.3 237.899
16 1.2246 0.265588 3.25888 2 744.447 239.639 397.038 173.687
17 1.23176 -0.0633794 3.32375 2 740.779 290.935 395.082 210.866
18 1.28931 -0.379286 3.51111 2 738.5 336.312 393.867 243.754
19 1.18625 -0.444082 3.45643 2 721.77 346.721 384.944 251.299
20 1.20987 0.803261 3.13941 2 751.316 150.593 400.702 109.147
21 1.11227 0.283732 3.51274 2 703.125 240.071 375 174
22 1.10824 0.282704 3.5 2 703.125 240.071 375 174
23 1.25979 0.122497 3.17645 2 758.959 261.534 404.778 189.556
24 1.29809 0.171843 3.13114 2 771.503 253.2 411.468 183.516
1
1
-0.462478 0.0924324 0.868144 -0.154584
-0.484218 0.0963002 0.856208 -0.152204
-0.504873 0.107608 0.836514 -0.183758
0 0 0 0
0.439943 0.610424 -0.582454 -0.307539
-0.11779 -0.460379 0.212392 0.853854
0.0416224 -0.00569054 0.175547 0.983574
-0.048189 -0.0225245 -0.0718228 0.995998
-0.217527 0.705859 0.46353 -0.489474
0.0816703 0.97689 0.0951185 -0.173116
0.142256 0.743258 0.0286258 0.653078
0.258001 0.717036 -0.004251 0.647516
-0.25216 -0.637631 0.727902 -0.0010493
-0.0708436 -0.156358 0.306981 0.936107
-0.0923701 0.365449 0.140036 0.91559
0 0 0 0
-0.377706 0.591652 0.520754 -0.485902
0.089845 0.952053 0.0385639 0.289888
0.226244 0.918213 0.154749 0.285923
0 0 0 0
-0.505988 0.103676 0.840433 -0.164013
0 0 0 0
0 0 0 0
0 0 0 0
0 0 0 0
