8187627
0 -0.130422 -0.0192435 2.66654 2 450.359 284.859 240.191 206.462
1 -0.166947 0.261887 2.55434 2 439.006 229.324 234.137 166.211
2 -0.197205 0.534507 2.4338 2 428.044 169.696 228.29 122.994
3 -0.158497 0.644102 2.42537 2 438.802 146.182 234.028 105.951
4 -0.214093 0.381245 2.37573 2 421.874 199.86 224.999 144.856
5 -0.170197 0.139126 2.37992 2 434.802 251.644 231.894 182.388
6 -0.0416302 -0.0685966 2.48956 2 472.471 295.137 251.985 213.911
7 -0.0157799 -0.110261 2.51465 2 479.646 303.374 255.811 219.881
8 -0.0997298 0.348645 2.35319 1 454.785 206.169 242.552 149.428
9 -0.130127 0.104718 2.36322 1 446.122 258.807 237.932 187.579
10 -0.0205394 -0.0961267 2.48382 1 478.277 300.772 255.081 217.995
11 -0.00625688 -0.124852 2.52349 1 482.253 306.22 257.202 221.944
12 -0.180263 -0.0280201 2.60207 2 436.357 286.655 232.723 207.764
13 -0.128743 -0.447523 2.76702 2 451.918 363.162 241.023 263.215
14 -0.157385 -0.806038 2.91652 2 446.659 421.77 238.218 305.693
15 -0.0581851 -0.833432 2.88314 2 470.004 428.269 250.669 310.404
16 -0.075964 -0.00861521 2.65723 2 464.322 282.849 247.638 205.005
17 -0.0754786 -0.358037 2.7354 2 464.974 347.471 247.986 251.842
18 -0.0315265 -0.718802 3.11246 1 476.968 398.464 254.383 288.801
19 -0.00337173 -0.790852 3.02875 1 483.188 413.918 257.7 300.002
20 -0.189207 0.468496 2.46701 2 431.085 184.878 229.912 133.997
21 0.0290437 -0.155575 2.56987 2 491.721 311.815 262.251 226
22 -0.0512467 -0.119135 2.51291 2 469.947 305.176 250.639 221.187
23 0.011437 -0.155061 2.56112 2 487.025 311.818 259.746 226.002
24 -0.0456488 -0.127786 2.51167 2 471.471 306.929 251.451 222.458
1
1
0.237704 -0.104791 0.951069 -0.167281
0.155523 -0.090106 0.967909 -0.175628
0.0357385 -0.0637892 0.970981 -0.227703
0 0 0 0
-0.375956 0.912157 -0.140319 0.0832877
-0.0299887 0.903141 0.0848066 0.419815
-0.33403 -0.559966 0.0233361 0.757837
-0.346142 -0.562297 0.0441608 0.749705
-0.319048 0.903422 0.281725 -0.0516546
0.0511679 -0.341829 0.0403973 0.937498
-0.33139 -0.608802 0.0436394 0.71947
-0.416422 -0.604987 0.212327 0.644593
-0.259596 0.647978 -0.615687 0.365601
0.188698 0.841377 -0.0456376 -0.504376
0.185312 0.962481 -0.0736343 -0.18403
0 0 0 0
0.086844 0.611623 0.766103 -0.177374
0.0757795 0.690241 0.0795011 0.715195
0.209019 0.573952 0.334465 0.717652
0 0 0 0
0.035852 -0.057653 0.978269 -0.195911
0 0 0 0
0 0 0 0
0 0 0 0
0 0 0 0
