8186856
0 1.20172 0.261967 3.32407 2 734.484 241.023 391.725 174.69
1 1.208 0.560372 3.20628 2 745.266 192.013 397.475 139.168
2 1.20848 0.851272 3.07691 2 756.404 139.989 403.416 101.462
3 1.16492 0.961777 3.03912 2 749.792 119.707 399.889 86.7622
4 1.11938 0.795289 3.26373 2 721.849 156.84 384.986 113.675
5 1.11723 0.557906 3.3908 2 712.278 197.312 379.882 143.009
6 1.08692 0.304373 3.44028 1 702.649 236.147 374.746 171.156
7 1.09398 0.262443 3.45963 1 702.82 242.575 374.837 175.815
8 1.27364 0.714474 3.00745 2 777.712 159.952 414.78 115.931
9 1.33312 0.468824 3.02264 2 789.928 202.032 421.295 146.43
10 1.28296 0.185178 3.08031 2 772.849 250.527 412.186 181.579
11 1.25905 0.149138 3.11918 2 763.88 256.812 407.402 186.134
12 1.15011 0.271722 3.33737 2 722.674 239.71 385.426 173.738
13 1.16924 0.00221595 3.53563 2 712.885 280.891 380.205 203.586
14 1.27486 -0.34384 3.61681 2 728.191 329.683 388.369 238.95
15 1.19152 -0.333281 3.6953 2 707.194 327.159 377.17 237.12
16 1.22753 0.246971 3.24111 2 746.51 242.34 398.139 175.645
17 1.21837 -0.0744505 3.29664 2 740.072 292.727 394.705 212.165
18 1.28582 -0.386611 3.53153 2 736.33 337.048 392.709 244.288
19 1.24504 -0.477108 3.49576 2 730.831 350.825 389.776 254.273
20 1.20896 0.779705 3.11131 2 753.529 153.278 401.882 111.094
21 1.10723 0.172041 3.46678 2 705 255.938 376 185.5
22 1.07155 0.274152 3.45623 2 698.509 240.818 372.538 174.542
23 1.26897 0.0927041 3.12829 2 765.264 266.088 408.141 192.857
24 1.21736 0.16496 3.14704 2 752.14 254.47 401.142 184.436
1
1
-0.427368 0.0902618 0.884502 -0.163905
-0.456069 0.0955744 0.870051 -0.160865
-0.483975 0.10755 0.846401 -0.194437
0 0 0 0
0.431032 0.617964 -0.598428 -0.272426
-0.135581 -0.554046 0.202018 0.79614
0.0333731 -0.243669 0.107187 0.963339
-0.12216 -0.212648 0.190511 0.950559
-0.206017 0.70674 0.471526 -0.48553
0.0497837 0.978239 0.11153 -0.167721
0.0378758 -0.407025 0.125648 0.903941
0.0566137 -0.367889 0.432329 0.821306
-0.230895 -0.6394 0.732602 -0.033908
-0.125271 -0.294912 0.286713 0.902845
-0.0901454 0.382381 0.158906 0.905763
0 0 0 0
-0.361652 0.598108 0.533069 -0.476773
0.083938 0.913625 0.0211373 0.397237
0.23396 0.83376 0.227067 0.445588
0 0 0 0
-0.485421 0.102363 0.850414 -0.17517
0 0 0 0
0 0 0 0
0 0 0 0
0 0 0 0
