8100895
0 1.12699 0.248844 3.17547 2 729.861 241.257 389.259 174.859
1 1.12682 0.532422 3.06946 2 738.537 192.696 393.887 139.663
2 1.12114 0.808732 2.95295 2 747.349 141.402 398.586 102.486
3 1.05694 0.918488 2.9134 2 735.614 120.286 392.327 87.1819
4 1.06801 0.767269 3.15329 2 718.873 157.025 383.399 113.809
5 1.08406 0.576313 3.30459 1 711.296 192.276 379.358 139.359
6 1.0978 0.341299 3.38605 1 708.45 229.853 377.84 166.594
7 1.1179 0.210868 3.46213 1 707.467 250.187 377.316 181.332
8 1.16254 0.679724 2.84876 2 767.056 159.409 409.096 115.538
9 1.07982 0.464862 2.75686 2 755.652 195.142 403.015 141.436
10 0.841736 0.382171 2.7039 2 699.528 209.189 373.082 151.618
11 0.738062 0.365542 2.68212 2 674.309 211.838 359.632 153.537
12 1.09382 0.262441 3.20828 2 720.103 239.518 384.055 173.6
13 1.09525 -0.00548381 3.41128 2 706.15 282.029 376.613 204.411
14 1.13146 -0.378008 3.54746 1 704.785 335.499 375.886 243.165
15 1.13867 -0.490723 3.48438 2 710.34 353.002 378.848 255.851
16 1.13678 0.229809 3.07701 2 740.015 243.12 394.675 176.21
17 1.14541 -0.0752142 3.19211 2 732.553 293.223 390.695 212.524
18 1.19935 -0.426567 3.41206 2 727.561 344.966 388.033 250.026
19 1.13207 -0.500156 3.41056 2 713.939 355.979 380.767 258.009
20 1.12337 0.740804 2.98409 2 745.124 154.478 397.399 111.964
21 1.11922 0.182417 3.47476 1 706.901 254.472 377.014 184.438
22 1.11163 0.219226 3.42188 1 708.844 248.576 378.05 180.164
23 0.664899 0.345828 2.66144 2 656.626 215.125 350.201 155.919
24 0.718233 0.320935 2.66089 2 670.603 219.84 357.655 159.337
1
3
-0.5786 0.104383 0.795969 -0.144085
-0.581409 0.104892 0.793919 -0.143715
-0.581628 0.114703 0.784858 -0.180418
0 0 0 0
-0.479827 -0.550365 0.585909 0.351532
-0.252094 -0.652664 0.213065 0.681969
0.159882 0.974831 0.0522797 0.14632
0.247064 0.9539 0.104127 0.134875
-0.305557 0.640205 0.4558 -0.537605
-0.190686 0.966085 -0.173997 0.00658245
0.331004 0.552624 -0.479475 0.595942
-0.377708 -0.51448 0.52896 -0.559328
-0.39462 -0.579308 0.695815 0.156584
-0.0539548 -0.153965 0.313945 0.935319
-0.15461 -0.688264 0.0918352 0.702819
0 0 0 0
-0.422065 0.565599 0.476868 -0.523982
0.175176 0.971976 0.0408876 0.15134
0.251834 0.934276 0.127745 0.21769
0 0 0 0
-0.583519 0.108611 0.788752 -0.159933
0 0 0 0
0 0 0 0
0 0 0 0
0 0 0 0
