8123703
0 1.27 0.237109 3.23333 2 756.315 243.793 403.368 176.698
1 1.28534 0.49447 3.11211 2 770.479 200.102 410.922 145.031
2 1.3016 0.752814 2.97275 2 787.567 151.995 420.036 110.164
3 1.32392 0.825822 2.93519 2 796.51 137.748 424.805 99.8382
4 1.13861 0.732122 3.00674 2 746.672 156.907 398.225 113.724
5 1.07097 0.558332 3.15071 2 719.581 190.819 383.777 138.303
6 1.07859 0.323605 3.24209 1 714.367 230.342 380.996 166.949
7 1.09048 0.263098 3.2426 1 716.861 239.861 382.326 173.848
8 1.44334 0.617264 3.01853 2 815.41 176.904 434.885 128.217
9 1.50743 0.379322 3.12725 2 818.26 219.309 436.406 158.952
10 1.61463 0.17677 3.08382 2 846.826 251.978 451.641 182.63
11 1.66117 0.141932 3.03794 2 862.62 257.403 460.064 186.563
12 1.19325 0.267281 3.18573 2 743.601 238.415 396.587 172.8
13 1.23904 -0.0353122 3.44253 2 733.316 286.44 391.102 207.608
14 1.31744 -0.309287 3.61267 2 736.696 324.871 392.905 235.462
15 1.3185 -0.387695 3.58474 2 738.92 336.377 394.091 243.802
16 1.32381 0.212321 3.20498 2 770.445 247.399 410.904 179.312
17 1.37814 -0.0729506 3.28621 2 774.836 292.541 413.246 212.03
18 1.42941 -0.365037 3.50354 2 766.947 334.39 409.039 242.361
19 1.41326 -0.424078 3.41968 2 770.64 344.512 411.008 249.698
20 1.29817 0.688443 3.00985 2 783.121 164.467 417.665 119.203
21 1.10421 0.199154 3.28113 2 716.998 250.282 382.399 181.401
22 1.12246 0.234458 3.23 2 724.686 244.21 386.499 177
23 1.71319 0.0582794 3.00677 2 878.124 271.344 468.333 196.666
24 1.70277 0.182346 3.032 2 872.574 250.587 465.373 181.622
1
0
-0.0155241 0.0310573 0.975417 -0.217616
-0.0374253 0.0359365 0.974822 -0.216864
-0.0604765 0.0400038 0.96388 -0.256278
0 0 0 0
-0.185096 -0.5871 0.773128 -0.152728
0.254871 0.875299 -0.257309 -0.320443
0.159801 0.886481 0.0935119 0.424111
-0.0364999 0.905263 0.0898168 0.413641
0.147325 0.827533 0.508418 -0.18707
0.00925935 0.524513 0.241239 0.816458
-0.223162 0.757471 0.126513 0.600359
-0.50904 0.684854 0.0752961 0.51593
0.0388436 -0.510848 0.810508 -0.283905
-0.275431 -0.629129 0.213134 0.694916
-0.262958 -0.590181 0.134611 0.751279
0 0 0 0
-0.0352683 0.757157 0.556824 -0.33973
0.0368798 0.718436 0.160086 0.675916
0.194651 0.732585 0.254729 0.600452
0 0 0 0
-0.0587567 0.0445819 0.968553 -0.237626
0 0 0 0
0 0 0 0
0 0 0 0
0 0 0 0
