8118655
0 1.13908 0.230263 3.13781 2 735.525 243.79 392.28 176.696
1 1.13467 0.508904 3.03005 2 743.662 195.5 396.62 141.696
2 1.12639 0.780128 2.91268 2 752.236 144.484 401.193 104.72
3 1.06993 0.889105 2.85197 2 744.174 122.092 396.893 88.4903
4 1.05755 0.753828 3.1067 2 720.063 157.369 384.034 114.059
5 1.07223 0.558371 3.23173 1 713.899 193.097 380.746 139.954
6 1.04396 0.374385 3.18123 1 711.244 221.232 379.33 160.346
7 1.01687 0.309077 3.13076 1 708.856 230.909 378.056 167.36
8 1.16945 0.649702 2.81559 2 772.088 163.42 411.78 118.444
9 1.06424 0.454404 2.75049 2 752.336 196.889 401.246 142.702
10 0.808543 0.418471 2.72105 2 689.678 202.862 367.828 147.032
11 0.703535 0.413824 2.71919 2 662.89 203.763 353.542 147.684
12 1.10073 0.246878 3.1688 2 724.591 241.496 386.449 175.033
13 1.13239 -0.0247953 3.4208 2 713.116 284.903 380.329 206.494
14 1.23643 -0.401962 3.61175 2 721.131 337.949 384.603 244.941
15 1.19248 -0.405961 3.66735 2 709.133 337.619 378.204 244.702
16 1.15433 0.208442 3.04254 2 746.963 246.264 398.38 178.489
17 1.18237 -0.0520522 3.16901 2 742.533 289.587 396.018 209.889
18 1.25718 -0.416319 3.4219 2 738.648 343.274 393.946 248.8
19 1.15495 -0.474299 3.38086 2 720.685 352.748 384.366 255.667
20 1.12922 0.713433 2.9439 2 750.069 157.494 400.037 114.15
21 1.0101 0.266082 3.13698 2 706.875 238.001 377 172.5
22 1.00994 0.329914 3.10398 2 709.269 227.051 378.277 164.563
23 0.634922 0.406851 2.70213 2 646.345 204.641 344.717 148.321
24 0.651238 0.365676 2.70533 2 650.304 212.478 346.829 154.001
1
0
-0.548802 0.0961826 0.815541 -0.156393
-0.557283 0.0978096 0.809769 -0.155381
-0.563036 0.109122 0.797174 -0.188671
0 0 0 0
-0.479193 -0.548731 0.617337 0.296922
-0.19599 -0.581191 0.203057 0.763265
-0.138507 0.984511 -0.0621078 -0.0877242
-0.325941 0.930877 -0.133623 -0.0968305
-0.288533 0.647991 0.450121 -0.542446
-0.146431 0.960406 -0.23702 0.000674668
0.403874 0.537715 -0.517448 0.529147
0.453893 0.5365 -0.521423 0.484011
-0.379619 -0.572516 0.718019 0.112084
-0.118935 -0.189327 0.347284 0.910716
-0.0222281 0.387519 0.257565 0.88487
0 0 0 0
-0.389797 0.578095 0.487608 -0.525455
0.210184 0.956551 0.0901233 0.180863
0.263575 0.919985 0.159775 0.242133
0 0 0 0
-0.564815 0.103852 0.801023 -0.169001
0 0 0 0
0 0 0 0
0 0 0 0
0 0 0 0
