8151670
0 1.04222 0.198871 3.13973 2 713.795 248.939 380.691 180.427
1 1.0443 0.513748 3.02536 2 723.241 194.589 385.728 141.035
2 1.04374 0.798383 2.90204 2 733.473 140.766 391.186 102.025
3 0.992408 0.897992 2.89418 2 721.844 122.816 384.983 89.015
4 1.0129 0.741008 3.17127 1 705.415 161.994 376.221 117.411
5 1.03861 0.536907 3.25256 1 705.184 197.057 376.098 142.824
6 1.0316 0.318481 3.29969 1 700.355 232.05 373.523 168.187
7 1.03044 0.246292 3.3191 1 698.796 243.425 372.691 176.431
8 1.0582 0.629523 2.81375 2 744.851 167.002 397.254 121.041
9 0.827531 0.487762 2.7652 2 691.223 191.315 368.652 138.662
10 0.600857 0.471927 2.77339 2 633.666 194.686 337.955 141.106
11 0.54144 0.47974 2.78249 2 618.349 193.587 329.786 140.31
12 1.02106 0.229649 3.17307 2 706.71 244.345 376.912 177.098
13 1.10134 -0.173712 3.25379 2 718.35 308.415 383.12 223.535
14 1.15353 -0.314098 3.61736 2 704.704 325.441 375.842 235.875
15 1.07136 -0.319973 3.69571 2 684.458 325.275 365.044 235.755
16 1.04066 0.169086 3.03592 2 721.361 252.827 384.726 183.245
17 1.1033 -0.0781769 3.20374 2 722.452 293.646 385.308 212.831
18 1.16813 -0.405161 3.42321 2 720.378 341.552 384.201 247.552
19 1.09997 -0.490413 3.42074 2 706.691 354.284 376.902 256.78
20 1.0452 0.729493 2.93546 2 730.956 154.356 389.843 111.875
21 1.02834 0.221501 3.33022 1 697.619 247.345 372.063 179.272
22 1.02441 0.210817 3.30987 1 698.113 248.78 372.327 180.313
23 0.467488 0.496931 2.75882 2 600.938 189.709 320.5 137.498
24 0.495004 0.50443 2.753 2 608.125 188.101 324.333 136.333
1
3
-0.648333 0.116472 0.741359 -0.128392
-0.643102 0.115566 0.745901 -0.129209
-0.632053 0.137798 0.741812 -0.176734
0 0 0 0
-0.474396 -0.518527 0.546911 0.454936
-0.129579 -0.393983 0.1478 0.897854
0.10569 0.994052 -0.0178324 -0.0193178
0.130802 0.991137 -0.0105089 -0.0206792
-0.289357 0.677263 0.316215 -0.597993
-0.170746 0.861091 -0.46169 -0.127317
-0.376254 0.595006 -0.568868 -0.425193
0.386525 -0.508019 0.644244 0.421266
-0.489436 -0.399078 0.75354 0.182666
-0.137049 -0.68157 0.00401722 0.718794
0.0141791 0.137389 0.566822 0.81218
0 0 0 0
0.430599 -0.56304 -0.420363 0.566449
0.281885 0.949538 0.125039 0.0573015
0.257227 0.922525 0.155531 0.242057
0 0 0 0
-0.635046 0.128503 0.747161 -0.148171
0 0 0 0
0 0 0 0
0 0 0 0
0 0 0 0
