8136934
0 1.22949 0.248614 3.29944 2 742.247 242.778 395.865 175.962
1 1.2351 0.541057 3.17633 2 753.676 194.266 401.961 140.801
2 1.23261 0.825604 3.04882 2 764.387 142.994 407.673 103.64
3 1.19101 0.923114 3.00277 2 759.014 124.336 404.807 90.1172
4 1.14828 0.795803 3.23895 2 729.884 155.794 389.272 112.918
5 1.13782 0.550682 3.3804 1 717.231 198.133 382.523 143.604
6 1.13307 0.342934 3.45632 1 710.973 230.652 379.185 167.173
7 1.12028 0.284771 3.4593 2 708.162 239.273 377.686 173.422
8 1.29714 0.69505 2.97626 2 786.23 162.026 419.323 117.435
9 1.33497 0.472044 2.97912 2 794.816 200.327 423.902 145.194
10 1.31192 0.269263 3.0647 2 780.921 236.361 416.491 171.311
11 1.30497 0.189892 3.1034 2 775.635 249.979 413.672 181.181
12 1.18024 0.261593 3.31574 2 730.592 240.985 389.649 174.663
13 1.20523 -0.0163807 3.51013 2 721.735 283.589 384.925 205.541
14 1.30935 -0.308011 3.618 2 734.757 324.625 391.87 235.284
15 1.22706 -0.321884 3.69695 2 713.804 325.578 380.696 235.975
16 1.2516 0.230597 3.21756 2 753.665 244.645 401.954 177.316
17 1.2832 -0.0600616 3.30366 2 753.234 290.485 401.725 210.54
18 1.37191 -0.363303 3.50863 2 755.108 334.048 402.725 242.114
19 1.34652 -0.452402 3.50742 2 750.183 347.03 400.098 251.523
20 1.23416 0.755416 3.0833 2 761.64 156.14 406.208 113.168
21 1.1232 0.252298 3.47347 2 707.811 244.21 377.499 177
22 1.1157 0.285472 3.42794 2 709.299 238.783 378.293 173.067
23 1.31117 0.110575 3.11771 2 775.665 263.108 413.688 190.697
24 1.26553 0.190042 3.1033 2 766.784 249.958 408.951 181.166
1
1
-0.451922 0.0992367 0.869788 -0.171429
-0.477085 0.104192 0.856244 -0.168463
-0.50243 0.108023 0.834419 -0.199098
0 0 0 0
-0.460158 -0.565239 0.631683 0.264076
0.178602 0.715117 -0.187956 -0.649139
0.17429 0.97731 0.0104194 0.119915
0.0385485 0.985868 -0.103926 0.125606
-0.215613 0.68972 0.484693 -0.492819
0.044791 0.881211 0.0712615 -0.46517
-0.068881 -0.557946 0.192622 0.804269
-0.0939716 -0.551868 0.207684 0.802171
-0.266974 -0.615141 0.741671 -0.0158372
-0.125907 -0.283306 0.274776 0.910156
-0.0943783 0.337619 0.215426 0.911426
0 0 0 0
-0.36443 0.599616 0.51311 -0.494338
0.12167 0.946219 0.0915008 0.285472
0.214543 0.873421 0.226667 0.373804
0 0 0 0
-0.504131 0.102924 0.83935 -0.175356
0 0 0 0
0 0 0 0
0 0 0 0
0 0 0 0
