8189197
0 -0.107999 -0.0357409 2.66741 2 456.146 287.983 243.278 208.726
1 -0.155748 0.247477 2.5644 2 442.193 232.379 235.836 168.425
2 -0.199563 0.52246 2.44972 2 427.755 172.939 228.136 125.344
3 -0.152046 0.634572 2.41827 2 440.518 147.807 234.943 107.128
4 -0.292775 0.38328 2.40581 2 400.076 200.406 213.374 145.252
5 -0.321155 0.152834 2.43363 2 393.142 249.409 209.676 180.768
6 -0.28133 -0.0603288 2.48794 2 406.197 293.481 216.639 212.711
7 -0.243199 -0.135168 2.5074 2 417.265 308.486 222.541 223.587
8 -0.0701675 0.43923 2.58203 2 465.242 195.006 248.129 141.338
9 0.0280446 0.236214 2.76007 2 490.94 237.929 261.835 172.448
10 0.219096 0.115395 2.74002 2 538.916 259.911 287.422 188.38
11 0.266709 0.0715869 2.71762 2 551.425 267.885 294.093 194.16
12 -0.15906 -0.0441184 2.59534 2 441.85 289.805 235.653 210.047
13 -0.159145 -0.452091 2.75426 2 444.162 364.396 236.886 264.109
14 -0.157772 -0.808055 2.91193 2 446.507 422.348 238.137 306.112
15 -0.0651115 -0.834338 2.87755 2 468.313 428.72 249.767 310.73
16 -0.0534039 -0.0260988 2.66569 2 470.197 286.159 250.772 207.404
17 -0.0332275 -0.344629 2.9216 2 476.135 340.904 253.939 247.082
18 -0.0622688 -0.710921 3.10169 2 470.105 397.577 250.723 288.159
19 -0.0119749 -0.780837 3.03484 1 481.232 411.958 256.657 298.582
20 -0.188961 0.455075 2.48057 2 431.453 188.167 230.108 136.381
21 -0.215757 -0.2035 2.53079 2 425.329 321.901 226.842 233.309
22 -0.270611 -0.149865 2.49712 2 409.421 311.585 218.358 225.833
23 0.295874 0.0424533 2.71042 2 559.015 273.286 298.141 198.074
24 0.242153 0.024931 2.75459 2 544.376 276.633 290.334 200.5
1
0
0.279765 -0.125368 0.941184 -0.142085
0.296095 -0.12782 0.936175 -0.139882
0.314168 -0.136902 0.922679 -0.176691
0 0 0 0
-0.109154 0.792669 -0.493345 0.341132
0.0709208 0.975156 -0.0473566 0.204447
0.152307 0.774696 -0.00567318 -0.613691
0.237405 0.734836 0.0981271 -0.627715
0.297752 0.719468 0.600739 0.181169
-0.0612917 0.311008 0.378104 0.869801
-0.412817 -0.375304 -0.251763 0.790787
-0.291156 -0.331569 -0.308731 0.8426
-0.294654 0.648776 -0.604952 0.355391
0.163877 0.872408 -0.085121 -0.452551
0.202652 0.956118 -0.0421058 -0.207361
0 0 0 0
0.121296 0.631092 0.756443 -0.121673
0.130773 0.437682 0.305921 0.835311
0.143065 0.479456 0.178775 0.847168
0 0 0 0
0.313965 -0.131632 0.927383 -0.155113
0 0 0 0
0 0 0 0
0 0 0 0
0 0 0 0
