8114353
0 -0.154494 -0.038764 2.67932 2 444.343 288.525 236.983 209.119
1 -0.194369 0.261897 2.56943 2 431.924 229.62 230.359 166.426
2 -0.23077 0.552946 2.44728 2 418.864 166.443 223.394 120.635
3 -0.227156 0.674453 2.46159 2 420.16 141.827 224.085 102.794
4 -0.378867 0.374514 2.55472 1 381.71 206.837 203.579 149.913
5 -0.146013 0.214506 2.41767 2 442.433 236.323 235.964 171.284
6 0.00296054 0.00781212 2.48677 2 484.774 279.623 258.546 202.667
7 0.0371235 -0.0481803 2.54413 2 493.978 290.782 263.455 210.755
8 -0.136243 0.358547 2.3706 2 444.389 204.588 237.008 148.283
9 -0.0544118 0.139123 2.40385 2 468.406 251.952 249.816 182.611
10 0.0273568 -0.0313806 2.53062 1 491.381 287.478 262.07 208.36
11 0.0494694 -0.0750485 2.57123 1 497.171 295.963 265.158 214.51
12 -0.196541 -0.0409104 2.63389 2 432.681 289.065 230.763 209.51
13 -0.117611 -0.461078 2.78318 2 454.856 365.16 242.59 264.663
14 -0.174779 -0.825287 2.91346 2 442.483 425.315 235.991 308.263
15 -0.073625 -0.83399 2.87316 2 466.24 428.887 248.661 310.852
16 -0.107812 -0.0336184 2.65212 2 456.034 287.618 243.218 208.461
17 -0.138707 -0.468822 2.7795 1 449.586 366.696 239.779 265.776
18 -0.0352798 -0.605314 3.12192 1 476.169 379.533 253.957 275.08
19 -0.012291 -0.71582 3.13477 2 481.252 397.136 256.668 287.839
20 -0.222428 0.481512 2.48016 2 422.113 182.697 225.127 132.416
21 0.0675746 -0.0934558 2.58398 2 501.92 299.492 267.691 217.068
22 0.0636831 -0.0484728 2.53 2 501.245 290.894 267.331 210.836
23 0.0590884 -0.124582 2.61856 2 499.458 305.261 266.378 221.249
24 0.0839467 -0.0688503 2.56015 2 506.48 294.804 270.122 213.67
1
1
0.0964529 -0.0795856 0.978115 -0.166296
-0.0791732 -0.0487174 0.979665 -0.177806
-0.277057 0.00867808 0.935364 -0.219676
0 0 0 0
0.165326 0.869075 -0.45825 -0.0859204
-0.490639 0.537983 0.0670477 0.682167
-0.0575454 0.773962 0.324355 0.5408
0.147477 0.706259 0.396161 0.567895
-0.185481 0.826004 0.367193 -0.385335
-0.18011 -0.642141 -0.0610854 0.742619
0.0928262 0.695072 0.341918 0.62558
0.127985 0.676272 0.374616 0.62124
0.224905 -0.633102 0.657337 -0.341331
0.18593 0.756149 -0.0387295 -0.626233
0.153205 0.966379 -0.103932 -0.178429
0 0 0 0
-0.0582018 0.606121 0.737576 -0.291909
0.136483 0.818582 0.0511159 0.555592
0.294088 0.612373 0.485034 0.550685
0 0 0 0
-0.280582 -0.00282096 0.938753 -0.20002
0 0 0 0
0 0 0 0
0 0 0 0
0 0 0 0
