8120221
0 -0.0618458 -0.00922795 2.69641 2 468.204 282.94 249.709 205.071
1 -0.090444 0.276817 2.60393 2 460.074 227.422 245.373 164.832
2 -0.118978 0.552618 2.49609 2 451.074 168.824 240.573 122.361
3 -0.0636485 0.666686 2.4667 2 466.129 143.799 248.602 104.224
4 -0.222063 0.413348 2.44503 2 421.372 195.489 224.732 141.688
5 -0.282442 0.182993 2.46416 2 405.098 243.615 216.052 176.569
6 -0.236325 -0.0334771 2.49083 2 418.738 288.009 223.327 208.745
7 -0.195465 -0.104207 2.50365 2 430.298 302.261 229.492 219.075
8 0.0237393 0.479944 2.67447 2 490.071 190.251 261.371 137.891
9 0.112975 0.338142 2.81535 2 511.558 220.42 272.831 159.757
10 0.3161 0.245619 2.79162 2 561.874 236.659 299.666 171.528
11 0.352752 0.213055 2.77839 2 571.334 242.377 304.711 175.672
12 -0.111494 -0.015053 2.61519 2 454.672 284.12 242.492 205.926
13 -0.143744 -0.430907 2.75838 2 448.077 360.358 238.974 261.182
14 -0.148486 -0.793959 2.90899 2 448.682 420.003 239.297 304.412
15 -0.0657067 -0.843669 2.88167 2 468.191 430.171 249.702 311.782
16 -0.010222 -0.00370063 2.70213 2 481.359 281.903 256.725 204.319
17 -0.0024048 -0.320341 2.93194 2 483.393 336.49 257.809 243.883
18 -0.0569316 -0.702897 3.10068 2 471.29 396.291 251.354 287.226
19 -0.00860596 -0.782966 3.05495 2 482.011 411.447 257.073 298.211
20 -0.111609 0.484939 2.52552 2 453.499 183.831 241.866 133.238
21 -0.163293 -0.174094 2.52424 2 439.49 316.095 234.395 229.102
22 -0.17144 -0.0767491 2.51614 2 437.137 296.634 233.14 214.996
23 0.389915 0.164283 2.76442 2 581.039 251.112 309.888 182.002
24 0.367528 0.230646 2.74035 2 576.283 238.575 307.351 172.916
1
0
0.335224 -0.0978517 0.928032 -0.129639
0.344574 -0.0991553 0.924601 -0.128645
0.351967 -0.120432 0.912339 -0.171035
0 0 0 0
-0.104707 0.77909 -0.506977 0.353595
0.0465522 0.989841 -0.125396 0.0482094
-0.0767324 0.345246 0.0927275 0.930762
-0.208359 0.357335 0.169934 0.894439
0.347343 0.681143 0.605761 0.220116
-0.102575 0.28354 0.406923 0.862263
-0.281744 0.763731 0.463165 0.350449
-0.284511 0.837812 0.313736 0.344521
-0.316605 0.624081 -0.607636 0.375583
0.135122 0.899388 -0.101236 -0.403231
0.188103 0.951822 -0.0530359 -0.236304
0 0 0 0
0.150925 0.665698 0.728101 -0.0627425
0.120925 0.40185 0.284257 0.862027
0.14915 0.427061 0.155312 0.878209
0 0 0 0
0.35349 -0.109207 0.916969 -0.149285
0 0 0 0
0 0 0 0
0 0 0 0
0 0 0 0
