8100648
0 -0.0941067 -0.0198428 2.66724 2 459.723 284.971 245.185 206.543
1 -0.120732 0.259094 2.55871 2 451.512 229.976 240.806 166.684
2 -0.148916 0.530027 2.43489 2 441.766 170.71 235.608 123.729
3 -0.0869053 0.643782 2.42618 2 459.211 146.321 244.913 106.052
4 -0.219376 0.378169 2.37711 2 420.379 200.563 224.202 145.366
5 -0.240879 0.14548 2.382 2 414.413 250.304 221.02 181.417
6 -0.126558 -0.0868912 2.44151 2 448.343 299.203 239.117 216.858
7 -0.0905968 -0.13411 2.44578 2 458.506 308.933 244.537 223.911
8 -0.0306534 0.460558 2.65247 2 475.998 193.216 253.865 140.04
9 0.123744 0.344332 2.74356 2 514.985 217.677 274.659 157.769
10 0.341616 0.319327 2.7328 2 570.042 221.998 304.022 160.901
11 0.406137 0.330029 2.73355 2 586.336 219.992 312.713 159.448
12 -0.129853 -0.0392187 2.5846 2 449.444 288.881 239.703 209.377
13 -0.128104 -0.445511 2.75253 2 451.909 363.223 241.018 263.259
14 -0.145308 -0.800745 2.90636 2 449.403 421.327 239.682 305.372
15 -0.0582621 -0.854666 2.85248 2 469.831 433.69 250.576 314.333
16 -0.0546932 0.000779196 2.67322 2 469.905 281.063 250.616 203.711
17 -0.0361921 -0.353472 2.71418 1 474.784 347.133 253.218 251.597
18 -0.154762 -0.649762 3.04722 1 448.928 389.428 239.429 282.252
19 -0.0561506 -0.746869 3.04315 2 471.219 405.881 251.317 294.177
20 -0.142025 0.463685 2.4685 2 444.305 185.95 236.962 134.774
21 -0.052868 -0.181649 2.47489 2 469.278 318.324 250.281 230.717
22 -0.0577943 -0.128922 2.42284 2 467.569 308.11 249.37 223.314
23 0.482544 0.330915 2.77749 2 603.746 220.762 321.998 160.005
24 0.420271 0.302622 2.74864 2 589.307 225.39 314.297 163.359
1
2
0.424573 -0.120208 0.885369 -0.146321
0.434644 -0.121869 0.880468 -0.144941
0.441417 -0.147479 0.865614 -0.184695
0 0 0 0
-0.157864 0.773305 -0.429504 0.438868
0.019081 0.980477 -0.0432023 0.190876
-0.0335388 0.791161 0.248247 0.557955
-0.146567 0.785827 0.285949 0.52842
0.397161 0.648858 0.578787 0.293686
-0.345017 0.200548 0.330084 0.855446
-0.649972 -0.124759 -0.14351 0.735783
0.748865 0.130237 0.144946 -0.633427
-0.330842 0.638532 -0.534179 0.444379
0.184917 0.928212 -0.0610144 -0.317026
0.184137 0.924922 -0.087862 -0.32077
0 0 0 0
0.214166 0.517133 0.82696 -0.0533279
0.0093181 0.540706 0.0623659 0.838845
0.232137 0.214586 0.353467 0.880413
0 0 0 0
0.443316 -0.136396 0.871154 -0.161111
0 0 0 0
0 0 0 0
0 0 0 0
0 0 0 0
