8127171
0 -0.092766 -0.0669484 2.65154 2 459.925 293.973 245.293 213.067
1 -0.144798 0.229007 2.53873 2 444.743 235.574 237.196 170.741
2 -0.195214 0.516743 2.41253 2 428.13 172.471 228.336 125.004
3 -0.135255 0.63491 2.40631 2 445.123 147.073 237.399 106.596
4 -0.248179 0.363028 2.35685 2 411.407 203.12 219.417 147.219
5 -0.255193 0.120007 2.36029 2 409.6 255.48 218.454 185.169
6 -0.165931 -0.0994613 2.42838 2 437 301.922 233.067 218.829
7 -0.134148 -0.153042 2.4552 2 446.407 312.733 238.084 226.665
8 -0.0834863 0.395781 2.53223 1 461.26 202.034 246.005 146.432
9 0.0158087 0.286202 2.77781 2 487.869 229.089 260.197 166.04
10 0.20914 0.21516 2.85224 2 534.368 243.048 284.996 176.158
11 0.244958 0.2094 2.85683 2 542.917 244.123 289.556 176.937
12 -0.141292 -0.0615389 2.56562 2 446.122 293.337 237.932 212.606
13 -0.149896 -0.4503 2.75219 2 446.449 364.124 238.106 263.912
14 -0.167354 -0.809894 2.91588 2 444.286 422.482 236.952 306.209
15 -0.0719635 -0.836092 2.88005 2 466.681 428.905 248.897 310.865
16 -0.0423843 -0.0691675 2.66385 2 473.029 294.334 252.282 213.329
17 -0.158675 -0.49223 2.78602 2 444.718 370.78 237.183 268.737
18 -0.0223226 -0.623711 3.1194 1 479.024 382.622 255.48 277.319
19 0.0186428 -0.741838 3.07275 2 488.144 403.829 260.344 292.69
20 -0.182857 0.446124 2.44649 2 432.444 188.731 230.637 136.79
21 -0.100186 -0.208565 2.49176 2 456.32 323.546 243.371 234.502
22 -0.12212 -0.115961 2.45945 2 449.84 305.049 239.915 221.095
23 0.278581 0.178109 2.8628 2 550.873 249.729 293.799 181
24 0.239306 0.180244 2.859 2 541.503 249.316 288.801 180.701
1
0
0.340472 -0.139791 0.919298 -0.139383
0.345185 -0.140504 0.917539 -0.138663
0.349956 -0.154015 0.906984 -0.176608
0 0 0 0
-0.211101 0.805378 -0.394522 0.388787
0.0109957 0.955607 -0.0117083 0.294206
-0.122282 0.351405 0.199779 0.906449
-0.155431 0.34185 0.284331 0.88212
0.238731 0.792677 0.513746 0.225244
-0.0852264 0.189742 0.549193 0.809396
-0.567181 -0.451163 -0.126938 0.677233
-0.603034 -0.368752 -0.239997 0.665412
0.33616 -0.576788 0.643713 -0.374092
0.199677 0.89546 -0.0971665 -0.385797
0.20255 0.955912 -0.0659215 -0.202139
0 0 0 0
0.190869 0.721489 0.664977 -0.0287858
0.182728 0.856316 -0.0464907 0.480803
0.210017 0.566511 0.533333 0.592042
0 0 0 0
0.350241 -0.146938 0.911949 -0.15521
0 0 0 0
0 0 0 0
0 0 0 0
0 0 0 0
