8156002
0 -0.122745 -0.0577062 2.66696 2 452.341 292.148 241.248 211.745
1 -0.162858 0.263027 2.57994 2 440.544 229.617 234.957 166.423
2 -0.199161 0.57194 2.47609 2 428.434 163.882 228.498 118.78
3 -0.192193 0.684038 2.49465 2 430.703 141.74 229.708 102.731
4 -0.328753 0.439381 2.51982 2 393.978 192.72 210.122 139.681
5 -0.433262 0.267066 2.68776 2 372.886 230.831 198.873 167.303
6 -0.178102 0.147553 2.55242 2 435.997 251.973 232.532 182.626
7 -0.170853 0.0549571 2.49072 2 436.823 270.054 232.972 195.732
8 -0.0941809 0.391135 2.3819 2 456.729 198.003 243.589 143.51
9 0.00280371 0.164945 2.39535 2 484.761 246.395 258.539 178.584
10 0.0754612 -0.0257174 2.48599 2 504.805 286.439 269.229 207.607
11 0.0908343 -0.0747854 2.52319 2 508.685 296.192 271.299 214.676
12 -0.173068 -0.0600928 2.65444 2 439.159 292.657 234.218 212.114
13 -0.0885978 -0.459748 2.7797 2 462.009 365.017 246.405 264.559
14 -0.156918 -0.818301 2.9178 2 446.781 423.864 238.283 307.211
15 -0.0621019 -0.835845 2.87782 2 469.037 428.975 250.153 310.915
16 -0.0677192 -0.0532605 2.60731 2 466.117 291.535 248.596 211.301
17 0.00279183 -0.328925 2.76268 1 484.652 341.462 258.481 247.487
18 -0.0551684 -0.740919 3.08492 2 471.614 403.191 251.527 292.227
19 0.0289352 -0.781824 3.05024 1 490.508 411.458 261.604 298.219
20 -0.190375 0.496259 2.50465 2 431.546 180.678 230.158 130.953
21 -0.155128 0.0494363 2.48004 2 440.98 271.133 235.19 196.513
22 -0.199203 0.0485855 2.47625 2 428.672 271.289 228.625 196.626
23 0.107595 -0.134511 2.56758 2 512.749 307.697 273.466 223.015
24 0.11484 -0.0688801 2.50256 2 515.481 295.124 274.923 213.902
1
0
-0.198469 -0.0329738 0.969375 -0.140838
-0.21189 -0.031018 0.96653 -0.141282
-0.221774 -0.0131974 0.957009 -0.186481
0 0 0 0
0.0758545 0.82982 -0.552386 0.0226782
0.287306 0.882416 -0.298373 -0.223095
-0.329435 -0.36056 -0.44755 0.749111
0.11569 -0.479901 -0.267236 0.827585
-0.22641 0.812142 0.411419 -0.346263
0.154399 0.731414 0.131554 -0.651066
0.0349086 0.694195 0.267944 0.667144
0.128109 0.663574 0.311481 0.668011
-0.00644846 0.703388 -0.690631 0.168028
-0.165595 -0.53771 0.0698474 0.823752
0.159118 0.959681 -0.123697 -0.195942
0 0 0 0
-0.197438 0.585986 0.698833 -0.359542
0.145639 0.80275 0.231598 0.529853
0.139201 0.241111 0.298623 0.91286
0 0 0 0
-0.224308 -0.0198863 0.960488 -0.163561
0 0 0 0
0 0 0 0
0 0 0 0
0 0 0 0
