8163643
0 1.14972 0.221431 3.21786 2 731.517 246.126 390.143 178.389
1 1.15828 0.521048 3.10817 2 742.395 195.662 395.944 141.813
2 1.16164 0.812541 2.98721 2 753.723 142.359 401.985 103.18
3 1.11266 0.917964 2.94998 2 745.572 122.387 397.638 88.7047
4 1.09484 0.768544 3.20335 2 721.011 158.761 384.539 115.068
5 1.09737 0.530799 3.33613 1 711.879 200.086 379.669 145.02
6 1.06666 0.329042 3.42223 1 699.692 232.24 373.169 168.325
7 1.07282 0.244609 3.44418 1 699.511 245.046 373.073 177.606
8 1.19565 0.684802 2.8957 2 770.393 160.491 410.876 116.322
9 1.03661 0.48838 2.82187 2 738.706 192.894 393.976 139.807
10 0.799839 0.416614 2.77069 2 683.763 204.628 364.674 148.312
11 0.692812 0.405563 2.74394 2 658.53 206.012 351.216 149.315
12 1.1135 0.227594 3.23975 2 722.019 245.405 385.077 177.866
13 1.12549 0.0121085 3.43152 2 710.986 279.413 379.192 202.515
14 1.21878 -0.330593 3.61606 1 717.4 327.806 382.613 237.589
15 1.22363 -0.424805 3.50781 2 725.687 342.964 387.033 248.575
16 1.16077 0.209802 3.12639 2 741.292 246.985 395.356 179.011
17 1.19353 -0.0649206 3.24125 2 739.127 291.424 394.201 211.22
18 1.25045 -0.392843 3.46157 2 734.339 339.093 391.647 245.77
19 1.18234 -0.46102 3.4996 2 718.039 348.375 382.954 252.497
20 1.16167 0.740881 3.01955 2 750.858 155.953 400.458 113.033
21 1.06572 0.180684 3.36514 2 703.125 253.868 375 184
22 1.06617 0.245214 3.43156 2 698.958 244.824 372.777 177.445
23 0.629637 0.406621 2.73743 2 642.888 205.684 342.874 149.077
24 0.648395 0.365643 2.74269 2 647.296 213.431 345.224 154.692
1
0
-0.539954 0.107105 0.823288 -0.138471
-0.559303 0.110355 0.810268 -0.135895
-0.576723 0.123941 0.789385 -0.170001
0 0 0 0
-0.461519 -0.55404 0.597516 0.350734
-0.0807294 -0.292497 0.238684 0.922474
0.0738898 0.0146016 0.197764 0.977352
-0.0325427 0.0233605 0.127356 0.991048
-0.316571 0.647105 0.446866 -0.530423
-0.143302 0.934142 -0.326291 0.0194334
0.469896 0.351837 -0.370363 0.719889
0.516107 0.321388 -0.428714 0.668242
-0.30404 -0.648662 0.692541 0.0847538
-0.0970249 -0.198011 0.342637 0.913224
-0.251258 -0.653964 0.0935922 0.707418
0 0 0 0
-0.440729 0.563332 0.493104 -0.495241
0.181552 0.961055 0.0921855 0.186854
0.287707 0.954176 0.0802457 0.0182787
0 0 0 0
-0.578233 0.11806 0.793304 -0.149591
0 0 0 0
0 0 0 0
0 0 0 0
0 0 0 0
