8139372
0 1.19944 0.258235 3.3005 2 735.806 241.311 392.43 174.899
1 1.20266 0.550978 3.17497 2 746.681 192.642 398.23 139.624
2 1.19887 0.837579 3.04052 2 757.472 140.598 403.985 101.904
3 1.15474 0.942161 3.00264 2 750.675 121.077 400.36 87.7549
4 1.1067 0.787332 3.22853 2 721.72 156.742 384.917 113.604
5 1.10474 0.598308 3.35599 2 712.099 190.291 379.786 137.92
6 1.08128 0.3375 3.44669 1 701.114 231.334 373.927 167.668
7 1.09346 0.2726 3.44505 2 703.653 240.908 375.281 174.607
8 1.2632 0.701045 2.96665 2 779.306 160.597 415.63 116.398
9 1.30406 0.476341 2.98337 2 787.201 199.702 419.84 144.742
10 1.15278 0.244859 3.02109 2 748.5 239.863 399.2 173.849
11 1.09898 0.216803 3.01639 2 736.443 244.558 392.77 177.252
12 1.14511 0.270138 3.32157 2 722.768 239.755 385.476 173.771
13 1.18285 -0.00386678 3.49967 2 717.98 281.774 382.923 204.226
14 1.31684 -0.34023 3.60196 2 737.349 329.386 393.253 238.734
15 1.23271 -0.338682 3.68074 2 715.908 328.105 381.817 237.806
16 1.22815 0.241199 3.21352 2 748.915 242.92 399.421 176.065
17 1.25037 -0.117968 3.28365 2 747.91 299.536 398.885 217.099
18 1.31118 -0.350961 3.5037 1 743.389 332.31 396.474 240.853
19 1.34512 -0.430738 3.50497 2 750.083 343.92 400.044 249.268
20 1.20095 0.76693 3.07599 2 754.818 153.929 402.569 111.566
21 1.10117 0.227533 3.45647 2 704.46 247.684 375.712 179.518
22 1.0723 0.274636 3.44914 2 699.106 240.663 372.856 174.429
23 1.05485 0.167445 3.01105 2 726.635 252.864 387.538 183.272
24 1.07527 0.189998 3.05117 2 728.099 249.467 388.32 180.81
1
3
-0.435949 0.0941385 0.877189 -0.17784
-0.461945 0.0994063 0.863781 -0.17495
-0.488363 0.103975 0.841549 -0.206123
0 0 0 0
0.435388 0.614873 -0.605776 -0.255743
-0.171233 -0.572038 0.236939 0.766362
0.0182059 -0.144041 0.170595 0.974586
-0.0895132 -0.153676 -0.0265919 0.983699
-0.215752 0.694617 0.470637 -0.49946
0.0417028 0.993696 0.0874012 -0.0564838
0.290584 0.137575 0.0291634 0.946458
0.506109 0.117127 -0.115642 0.846618
-0.280916 -0.632408 0.721905 -0.000768682
-0.144244 -0.29536 0.250485 0.910611
-0.116539 0.368136 0.198521 0.900824
0 0 0 0
-0.34831 0.600045 0.535962 -0.481011
0.0679272 0.860935 0.0745428 0.498619
0.131841 0.542367 0.354233 0.750317
0 0 0 0
-0.488884 0.103523 0.845878 -0.186457
0 0 0 0
0 0 0 0
0 0 0 0
0 0 0 0
