8140193
0 -0.106788 -0.0228029 2.66217 2 456.404 285.54 243.415 206.956
1 -0.143084 0.2634 2.56098 2 445.535 229.165 237.619 166.095
2 -0.174659 0.542473 2.44919 2 434.75 168.751 231.867 122.308
3 -0.111833 0.656046 2.44952 2 452.412 145.043 241.287 105.125
4 -0.240108 0.388132 2.38784 2 414.668 198.792 221.156 144.082
5 -0.277617 0.150346 2.38215 2 403.785 249.262 215.352 180.662
6 -0.191271 -0.0944639 2.42088 2 429.654 300.945 229.149 218.121
7 -0.18276 -0.148849 2.4302 2 432.261 312.192 230.539 226.273
8 -0.0523196 0.496774 2.69357 2 470.575 187.712 250.973 136.051
9 0.127684 0.46815 2.80714 2 515.282 196.696 274.817 142.563
10 0.3683 0.478783 2.84944 2 573.081 195.955 305.643 142.026
11 0.466256 0.479857 2.84584 2 597.015 195.59 318.408 141.761
12 -0.135503 -0.0267947 2.57661 2 447.83 286.468 238.842 207.628
13 -0.15617 -0.438896 2.75852 2 444.972 361.831 237.318 262.25
14 -0.160923 -0.802644 2.9128 2 445.773 421.354 237.746 305.391
15 -0.0673838 -0.835666 2.88082 2 467.785 428.788 249.485 310.78
16 -0.0742485 -0.0149683 2.67414 2 464.887 284.04 247.94 205.868
17 -0.171367 -0.454044 2.771 1 441.363 364.253 235.394 264.006
18 -0.0590706 -0.756875 3.18283 1 471.148 401.975 251.279 291.346
19 -0.00933397 -0.766749 3.04022 2 481.837 409.349 256.98 296.691
20 -0.167328 0.47415 2.47915 2 437.431 184.199 233.297 133.505
21 -0.154761 -0.205491 2.45575 2 440.63 323.543 235.003 234.5
22 -0.151653 -0.149864 2.40938 2 440.696 312.668 235.038 226.618
23 0.531438 0.480828 2.82062 2 614.057 194.593 327.497 141.039
24 0.514614 0.433805 2.81356 2 610.19 202.908 325.435 147.065
1
0
0.46611 -0.132812 0.866494 -0.119542
0.46688 -0.132918 0.866079 -0.119424
0.467538 -0.141689 0.858557 -0.155603
0 0 0 0
-0.167546 0.775723 -0.418783 0.441364
0.00174662 0.982072 -0.0790036 0.17114
-0.0388326 0.791416 0.179232 0.583121
0.0203318 0.790552 0.111894 0.601743
0.400407 0.589182 0.621262 0.326456
-0.429537 0.220357 0.498852 0.719783
0.489124 0.582275 0.531507 -0.373115
0.423661 0.548957 0.570954 -0.439511
-0.415779 0.595664 -0.552299 0.408996
0.192129 0.941643 -0.0784134 -0.265039
0.193518 0.958231 -0.0476974 -0.205105
0 0 0 0
0.240312 0.62384 0.743277 0.0247572
0.146227 0.848282 -0.0369413 0.507613
0.110561 0.433302 0.445495 0.775603
0 0 0 0
0.468126 -0.135175 0.862727 -0.135234
0 0 0 0
0 0 0 0
0 0 0 0
0 0 0 0
