8158657
0 1.20491 0.275217 3.3556 2 732.781 239.389 390.816 173.506
1 1.21345 0.573716 3.2398 2 743.727 190.835 396.654 138.315
2 1.21837 0.864395 3.11326 2 755.43 139.485 402.896 101.097
3 1.17629 0.980282 3.08208 2 748.648 118.893 399.279 86.1722
4 1.12435 0.801555 3.29557 2 720.593 157.074 384.316 113.845
5 1.11372 0.559876 3.41026 2 710.247 197.502 378.798 143.147
6 1.07993 0.341784 3.4525 2 700.473 230.787 373.585 167.271
7 1.08316 0.270172 3.4527 2 701.077 241.36 373.908 174.934
8 1.28414 0.725015 3.03894 2 777.066 159.437 414.435 115.558
9 1.34135 0.481875 3.074 2 786.679 201.186 419.562 145.817
10 1.30802 0.235589 3.12063 2 774.703 242.677 413.175 175.889
11 1.29522 0.179251 3.13676 2 770.349 252.045 410.853 182.679
12 1.15356 0.283499 3.36452 2 721.453 238.262 384.775 172.689
13 1.17583 0.00669897 3.54672 2 713.461 280.249 380.513 203.12
14 1.29915 -0.359693 3.60879 2 733.45 332.041 391.173 240.658
15 1.21677 -0.347334 3.68851 2 712.398 329.196 379.946 238.596
16 1.23152 0.26071 3.2774 2 744.434 240.634 397.031 174.408
17 1.23204 -0.0607034 3.31046 2 741.878 290.562 395.668 210.595
18 1.31974 -0.385941 3.48472 2 746.542 337.716 398.156 244.772
19 1.21961 -0.453173 3.42403 2 730.848 348.716 389.785 252.745
20 1.2178 0.792834 3.14689 2 752.431 152.595 401.296 110.598
21 1.08573 0.227859 3.45819 2 701.229 247.657 373.989 179.499
22 1.04963 0.269127 3.4463 2 694.688 241.451 370.5 175.001
23 1.28477 0.104869 3.14933 2 766.874 264.218 409 191.501
24 1.27019 0.203182 3.15535 2 763.124 248.351 407 180.001
1
1
-0.404587 0.0880768 0.895708 -0.162045
-0.440464 0.0945553 0.878621 -0.158352
-0.475936 0.109465 0.85205 -0.188448
0 0 0 0
0.412165 0.633747 -0.595752 -0.271228
-0.102545 -0.531271 0.19525 0.817994
0.0242562 -0.452457 0.118825 0.883502
-0.0206581 -0.459735 -0.0091413 0.887769
-0.212924 0.711614 0.467672 -0.479116
0.0779264 0.988555 0.109301 -0.0688527
0.0443407 -0.218251 0.105118 0.969201
0.0752283 -0.219084 0.157201 0.960016
-0.199746 -0.646404 0.733871 -0.0608038
-0.11464 -0.270922 0.264862 0.918317
-0.114291 0.39481 0.138034 0.901115
0 0 0 0
-0.353382 0.604481 0.537245 -0.470203
0.047487 0.931478 0.0192414 0.360172
0.189905 0.916987 0.18749 0.296511
0 0 0 0
-0.477033 0.105092 0.855976 -0.169414
0 0 0 0
0 0 0 0
0 0 0 0
0 0 0 0
