8108653
0 1.21694 0.261293 3.25842 2 742.839 240.308 396.181 174.172
1 1.22397 0.556167 3.14662 2 753.777 190.992 402.014 138.428
2 1.22673 0.843562 3.02405 2 765.314 138.842 408.167 100.631
3 1.1783 0.957927 2.97571 2 758.506 116.969 404.536 84.7772
4 1.13761 0.795523 3.2064 2 730.076 154.564 389.374 112.026
5 1.13134 0.573503 3.32149 1 720.058 193.14 384.031 139.985
6 1.11399 0.336686 3.40514 1 710.499 230.828 378.933 167.301
7 1.11125 0.284507 3.42032 1 708.897 238.833 378.078 173.103
8 1.29235 0.698578 2.94044 2 788.758 159.973 420.671 115.946
9 1.35167 0.45613 2.98382 2 798.201 203.178 425.707 147.261
10 1.35453 0.217344 3.04205 2 792.865 244.737 422.862 177.382
11 1.34298 0.169097 3.05825 2 788.6 252.985 420.587 183.36
12 1.16616 0.277747 3.28011 2 730.303 238.036 389.495 172.526
13 1.19919 -0.0390316 3.45359 2 724.441 286.971 386.369 207.992
14 1.31413 -0.357755 3.59963 2 736.996 331.901 393.064 240.557
15 1.2337 -0.348569 3.67215 2 716.647 329.589 382.212 238.881
16 1.24443 0.239568 3.17246 2 755.951 242.68 403.174 175.891
17 1.26782 -0.0969358 3.27842 2 752.051 296.294 401.094 214.75
18 1.34838 -0.397433 3.46037 2 754.182 339.82 402.23 246.297
19 1.28781 -0.465269 3.46205 2 741.87 349.778 395.664 253.514
20 1.22689 0.772861 3.05667 2 762.402 152.141 406.614 110.27
21 1.11822 0.250997 3.44905 2 708.402 244.139 377.814 176.949
22 1.11229 0.261494 3.3758 2 712.097 241.744 379.785 175.212
23 1.32068 0.103333 3.07899 2 781.499 264.08 416.8 191.401
24 1.33506 0.133585 3.02376 2 790.259 258.658 421.472 187.472
1
1
-0.456842 0.0937154 0.871036 -0.154301
-0.476424 0.0971811 0.860482 -0.152142
-0.494942 0.107741 0.842045 -0.18543
0 0 0 0
-0.424418 -0.599113 0.619937 0.276786
-0.1298 -0.575225 0.198452 0.782869
0.17007 0.984047 -0.0273147 0.0445141
0.141899 0.988702 -0.019132 0.0443425
-0.220044 0.707316 0.456419 -0.492916
0.102917 0.97856 0.10442 -0.144657
0.11733 0.983172 0.0224163 0.138214
0.174371 0.968024 -0.085794 0.15863
-0.284783 -0.597176 0.749459 0.0243122
-0.116447 -0.279707 0.222973 0.926546
-0.0729136 0.361275 0.250505 0.895216
0 0 0 0
-0.344109 0.614894 0.514357 -0.488806
0.135494 0.945589 0.0759565 0.28589
0.237364 0.940893 0.163629 0.177776
0 0 0 0
-0.495905 0.104313 0.846074 -0.165396
0 0 0 0
0 0 0 0
0 0 0 0
0 0 0 0
