8148278
0 1.24319 0.242794 3.28025 2 746.686 243.454 398.232 176.452
1 1.24274 0.543966 3.12823 2 759.541 192.447 405.089 139.483
2 1.23662 0.83928 2.96469 2 773.203 136.757 412.375 99.1199
3 1.24121 0.917518 2.90818 2 779.713 120.334 415.847 87.2166
4 1.09974 0.744835 3.06616 2 732.766 157.21 390.809 113.944
5 1.05162 0.512466 3.24717 2 708.33 200.753 377.776 145.503
6 1.04739 0.271393 3.3384 1 701.1 239.808 373.92 173.81
7 1.05894 0.244661 3.35027 1 702.718 244.018 374.783 176.861
8 1.39617 0.698259 3.03187 2 803.209 163.72 428.378 118.662
9 1.51928 0.499179 3.17119 2 816.176 200.889 435.294 145.602
10 1.62956 0.262705 3.19447 2 837.596 239.259 446.718 173.412
11 1.65067 0.203256 3.13064 2 849.325 248.105 452.973 179.823
12 1.1571 0.244348 3.25848 2 729.995 242.978 389.331 176.107
13 1.21875 -0.0294748 3.4533 2 728.423 285.561 388.492 206.971
14 1.30569 -0.311888 3.63175 2 733.098 325.003 390.985 235.557
15 1.28143 -0.397359 3.5256 2 735.891 338.697 392.475 245.483
16 1.30344 0.236075 3.23496 2 763.389 243.969 407.141 176.826
17 1.34482 -0.0665605 3.29321 2 767.159 291.525 409.152 211.293
18 1.38588 -0.368515 3.50655 2 758.049 334.842 404.293 242.689
19 1.3606 -0.453396 3.40084 2 761.461 349.257 406.112 253.137
20 1.23911 0.766597 3.00756 2 769.74 151.109 410.528 109.522
21 1.09197 0.194974 3.37656 2 707.813 251.799 377.5 182.5
22 1.05552 0.256142 3.30075 2 705.314 241.683 376.167 175.169
23 1.6948 0.143612 3.06156 2 867.191 257.315 462.502 186.498
24 1.66347 0.191174 3.1254 2 852.719 250.025 454.783 181.215
1
0
-0.0814761 0.0187252 0.969394 -0.230838
-0.0831872 0.0191327 0.969249 -0.230805
-0.0875028 0.00862919 0.960631 -0.263545
0 0 0 0
0.28722 0.754615 -0.588446 0.0423376
0.232022 0.80918 -0.238496 -0.484266
0.176321 0.952877 0.0365695 0.244127
0.147672 0.936602 0.230503 0.21872
0.195572 0.816826 0.514044 -0.174086
0.0425666 0.692743 0.36436 0.620916
-0.179331 0.391832 0.128427 0.893204
-0.288832 0.405014 -0.292181 0.816804
-0.0737795 -0.658101 0.709439 -0.241156
-0.261544 -0.591382 0.17571 0.742285
-0.269002 -0.57589 0.136281 0.759879
0 0 0 0
-0.089397 0.643309 0.669036 -0.36132
0.0292908 0.761563 0.111903 0.637685
0.199505 0.744382 0.23309 0.593096
0 0 0 0
-0.086171 0.0144793 0.965459 -0.245469
0 0 0 0
0 0 0 0
0 0 0 0
0 0 0 0
