8111233
0 -0.14262 -0.0725781 2.61183 2 446.441 295.259 238.102 214
1 -0.198097 0.202667 2.48511 2 429.142 239.945 228.876 173.909
2 -0.250186 0.468111 2.34666 2 410.409 179.949 218.885 130.425
3 -0.210709 0.589212 2.31692 2 421.125 151.923 224.6 110.112
4 -0.284428 0.325571 2.29674 2 398.63 209.341 212.603 151.728
5 -0.2548 0.096579 2.29989 2 407.767 259.96 217.476 188.416
6 -0.17303 -0.0927132 2.37653 2 433.921 300.939 231.425 218.117
7 -0.130633 -0.16067 2.44227 2 447.196 314.48 238.505 227.931
8 -0.119072 0.360651 2.36665 1 449.319 204.012 239.637 147.865
9 -0.189106 0.0828414 2.3106 1 427.705 263.078 228.109 190.675
10 -0.0946031 -0.0514004 2.45005 1 457.434 291.815 243.965 211.503
11 -0.0827345 -0.096658 2.50881 1 461.303 300.686 246.028 217.933
12 -0.208153 -0.0921314 2.55106 2 427.876 299.476 228.201 217.056
13 -0.157475 -0.483071 2.73609 2 444.304 370.718 236.962 268.691
14 -0.175748 -0.82698 2.91543 2 442.28 425.516 235.883 308.408
15 -0.0729299 -0.834754 2.87173 2 466.398 429.098 248.746 311.004
16 -0.0729366 -0.0511826 2.59746 2 464.67 291.17 247.824 211.036
17 -0.0955188 -0.371297 2.68289 1 459.458 351.286 245.044 254.608
18 -0.0769912 -0.716479 3.07579 2 466.684 399.491 248.898 289.546
19 -0.0247422 -0.793196 3.02 2 478.298 414.705 255.092 300.573
20 -0.23754 0.403151 2.38335 2 415.269 195.428 221.477 141.643
21 -0.1016 -0.236526 2.46494 2 455.619 329.755 242.997 239.002
22 -0.104616 -0.104687 2.46813 2 454.837 302.653 242.579 219.359
23 -0.0306913 -0.170879 2.55911 2 475.716 314.97 253.715 228.286
24 -0.0478027 -0.025827 2.52505 2 470.955 286.38 251.176 207.564
1
1
0.179201 -0.129891 0.956368 -0.190724
0.172172 -0.128487 0.957658 -0.191673
0.166162 -0.128739 0.949537 -0.2328
0 0 0 0
-0.290977 0.846615 -0.32548 0.304366
-0.0223069 0.894955 0.0606791 0.441448
-0.125063 0.307508 0.232614 0.91416
-0.113485 0.265124 0.399023 0.870408
-0.0153576 0.811674 0.576535 -0.0925001
0.152046 -0.441144 -0.0327298 0.883857
-0.146552 0.223904 0.408556 0.872623
-0.00940823 0.158658 0.445706 0.880957
-0.177749 0.697936 -0.601284 0.346046
0.214306 0.808265 -0.0721599 -0.543667
0.228918 0.95338 -0.0689013 -0.184163
0 0 0 0
0.10267 0.564149 0.795892 -0.194293
0.116543 0.705929 0.0666476 0.695442
0.195992 0.470034 0.363025 0.7803
0 0 0 0
0.16521 -0.127056 0.954912 -0.211435
0 0 0 0
0 0 0 0
0 0 0 0
0 0 0 0
