8171184
0 1.22557 0.230393 3.30181 2 741.225 245.623 395.32 178.024
1 1.24236 0.498225 3.16939 2 755.851 200.975 403.121 145.664
2 1.25346 0.761645 3.02161 2 771.702 152.552 411.574 110.567
3 1.26457 0.861367 2.97373 2 778.775 133.44 415.346 96.7157
4 1.08942 0.745166 3.09259 2 728.31 158.222 388.432 114.677
5 1.04539 0.508469 3.26165 2 705.99 201.743 376.528 146.22
6 1.04934 0.297033 3.32985 2 702.085 235.776 374.445 170.887
7 1.07509 0.253302 3.33194 1 707.326 242.485 377.24 175.75
8 1.38345 0.658695 3.05148 2 798.355 171.059 425.789 123.981
9 1.46957 0.470663 3.12385 2 810.235 204.316 432.125 148.085
10 1.55362 0.230306 3.10985 2 830.38 243.423 442.87 176.429
11 1.60154 0.169046 3.0757 2 844.869 253.179 450.597 183.5
12 1.13927 0.237679 3.28668 2 724.073 244.349 386.172 177.101
13 1.21911 -0.0152142 3.44603 2 729.015 283.461 388.808 205.449
14 1.30104 -0.269996 3.61764 2 733.164 319.266 391.021 231.4
15 1.23131 -0.306256 3.69728 2 714.581 323.42 381.11 234.411
16 1.28629 0.218286 3.24858 2 758.523 246.924 404.546 178.967
17 1.35043 -0.0772946 3.29926 2 767.823 293.167 409.505 212.483
18 1.4093 -0.365696 3.50252 2 763.027 334.498 406.948 242.439
19 1.36456 -0.455058 3.47479 2 756.319 348.047 403.37 252.26
20 1.25145 0.69687 3.06132 2 767.554 165.004 409.362 119.593
21 1.11668 0.163235 3.38269 2 712.5 256.627 380 186
22 1.0391 0.25432 3.34525 2 698.911 242.497 372.752 175.759
23 1.64228 0.109451 3.01975 2 860.626 262.738 459.001 190.429
24 1.66375 0.194983 3.06868 2 859.454 248.829 458.376 180.348
1
0
-0.131013 0.0591524 0.96454 -0.221357
-0.122228 0.0571351 0.965693 -0.221886
-0.116628 0.0465219 0.955268 -0.267764
0 0 0 0
-0.260488 -0.593692 0.756696 -0.0841907
0.223716 0.825084 -0.218311 -0.470667
-0.0426137 -0.215192 0.149662 0.964094
-0.260725 -0.221703 -0.0396268 0.938776
0.128608 0.765742 0.587287 -0.228458
-0.00101828 0.735547 0.266317 0.622933
-0.147819 0.61704 0.0829726 0.768458
-0.370573 0.627326 0.0459672 0.683392
-0.106253 -0.643116 0.728112 -0.212048
-0.263964 -0.536724 0.147065 0.787796
-0.0508826 0.265244 0.310991 0.911231
0 0 0 0
-0.137455 0.662214 0.63794 -0.368254
0.00370347 0.794137 0.134435 0.592672
0.232255 0.857141 0.207207 0.410405
0 0 0 0
-0.115278 0.0498826 0.962063 -0.242191
0 0 0 0
0 0 0 0
0 0 0 0
0 0 0 0
