8113665
0 1.19879 0.237484 3.20878 2 742.917 243.461 396.222 176.457
1 1.20866 0.526505 3.09322 2 754.999 194.33 402.666 140.847
2 1.21234 0.807059 2.96895 2 767.183 142.471 409.164 103.261
3 1.16454 0.917566 2.89629 2 762.73 119.581 406.789 86.6704
4 1.09923 0.768766 3.12906 2 727.642 155.803 388.076 112.924
5 1.08115 0.554471 3.25685 2 714.018 194.39 380.81 140.891
6 1.06268 0.31197 3.32696 1 705.085 233.442 376.045 169.195
7 1.06803 0.243207 3.34585 2 704.908 244.187 375.951 176.984
8 1.28563 0.674037 2.89506 2 791.914 162.402 422.354 117.707
9 1.33795 0.450506 2.94113 2 799.52 203.023 426.411 147.149
10 1.3212 0.217505 3.00491 2 788.983 244.26 420.791 177.036
11 1.30174 0.165013 3.03 2 781.98 253.411 417.056 183.669
12 1.13966 0.249176 3.22507 2 728.791 241.82 388.689 175.268
13 1.20355 -0.0373272 3.44476 2 725.95 286.733 387.173 207.82
14 1.31669 -0.35127 3.60863 2 736.853 330.857 392.988 239.801
15 1.28249 -0.436499 3.55861 2 733.762 343.774 391.34 249.163
16 1.23307 0.22093 3.12788 2 757.314 245.17 403.901 177.696
17 1.2907 -0.0832633 3.23417 2 760.683 294.347 405.698 213.339
18 1.35661 -0.383812 3.45287 2 756.43 337.936 403.429 244.931
19 1.26755 -0.450343 3.3874 2 743.415 349.043 396.488 252.981
20 1.21251 0.738162 3.00208 2 764.145 155.693 407.544 112.844
21 1.0732 0.200899 3.3605 2 704.993 250.763 375.996 181.75
22 1.08115 0.231207 3.29808 2 710.915 245.496 379.155 177.932
23 1.29529 0.085545 3.04302 2 779.22 266.862 415.584 193.418
24 1.32068 0.133959 3.01567 2 787.769 258.535 420.143 187.382
1
1
-0.390033 0.089876 0.901058 -0.167006
-0.415017 0.0944998 0.889827 -0.164434
-0.440401 0.0993935 0.869858 -0.198781
0 0 0 0
-0.393027 -0.611975 0.65881 0.192316
0.161756 0.683929 -0.21334 -0.678648
0.144468 0.939042 0.00911023 0.311842
0.115195 0.941935 0.0771578 0.305836
-0.200524 0.70993 0.487914 -0.466615
0.112295 0.981514 0.100312 -0.118146
0.129128 0.813614 0.04715 0.564921
0.268583 0.777179 -0.00742077 0.569035
-0.237141 -0.636849 0.733075 -0.0280689
-0.197914 -0.331399 0.264813 0.883673
-0.247122 -0.447422 0.129242 0.84973
0 0 0 0
-0.323813 0.618391 0.550063 -0.458443
0.124303 0.922026 0.141094 0.338391
0.251897 0.883949 0.196127 0.341638
0 0 0 0
-0.440791 0.0984859 0.87457 -0.176439
0 0 0 0
0 0 0 0
0 0 0 0
0 0 0 0
