8116221
0 1.20031 0.254509 3.20951 2 743.195 240.763 396.371 174.502
1 1.18471 0.547434 3.12425 2 746.965 191.782 398.381 139.001
2 1.17193 0.82479 2.99602 2 755.305 140.685 402.829 101.966
3 1.1088 0.932409 2.94662 2 744.951 119.71 397.307 86.7643
4 1.09806 0.781107 3.19052 2 722.678 156.252 385.428 113.25
5 1.09638 0.608825 3.30294 2 714.037 187.195 380.82 135.676
6 1.08615 0.422666 3.22995 1 716.938 214.497 382.367 155.464
7 1.08619 0.317562 3.23479 1 716.53 231.176 382.149 167.553
8 1.2359 0.690549 2.90779 2 778.771 159.998 415.344 115.964
9 1.23937 0.490634 2.88845 2 781.632 194.497 416.87 140.969
10 1.02609 0.347456 2.84795 2 733.692 218.983 391.302 158.716
11 0.925669 0.30286 2.82813 2 710.625 226.639 379 164.265
12 1.15594 0.261598 3.22994 2 731.946 239.914 390.371 173.886
13 1.16385 0.00786251 3.46334 2 716.622 280.054 382.198 202.979
14 1.29184 -0.377184 3.6011 2 732.576 334.626 390.707 242.533
15 1.21488 -0.361291 3.67692 2 712.773 331.283 380.146 240.11
16 1.22061 0.242306 3.12462 2 754.824 241.644 402.573 175.14
17 1.2238 -0.105988 3.24244 2 745.564 297.883 397.634 215.901
18 1.30897 -0.405399 3.47019 2 745.49 340.814 397.595 247.017
19 1.26311 -0.476467 3.48353 2 735.326 350.985 392.174 254.389
20 1.17632 0.757081 3.03019 2 753.272 153.665 401.745 111.374
21 1.08234 0.281707 3.2531 2 714.364 237.082 380.994 171.834
22 1.08201 0.304173 3.20443 2 717.836 232.83 382.846 168.752
23 0.869125 0.274135 2.82014 2 697.249 231.706 371.866 167.937
24 0.911112 0.266007 2.81182 2 708.311 233.011 377.766 168.883
1
3
-0.486647 0.0468628 0.861759 -0.135464
-0.509876 0.0505251 0.848222 -0.134141
-0.522406 0.0992279 0.820182 -0.211062
0 0 0 0
-0.460283 -0.59015 0.595712 0.29153
-0.19291 -0.65905 0.209915 0.69597
-0.180863 0.974613 -0.0489477 0.122562
0.022833 0.993212 0.00279578 0.114021
-0.234905 0.671032 0.474625 -0.51891
-0.0486392 0.996907 0.0056787 0.0614609
0.270212 0.617112 -0.389485 0.628061
0.313939 0.579839 -0.449154 0.602901
-0.262761 -0.652442 0.70906 0.0500975
-0.0888074 -0.196913 0.352454 0.910557
-0.072764 0.396986 0.213113 0.88977
0 0 0 0
-0.377938 0.565997 0.536587 -0.498884
0.155086 0.949726 0.0482762 0.267655
0.281344 0.921017 0.180864 0.199654
0 0 0 0
-0.524086 0.0963874 0.825362 -0.186603
0 0 0 0
0 0 0 0
0 0 0 0
0 0 0 0
