8101285
0 1.08339 0.216343 3.14995 2 722.184 246.205 385.165 178.446
1 1.09781 0.509417 3.0399 2 734.362 195.708 391.66 141.847
2 1.1054 0.793085 2.92032 2 746.554 142.574 398.162 103.335
3 1.04118 0.904039 2.88461 2 734.341 121.234 391.649 87.8684
4 1.06613 0.757236 3.12997 2 720.208 157.734 384.111 114.324
5 1.08216 0.570014 3.28596 1 712.187 192.749 379.833 139.702
6 1.09594 0.334791 3.36813 1 709.268 230.563 378.276 167.109
7 1.11615 0.203235 3.44485 1 708.24 251.16 377.728 182.037
8 1.13468 0.64993 2.81249 2 763.844 163.242 407.384 118.316
9 1.02499 0.455934 2.73071 2 744.276 196.003 396.947 142.06
10 0.781385 0.38955 2.67955 2 685.795 207.167 365.757 150.152
11 0.676307 0.386259 2.65723 2 659.936 207.253 351.966 150.214
12 1.05631 0.235529 3.18603 2 713.528 243.544 380.548 176.517
13 1.07564 -0.0200563 3.40987 2 702.225 284.206 374.52 205.988
14 1.21176 -0.4121 3.64219 2 714.404 338.881 381.015 245.616
15 1.12471 -0.455535 3.59682 2 700.464 345.738 373.581 250.586
16 1.08775 0.192368 3.04855 2 731.174 249.039 389.96 180.5
17 1.13756 -0.104395 3.19405 2 730.687 297.872 389.7 215.894
18 1.20097 -0.418346 3.40475 2 728.416 343.872 388.489 249.234
19 1.13349 -0.497993 3.39982 2 714.963 355.893 381.314 257.947
20 1.10453 0.723477 2.95214 2 743.52 156.104 396.544 113.142
21 1.11745 0.174801 3.45748 1 707.667 255.46 377.422 185.154
22 1.10985 0.211633 3.4046 1 709.628 249.545 378.468 180.867
23 0.605373 0.368288 2.64028 2 642.357 210.3 342.591 152.423
24 0.606988 0.331303 2.64433 2 642.499 217.534 342.666 157.666
1
0
-0.61404 0.129699 0.768469 -0.124849
-0.614676 0.129803 0.767961 -0.124742
-0.613756 0.138152 0.760266 -0.161905
0 0 0 0
-0.494995 -0.505585 0.588392 0.391354
-0.260432 -0.650623 0.221057 0.678232
0.161032 0.974618 0.0525273 0.146389
0.24705 0.953902 0.103917 0.135047
-0.318751 0.653286 0.411758 -0.549609
-0.178282 0.953154 -0.244177 0.00955708
0.48086 0.34787 -0.374072 0.712622
0.544409 0.321037 -0.433943 0.642065
-0.436098 -0.512947 0.710988 0.202978
-0.0696442 -0.105097 0.345854 0.929779
-0.211598 -0.250244 0.207537 0.921701
0 0 0 0
-0.437865 0.576728 0.439693 -0.531346
0.215745 0.967184 0.0975786 0.0921246
0.256879 0.922692 0.156734 0.241013
0 0 0 0
-0.615067 0.13269 0.764283 -0.141267
0 0 0 0
0 0 0 0
0 0 0 0
0 0 0 0
