8104970
0 1.19049 0.263197 3.28592 2 735.031 240.365 392.017 174.213
1 1.17977 0.544967 3.15641 2 743.179 193.099 396.362 139.955
2 1.16408 0.820739 3.01826 2 751.512 142.399 400.806 103.209
3 1.11161 0.925796 2.94442 2 745.809 120.735 397.765 87.5071
4 1.06616 0.774047 3.18566 2 716.071 157.206 381.905 113.941
5 1.05954 0.554371 3.30438 2 706.117 195.677 376.596 141.824
6 1.04891 0.317867 3.38936 2 698.14 233.449 372.341 169.2
7 1.04819 0.269484 3.39292 2 697.74 240.766 372.128 174.504
8 1.25262 0.688502 2.94424 2 779.067 161.851 415.502 117.307
9 1.3366 0.463728 3.01632 2 791.368 202.729 422.063 146.935
10 1.32252 0.231613 3.08162 2 781.672 242.844 416.892 176.01
11 1.28988 0.171274 3.09948 2 772.609 253.007 412.058 183.376
12 1.13073 0.274976 3.3064 2 720.836 238.822 384.446 173.095
13 1.15203 0.00669478 3.50803 2 711.276 280.239 379.347 203.113
14 1.20223 -0.442551 3.61738 1 714.178 343.571 380.895 249.016
15 1.1519 -0.487907 3.47998 2 713.281 352.687 380.417 255.622
16 1.22655 0.246632 3.20093 2 749.617 241.903 399.796 175.328
17 1.22394 -0.0508644 3.24794 2 745.141 289.198 397.409 209.607
18 1.20234 -0.440654 3.43788 2 726.33 346.576 387.376 251.193
19 1.12349 -0.520391 3.3848 2 713.95 359.602 380.773 260.634
20 1.1688 0.752812 3.05457 2 749.416 155.395 399.689 112.628
21 1.04351 0.207474 3.41933 2 695.09 250.321 370.715 181.429
22 1.07954 0.255099 3.4165 2 702.654 243.183 374.749 176.256
23 1.28001 0.0903287 3.1248 2 768.046 266.459 409.625 193.126
24 1.26927 0.139037 3.0585 2 771.794 258.009 411.624 187.002
1
1
-0.400838 0.071554 0.89071 -0.2021
-0.421319 0.0762062 0.881207 -0.200392
-0.440809 0.0822061 0.863611 -0.230446
0 0 0 0
0.430011 0.632044 -0.615102 -0.193029
-0.154291 -0.65022 0.190977 0.718983
0.096633 0.444978 0.143316 0.878702
0.023025 0.44604 0.0295063 0.89423
-0.165855 0.691964 0.511858 -0.481331
0.144382 0.973767 0.174882 0.018678
0.124457 0.957347 -0.0633349 -0.252954
0.0670996 0.931657 -0.264394 -0.240019
-0.281155 -0.638409 0.715957 -0.0281335
-0.144569 -0.339941 0.283195 0.885065
-0.112421 -0.566414 0.0662262 0.813726
0 0 0 0
-0.303851 0.598216 0.565133 -0.480039
0.0744409 0.927872 0.0245829 0.364564
0.215585 0.890149 0.0678777 0.395665
0 0 0 0
-0.441899 0.0807201 0.867884 -0.212104
0 0 0 0
0 0 0 0
0 0 0 0
0 0 0 0
