8167387
0 -0.0493077 -0.0462139 2.63102 2 471.085 290.088 251.245 210.252
1 -0.0917236 0.236627 2.52638 2 458.998 233.831 244.799 169.477
2 -0.133959 0.510965 2.40826 2 445.592 173.531 237.649 125.773
3 -0.0886339 0.628294 2.37995 2 458.23 147.015 244.389 106.554
4 -0.199519 0.368056 2.3543 2 425.584 201.974 226.978 146.388
5 -0.211831 0.126968 2.36516 2 422.382 254.053 225.27 184.134
6 -0.125908 -0.0892195 2.41353 2 448.115 299.9 238.995 217.363
7 -0.0912942 -0.155123 2.43923 2 458.239 313.366 244.394 227.124
8 -0.00250328 0.377208 2.52544 1 483.274 205.568 257.746 148.993
9 0.0611713 0.126249 2.63473 1 499.906 256.989 266.617 186.262
10 0.0770377 0.058178 2.83676 1 502.609 270.845 268.058 196.305
11 0.0747462 0.0529998 2.89394 2 501.696 271.955 267.571 197.109
12 -0.102893 -0.0637722 2.56789 2 456.433 293.764 243.431 212.916
13 -0.135441 -0.430985 2.75561 2 450.116 360.45 240.062 261.249
14 -0.152134 -0.780425 2.92982 2 448.08 416.638 238.976 301.974
15 -0.0650713 -0.832498 2.88358 2 468.356 428.081 249.79 310.267
16 0.00545728 -0.0275406 2.61875 2 485.388 286.525 258.874 207.67
17 -0.00144223 -0.334969 2.92705 2 483.618 339.117 257.93 245.788
18 -0.0618169 -0.723625 3.10468 1 470.217 399.558 250.783 289.594
19 0.025782 -0.75617 3.08854 2 489.719 405.573 261.183 293.954
20 -0.123492 0.443623 2.44016 2 449.087 189.036 239.513 137.01
21 -0.0575863 -0.214166 2.47232 2 467.947 325.022 249.572 235.572
22 -0.095559 -0.18139 2.41496 2 456.762 319.196 243.606 231.349
23 0.0846802 0.0158026 2.91516 2 503.908 278.471 268.751 201.832
24 0.0727161 0.0064338 2.88733 2 501.254 280.085 267.335 203.001
0
0
0.232391 -0.110296 0.95413 -0.153181
0.267665 -0.115909 0.944842 -0.14898
0.306337 -0.13635 0.923928 -0.184185
0 0 0 0
-0.192645 0.801086 -0.433332 0.365202
0.0268919 0.981425 -0.0207854 0.188809
0.163394 0.912712 0.1356 -0.349102
0.240006 0.897097 0.154785 -0.337129
0.210783 0.820004 0.50089 0.179647
0.225302 0.707959 -0.0523429 -0.667302
0.583256 0.811385 0.0246764 -0.0292937
0.674313 0.738175 -0.0155503 0.0125483
-0.232172 0.685834 -0.585133 0.365168
0.183212 0.845188 -0.150385 -0.479035
0.211279 0.926376 -0.0910545 -0.298158
0 0 0 0
0.0660277 0.558472 0.808389 -0.173943
0.19985 0.463673 0.32719 0.798758
0.0998475 0.132811 0.199371 0.965735
0 0 0 0
0.306756 -0.129099 0.928921 -0.162298
0 0 0 0
0 0 0 0
0 0 0 0
0 0 0 0
