8138934
0 1.21859 0.244996 3.28814 2 740.824 243.209 395.106 176.275
1 1.2163 0.542801 3.16414 2 750.584 193.653 400.312 140.357
2 1.20777 0.833737 3.03117 2 760.344 140.816 405.517 102.061
3 1.16777 0.936495 2.98875 2 754.919 121.313 402.623 87.9257
4 1.11787 0.783027 3.21522 2 725.123 156.905 386.732 113.723
5 1.10983 0.552947 3.34266 2 714.047 196.855 380.825 142.678
6 1.08465 0.295677 3.43268 1 702.672 237.338 374.758 172.019
7 1.08549 0.260126 3.41585 1 703.913 242.424 375.42 175.706
8 1.26986 0.700687 2.95736 2 781.782 160.285 416.95 116.172
9 1.32231 0.478937 2.97697 2 792.095 199.085 422.451 144.294
10 1.25296 0.222931 3.06218 2 767.747 244.055 409.465 176.888
11 1.21784 0.169742 3.0849 2 757.691 253.136 404.102 183.47
12 1.1669 0.257936 3.30206 2 728.8 241.386 388.693 174.953
13 1.20371 -0.0186263 3.49018 2 722.801 283.93 385.494 205.789
14 1.31185 -0.305076 3.61934 2 735.145 324.195 392.078 234.972
15 1.2279 -0.330942 3.69448 2 714.123 326.859 380.866 236.903
16 1.24471 0.226506 3.20698 2 753.062 245.176 401.633 177.7
17 1.29158 -0.0595593 3.29644 2 755.603 290.428 402.988 210.499
18 1.36695 -0.36487 3.52051 2 753.204 334.095 401.709 242.147
19 1.34801 -0.457101 3.50998 2 750.285 347.666 400.152 251.983
20 1.21097 0.762069 3.06643 2 757.926 154.343 404.227 111.866
21 1.11441 0.165621 3.43159 2 708.75 256.627 378 186
22 1.06864 0.246227 3.41684 2 700.399 244.513 373.546 177.22
23 1.20232 0.100542 3.10807 2 752.137 264.709 401.14 191.857
24 1.26014 0.17445 3.08908 2 766.874 252.39 408.999 182.929
1
1
-0.430593 0.0828187 0.880999 -0.177682
-0.461588 0.0890723 0.865163 -0.174631
-0.492518 0.0967923 0.840069 -0.205769
0 0 0 0
0.436763 0.614524 -0.607056 -0.25116
-0.130863 -0.556424 0.213748 0.792199
0.0291144 -0.102236 0.170922 0.979533
0.0148148 -0.113843 -0.219021 0.968943
-0.224915 0.683974 0.476987 -0.50406
0.0686185 0.965737 0.102503 -0.228335
0.189588 0.507615 0.0676793 0.837737
0.326912 0.489903 0.00959262 0.808104
-0.249365 -0.617355 0.745197 -0.0370196
-0.147929 -0.305178 0.259173 0.90433
-0.100458 0.289415 0.242724 0.920452
0 0 0 0
-0.339697 0.601571 0.52787 -0.494036
0.118157 0.937626 0.120667 0.303869
0.215063 0.821575 0.241677 0.46942
0 0 0 0
-0.49349 0.0951758 0.84443 -0.185332
0 0 0 0
0 0 0 0
0 0 0 0
0 0 0 0
