8149570
0 1.1898 0.276995 3.32798 2 731.691 238.771 390.235 173.058
1 1.18064 0.560021 3.18808 2 740.787 191.567 395.087 138.845
2 1.16878 0.834967 3.04983 2 749.814 141.454 399.901 102.524
3 1.12979 0.936075 3.00179 2 745.014 122.049 397.341 88.4595
4 1.05326 0.786007 3.20847 2 711.621 156.193 379.531 113.206
5 1.06829 0.554514 3.3594 2 704.263 197.064 375.607 142.829
6 1.07558 0.321981 3.42313 1 701.451 233.301 374.107 169.093
7 1.07065 0.268942 3.42054 1 700.583 241.169 373.645 174.796
8 1.25045 0.7069 2.98317 2 774.722 160.256 413.185 116.151
9 1.31005 0.489043 2.94099 2 792.968 196.328 422.916 142.296
10 1.1385 0.33112 2.8497 2 761.052 221.909 405.895 160.836
11 1.04663 0.277497 2.80075 2 743.016 230.669 396.275 167.185
12 1.12971 0.28993 3.33888 2 718.304 236.954 383.096 171.741
13 1.14489 -0.00978367 3.4872 2 711.215 282.64 379.315 204.853
14 1.23744 -0.352282 3.67231 1 717.352 330.104 382.588 239.255
15 1.15335 -0.33065 3.74839 2 696.887 326.13 371.673 236.375
16 1.22697 0.259454 3.2507 2 745.613 240.497 397.66 174.309
17 1.21817 -0.0586952 3.24673 2 743.997 290.431 396.798 210.5
18 1.23713 -0.410294 3.43832 2 733.35 342.073 391.12 247.93
19 1.17286 -0.486486 3.42669 2 721.15 353.607 384.613 256.289
20 1.17335 0.766859 3.08728 2 747.626 154.406 398.734 111.911
21 1.06544 0.234731 3.44261 2 698.109 246.493 372.325 178.655
22 1.06983 0.264086 3.35029 2 704.998 241.06 375.999 174.717
23 0.978161 0.229092 2.74776 2 730.623 238.7 389.666 173.007
24 0.974423 0.268346 2.73067 2 731.245 231.099 389.997 167.497
1
3
-0.363392 0.0710798 0.90332 -0.216579
-0.389752 0.0774068 0.892264 -0.214399
-0.416771 0.079588 0.873891 -0.237238
0 0 0 0
0.395057 0.648735 -0.632214 -0.152897
-0.213201 -0.647624 0.190571 0.706266
0.131799 0.988197 0.0251487 0.0739162
-0.0210666 0.996205 -0.0478919 0.0695549
-0.176412 0.695627 0.508793 -0.475513
-0.111687 0.975771 0.115973 0.148146
-0.314574 0.853565 -0.29276 -0.294553
-0.383737 0.805133 -0.351829 -0.284117
-0.243543 -0.623488 0.737765 -0.0874755
-0.110276 -0.379969 0.200432 0.896264
-0.0181065 0.371685 0.26782 0.888704
0 0 0 0
-0.279036 0.609464 0.567393 -0.478286
0.00145534 0.867677 -0.0151014 0.496896
0.228644 0.926151 0.0957203 0.28426
0 0 0 0
-0.417274 0.0815452 0.880414 -0.210011
0 0 0 0
0 0 0 0
0 0 0 0
0 0 0 0
