8141817
0 1.13904 0.259931 3.15191 2 734.392 239.157 391.676 173.338
1 1.14259 0.532644 3.05144 2 743.652 192.127 396.614 139.251
2 1.14116 0.796824 2.9421 2 753.033 142.956 401.618 103.613
3 1.10103 0.901321 2.9012 2 747.184 122.648 398.498 88.8938
4 1.05773 0.747488 3.1455 2 717.171 159.935 382.491 115.919
5 1.05843 0.581256 3.2814 1 707.471 190.887 377.318 138.353
6 1.04198 0.300225 3.38179 1 697.184 236.002 371.831 171.051
7 1.03012 0.237484 3.36995 1 695.452 245.332 370.908 177.813
8 1.17213 0.681432 2.85814 2 768.451 159.505 409.841 115.607
9 1.15412 0.480222 2.74013 2 776.163 191.742 413.954 138.972
10 0.851757 0.458951 2.69183 2 703.176 194.291 375.027 140.82
11 0.742929 0.448143 2.67966 2 675.841 196.039 360.449 142.086
12 1.10229 0.264632 3.19441 2 722.993 238.983 385.596 173.212
13 1.10437 0.00211235 3.41006 2 708.1 280.895 377.653 203.589
14 1.17252 -0.279281 3.52377 1 714.377 321.597 381.001 233.089
15 1.17401 -0.409816 3.48626 2 717.244 341.134 382.53 247.25
16 1.15092 0.244481 3.0473 2 745.779 240.285 397.749 174.155
17 1.17298 -0.0549249 3.17633 2 739.866 290.028 394.595 210.209
18 1.22399 -0.377147 3.40616 2 733.012 337.681 390.94 244.747
19 1.11652 -0.438728 3.36104 2 714.089 347.752 380.847 252.046
20 1.1424 0.732023 2.97134 2 750.689 155.443 400.368 112.663
21 1.0398 0.194821 3.39862 2 695.623 252.028 370.999 182.667
22 1.03157 0.231171 3.3082 2 699.743 245.627 373.196 178.027
23 0.679013 0.444365 2.67309 2 659.652 196.603 351.814 142.495
24 0.690637 0.48265 2.65253 2 664.125 188.56 354.2 136.666
0
0
-0.568618 0.106468 0.803625 -0.139728
-0.562519 0.105408 0.807907 -0.14053
-0.554432 0.11195 0.805161 -0.17829
0 0 0 0
0.437084 0.601369 -0.590561 -0.313929
-0.21752 -0.606039 0.2561 0.720982
0.171598 0.983954 -0.0202094 0.0444974
-0.0878152 0.990534 -0.0960349 0.0436817
-0.321074 0.64476 0.445562 -0.531667
-0.259658 0.963555 -0.0506377 0.0396863
-0.419786 0.640118 -0.537706 -0.353413
-0.399522 0.640894 -0.539699 -0.37197
0.380498 0.643772 -0.630004 -0.20946
-0.0626212 -0.165956 0.331253 0.926719
-0.201505 -0.579148 0.0841221 0.785434
0 0 0 0
-0.433536 0.562484 0.489336 -0.506171
0.193437 0.965887 0.0667406 0.158715
0.273779 0.915809 0.14601 0.25499
0 0 0 0
-0.55592 0.107127 0.809266 -0.156736
0 0 0 0
0 0 0 0
0 0 0 0
0 0 0 0
