8189602
0 1.20391 0.247187 3.26833 2 739.258 242.639 394.271 175.861
1 1.20104 0.545527 3.16253 2 747.362 193.173 398.593 140.009
2 1.19503 0.834687 3.043 2 756.379 141.195 403.402 102.336
3 1.1699 0.941783 2.99164 2 755.144 120.569 402.743 87.3868
4 1.09076 0.784657 3.20581 2 719.951 156.288 383.974 113.275
5 1.08949 0.552711 3.34009 2 709.977 196.837 378.654 142.665
6 1.06812 0.305419 3.39653 1 701.627 235.411 374.201 170.622
7 1.07622 0.252948 3.41381 1 702.146 243.475 374.478 176.467
8 1.26507 0.695226 2.96737 2 779.672 161.626 415.825 117.145
9 1.34279 0.40948 3.02998 2 791.406 212.22 422.083 153.814
10 1.35054 0.190845 3.07428 2 788.719 249.521 420.65 180.849
11 1.35843 0.147997 3.0906 2 788.879 256.766 420.735 186.1
12 1.15005 0.256727 3.28267 2 726.67 241.341 387.558 174.921
13 1.15442 0.010264 3.49077 2 712.888 279.713 380.207 202.732
14 1.26074 -0.329914 3.56766 2 728.817 328.361 388.702 237.991
15 1.20011 -0.329906 3.65795 2 711.134 327.165 379.272 237.125
16 1.2323 0.232012 3.18433 2 752.27 244.038 401.211 176.875
17 1.21032 -0.115759 3.28325 2 739.418 299.19 394.356 216.849
18 1.28345 -0.392866 3.53023 1 735.956 337.972 392.51 244.958
19 1.20756 -0.456036 3.53086 2 720.934 347.065 384.498 251.548
20 1.19731 0.763719 3.07535 2 754.052 154.436 402.161 111.933
21 1.07914 0.209478 3.44861 2 700.496 250.28 373.598 181.4
22 1.06104 0.310322 3.40417 2 699.684 234.783 373.165 170.168
23 1.3642 0.0795705 3.11781 2 787.495 268.183 419.997 194.375
24 1.32168 0.143649 3.09911 2 779.79 257.551 415.888 186.669
1
3
-0.422909 0.0686141 0.890153 -0.15514
-0.441077 0.0717817 0.881291 -0.1537
-0.456639 0.0859603 0.863853 -0.194551
0 0 0 0
-0.394194 -0.625887 0.637409 0.215837
-0.155935 -0.587815 0.207287 0.766283
0.036278 -0.0529108 0.113764 0.991434
-0.0789583 -0.0335825 0.1545 0.98426
-0.206555 0.710252 0.469775 -0.48186
0.102127 0.985703 0.1324 0.0207457
-0.0619529 -0.4639 0.0801144 0.88008
-0.159513 -0.453267 0.118656 0.868922
-0.222876 -0.644296 0.73122 -0.0229595
0.0104812 0.048345 0.343353 0.937903
-0.0806259 0.461432 0.164316 0.86809
0 0 0 0
-0.347067 0.59612 0.543324 -0.478523
0.138915 0.911024 0.025769 0.387393
0.324218 0.913356 0.16931 0.17888
0 0 0 0
-0.458337 0.0810049 0.868437 -0.170829
0 0 0 0
0 0 0 0
0 0 0 0
0 0 0 0
