1438104
0 1.2375 -0.217886 2.88366 2 781.658 319.781 416.884 231.773
1 1.19083 0.0751714 2.85767 2 772.984 267.785 412.258 194.087
2 1.13975 0.361883 2.81985 2 764.318 215.707 407.636 156.342
3 1.09619 0.482732 2.83393 2 752.258 194.268 401.204 140.803
4 1.05865 0.22686 2.94438 2 733.105 241.923 390.989 175.343
5 1.03418 -0.00291888 2.97389 2 724.806 281.711 386.563 204.18
6 0.962277 -0.196926 2.90928 2 712.973 315.698 380.252 228.814
7 0.933454 -0.278689 2.87495 2 708.774 330.602 378.013 239.615
8 1.2409 0.256993 2.72627 2 799.728 233.089 426.521 168.94
9 1.34318 0.0834251 2.64735 2 835.757 265.132 445.737 192.164
10 1.2818 -0.112295 2.56378 2 830.669 303.562 443.023 220.018
11 1.23641 -0.178017 2.50002 2 826.936 317.548 441.032 230.155
12 1.17801 -0.222748 2.896 2 766.076 320.465 408.574 232.269
13 1.1348 -0.489941 2.84476 2 760.681 369.126 405.696 267.537
14 1.12743 -0.7756 2.82717 2 760.575 421.24 405.64 305.309
15 1.04416 -0.817353 2.7355 2 748.728 433.722 399.322 314.356
16 1.26848 -0.208182 2.80485 2 797.707 319.101 425.444 231.28
17 1.35279 -0.477843 2.80124 2 818.779 368.239 436.682 266.895
18 1.46307 -0.787242 2.94065 2 828.237 417.526 441.726 302.617
19 1.45899 -0.868053 2.91159 2 830.349 432.864 442.853 313.734
20 1.15334 0.291107 2.83147 2 766.484 228.737 408.791 165.785
21 0.903476 -0.337391 2.83623 2 704.532 341.823 375.751 247.749
22 0.928992 -0.323572 2.85362 2 709.409 338.994 378.351 245.698
23 1.22165 -0.242256 2.46476 2 827.65 331.363 441.414 240.167
24 1.23167 -0.147117 2.453 2 832.13 311.813 443.803 225.998
0
0
-0.375445 -0.0563502 0.922461 -0.070226
-0.389427 -0.0552759 0.916646 -0.0710746
-0.40037 -0.0534632 0.908007 -0.111215
0 0 0 0
0.284159 0.792047 -0.468429 -0.269239
0.0139075 -0.49798 0.0813732 0.86325
0.106581 0.338164 -0.202764 0.912783
0.0855699 0.328845 -0.2329 0.911206
-0.215336 0.684091 0.576811 -0.391073
-0.201556 0.948559 0.241412 0.0364757
-0.181401 0.966882 -0.158966 0.0834465
-0.325998 0.904127 -0.26867 0.0640036
0.108825 0.734081 -0.669528 -0.0318429
0.108817 -0.378769 -0.0564528 0.917336
0.0241225 -0.400678 -0.0229999 0.915613
0 0 0 0
-0.361296 0.512977 0.652983 -0.424186
-0.0633949 0.914167 0.137103 0.376142
0.0844522 0.8146 0.243567 0.519587
0 0 0 0
-0.402572 -0.0539233 0.909442 -0.0891301
0 0 0 0
0 0 0 0
0 0 0 0
0 0 0 0
