1508214
0 0.264451 -0.107757 2.12959 2 569.387 306.826 303.673 222.383
1 0.294893 0.221153 2.11338 2 580.057 228.178 309.364 165.38
2 0.321966 0.537441 2.08396 2 590.806 149.966 315.097 108.693
3 0.415677 0.636792 2.12513 2 619.464 128.457 330.381 93.1036
4 0.276911 0.381035 1.94519 2 582.216 181.719 310.515 131.708
5 0.317176 0.154126 1.85125 2 602.013 238.997 321.073 173.222
6 0.478198 0.0144287 1.86452 2 661.068 277.278 352.57 200.968
7 0.502647 -0.0182761 1.8753 2 669.127 286.165 356.868 207.409
8 0.489431 0.464202 2.37714 1 626.27 181.888 334.011 131.83
9 0.24489 0.335855 2.25234 1 558.862 205.618 298.06 149.029
10 0.293257 0.07209 2.12358 2 578.98 264.022 308.789 191.359
11 0.363109 0.0588968 2.11758 1 602.051 267.116 321.094 193.602
12 0.227696 -0.100717 2.04093 2 560.686 306.185 299.033 221.919
13 0.333474 -0.407161 1.97169 2 600.795 386.184 320.424 279.901
14 0.276313 -0.773062 1.97119 2 581.18 481.368 309.963 348.889
15 0.359497 -0.824458 1.8932 1 615.685 503.511 328.365 364.938
16 0.29154 -0.110865 2.14112 2 577.658 307.431 308.084 222.822
17 0.242426 -0.488434 2.16288 2 561.347 395.948 299.385 286.978
18 0.164552 -0.890019 2.13644 1 537.382 493.843 286.604 357.931
19 0.158168 -0.771797 2.09395 2 536.309 469.191 286.032 340.063
20 0.315699 0.460111 2.0936 2 588.125 169.495 313.667 122.848
21 0.542642 -0.0900081 1.89214 2 682.233 305.411 363.858 221.358
22 0.507043 -0.0620309 1.85325 2 673.017 298.23 358.943 216.153
23 0.368035 0.0514318 2.11402 1 603.862 268.881 322.06 194.881
24 0.355505 0.0617679 2.08927 1 601.141 266.229 320.608 192.959
3
1
0.475866 0.0288212 0.877966 -0.0435418
0.50793 0.0271954 0.859814 -0.0445753
0.539485 0.000363583 0.838761 -0.0737294
0 0 0 0
-0.321524 0.68011 -0.409302 0.51628
-0.20707 0.950327 0.0350706 0.229717
0.254784 0.762127 0.328725 -0.496173
0.274457 0.807203 0.193554 -0.485421
0.393111 0.637105 0.592971 0.296559
0.470712 0.0251873 -0.258229 0.843275
-0.213454 0.966493 0.105336 -0.0960851
0.0414751 0.761001 0.637034 -0.11552
0.373903 -0.545175 0.629901 -0.407682
-0.0615533 0.948604 0.184394 -0.24972
-0.0276522 0.934324 -0.072302 -0.347916
0 0 0 0
0.160238 0.733748 0.649489 0.118752
0.0700193 0.283637 0.00906111 0.956329
0.0789631 0.335348 -0.0626933 0.936684
0 0 0 0
0.541126 0.0140777 0.838817 -0.0580583
0 0 0 0
0 0 0 0
0 0 0 0
0 0 0 0
