1375533
0 1.01951 -0.163347 2.5643 2 759.652 313.715 405.148 227.376
1 1.03649 0.135956 2.59287 2 761.159 254.455 405.951 184.425
2 1.05464 0.420454 2.60944 2 764.326 198.961 407.641 144.204
3 1.06863 0.540097 2.63941 2 764.843 176.748 407.916 128.104
4 0.974802 0.262863 2.67159 1 736.857 231.028 392.99 167.446
5 0.958672 -0.014814 2.73356 1 726.871 283.973 387.664 205.82
6 0.978656 -0.20344 2.8167 2 724.642 318.027 386.476 230.502
7 0.958422 -0.238152 2.82493 2 718.945 324.178 383.437 234.959
8 1.08225 0.332124 2.48461 2 786.145 212.971 419.277 154.358
9 0.967193 0.585837 2.38847 2 764.874 156.003 407.933 113.069
10 0.850735 0.758515 2.33289 2 736.899 115.259 393.013 83.5385
11 0.819087 0.807198 2.28055 2 733.015 100.601 390.941 72.9145
12 0.969826 -0.173177 2.56103 2 746.465 315.704 398.115 228.818
13 1.09835 -0.482845 2.60053 2 776.968 375.996 414.383 272.517
14 1.16792 -0.738731 2.62084 2 792.794 424.956 422.824 308.002
15 1.08794 -0.804671 2.55557 1 778.971 441.774 415.451 320.192
16 1.04805 -0.153087 2.50184 2 774.529 312.443 413.082 226.454
17 0.944874 -0.478258 2.41419 2 755.469 382.338 402.917 277.113
18 0.932108 -0.812875 2.38137 2 755.286 455.329 402.819 330.016
19 0.843985 -0.887441 2.30915 2 737.236 477.182 393.192 345.855
20 1.05025 0.351215 2.60746 2 763.348 212.459 407.119 153.987
21 0.950402 -0.280298 2.81866 2 717.51 331.897 382.672 240.554
22 0.919211 -0.267911 2.7808 2 712.875 330.306 380.2 239.402
23 0.831546 0.867656 2.2503 2 739.998 84.6217 394.665 61.3327
24 0.815392 0.850948 2.34135 2 725.457 95.7536 386.911 69.4009
0
0
-0.325119 0.011232 0.944057 0.0541149
-0.390847 0.00739005 0.918795 0.0547719
-0.467419 0.0212508 0.883354 0.0274588
0 0 0 0
0.100352 0.81918 -0.396286 -0.402282
0.110793 0.892004 0.0226316 0.437655
0.209473 0.913345 -0.0270157 -0.348127
0.000548711 0.890646 -0.277179 -0.360447
-0.462997 0.655056 0.459645 -0.381133
0.952142 -0.199338 0.154528 0.17266
0.946841 -0.154546 0.0633314 0.274948
0.900623 -0.367627 -0.0159027 0.231246
-0.0505777 0.772482 -0.632927 -0.0107881
-0.201441 -0.413989 -0.0280562 0.887269
-0.137481 -0.309871 -0.00470017 0.940775
0 0 0 0
-0.437334 0.564277 0.618559 -0.328198
-0.0504531 0.885604 -0.189366 0.421071
-0.0402482 0.946643 -0.0335604 0.317995
0 0 0 0
-0.466998 0.0123762 0.883039 0.0447374
0 0 0 0
0 0 0 0
0 0 0 0
0 0 0 0
