1448958
0 0.150571 -0.143389 2.20037 2 530.994 314.172 283.197 227.708
1 0.195253 0.20094 2.18586 2 545.4 234.681 290.88 170.093
2 0.237315 0.532757 2.15752 2 559.951 155.673 298.641 112.83
3 0.341699 0.615361 2.21573 2 590.67 139.797 315.024 101.323
4 0.182762 0.378887 2.01429 2 546.513 185.781 291.474 134.651
5 0.21721 0.133492 1.90837 2 562.259 245.8 299.871 178.152
6 0.352669 -0.0343848 1.88656 2 612.756 290.451 326.803 210.515
7 0.375897 -0.104781 1.88812 2 621.208 309.363 331.311 224.222
8 0.389524 0.426268 2.39219 1 596.345 190.709 318.051 138.223
9 0.432769 0.138151 2.42498 1 606.915 252.327 323.688 182.883
10 0.415009 -0.119198 2.36442 1 604.872 306.766 322.598 222.34
11 0.409825 -0.204762 2.34837 1 604.224 325.428 322.253 235.866
12 0.117006 -0.134629 2.1112 2 522.045 313.46 278.424 227.191
13 0.261027 -0.427404 2.0268 2 572.865 388.334 305.528 281.459
14 0.222813 -0.774387 2.02396 2 560.29 476.43 298.821 345.31
15 0.306228 -0.824066 1.94204 1 593.351 497.832 316.454 360.822
16 0.178273 -0.147251 2.2132 2 539.335 314.87 287.645 228.213
17 0.10823 -0.464378 2.23101 2 517.409 386.828 275.951 280.368
18 -0.0311403 -0.721648 2.21972 2 474.247 446.791 252.932 323.828
19 0.0298007 -0.796285 2.13192 1 493.644 471.691 263.277 341.875
20 0.227207 0.451537 2.16695 2 556.306 175.409 296.696 127.134
21 0.393968 -0.157181 1.89599 2 627.29 323.291 334.555 234.317
22 0.352999 -0.132718 1.8835 2 613.137 316.95 327.006 229.721
23 0.403821 -0.234406 2.33444 1 603.188 332.139 321.7 240.73
24 0.388797 -0.183628 2.30612 1 600.112 321.58 320.06 233.076
3
0
0.485488 0.0461103 0.871615 -0.049634
0.502402 0.0451331 0.861976 -0.0505242
0.517243 0.0227999 0.851686 -0.0810548
0 0 0 0
-0.323081 0.671336 -0.433382 0.507057
-0.210232 0.956398 0.0225371 0.201485
-0.249543 -0.511331 -0.224898 0.791006
-0.135988 -0.567148 -0.0824174 0.80812
0.356085 0.683003 0.572611 0.280762
0.0130331 0.869903 0.0920368 0.484384
-0.119521 0.925705 0.0101147 -0.358724
-0.0970445 0.927942 0.00560327 -0.359826
0.37751 -0.526406 0.635032 -0.420853
-0.0779066 0.943091 0.244073 -0.211985
-0.0237525 0.929983 -0.049571 -0.36347
0 0 0 0
0.171848 0.739248 0.638537 0.12748
0.111763 0.27079 -0.00300646 0.956124
0.220678 0.359325 -0.109515 0.900107
0 0 0 0
0.519066 0.0345221 0.85157 -0.0648628
0 0 0 0
0 0 0 0
0 0 0 0
0 0 0 0
