1378678
0 0.248003 -0.163843 2.07924 2 566.032 321.111 301.884 232.737
1 0.247119 0.197587 2.07752 2 565.827 233.042 301.775 168.905
2 0.24373 0.541468 2.06064 2 565.724 147.541 301.72 106.936
3 0.338507 0.636876 2.12211 2 594.41 128.294 317.019 92.9857
4 0.178753 0.377791 1.91997 2 548.165 181.353 292.355 131.442
5 0.155469 0.147188 1.82908 2 542.409 240.49 289.285 174.304
6 0.242498 -0.0604663 1.79605 2 576.855 298.256 307.656 216.172
7 0.251406 -0.134553 1.79838 2 580.192 319.111 309.436 231.287
8 0.419434 0.353547 2.25847 1 612.147 201.7 326.478 146.189
9 0.193261 0.164822 2.28374 2 542.145 244.694 289.144 177.351
10 0.0404962 -0.0500003 2.14468 1 496.925 292.993 265.027 212.358
11 0.0768568 -0.110337 2.13409 1 508.699 307.349 271.306 222.762
12 0.20889 -0.146459 2.01382 2 555.304 318.021 296.162 230.497
13 0.162461 -0.428584 1.95465 2 541.31 392.547 288.699 284.513
14 0.0998706 -0.755356 1.96958 2 519.108 476.848 276.858 345.613
15 0.176003 -0.808751 1.87745 1 548.991 501.112 292.795 363.199
16 0.277808 -0.175368 2.0678 2 576.444 324.172 307.437 234.955
17 0.252083 -0.533646 2.13459 2 565.565 408.336 301.634 295.956
18 0.193916 -0.8139 2.1687 2 545.942 472.652 291.169 342.572
19 0.26797 -0.872865 2.08235 1 573.229 495.188 305.722 358.906
20 0.24515 0.457719 2.06735 2 565.831 168.724 301.776 122.289
21 0.280169 -0.196665 1.79369 2 591.586 336.805 315.513 244.111
22 0.211061 -0.131325 1.86007 2 562.018 316.952 299.743 229.722
23 0.0726373 -0.11476 2.11722 1 507.528 308.614 270.681 223.679
24 0.0742925 -0.107199 2.09812 1 508.284 307.041 271.085 222.539
0
1
0.31709 -0.00191188 0.948392 -0.00186367
0.380898 -0.00203428 0.924613 -0.00172924
0.448278 -0.0254803 0.892961 -0.0319072
0 0 0 0
-0.314022 0.741374 -0.423989 0.414714
-0.17335 0.963024 -0.0825761 0.188985
-0.169515 -0.254346 -0.122509 0.944227
-0.0617416 -0.282792 -0.00197866 0.95719
0.22844 0.759725 0.510903 0.331077
0.373984 0.516516 -0.202406 0.743222
-0.256631 0.927416 -0.271548 -0.0173444
-0.0605336 0.959096 0.269895 -0.0602184
0.380453 -0.539989 0.682964 -0.311813
-0.127359 0.88525 -0.0255607 -0.446609
-0.0179112 0.90885 -0.095395 -0.405674
0 0 0 0
-0.106348 0.805147 0.56472 -0.146697
0.0727949 0.446106 0.0662392 0.889552
0.117026 0.40198 0.0133554 0.908041
0 0 0 0
0.44888 -0.0121525 0.89337 -0.0157616
0 0 0 0
0 0 0 0
0 0 0 0
0 0 0 0
