1520092
0 0.576737 -0.116017 2.25316 2 660.748 307.38 352.399 222.785
1 0.598286 0.203424 2.22822 2 669.548 234.776 357.092 170.163
2 0.609218 0.512645 2.20326 2 675.532 162.587 360.284 117.841
3 0.706678 0.611556 2.23925 2 702.844 141.823 374.85 102.792
4 0.552623 0.357428 2.08904 2 666.992 194.097 355.729 140.679
5 0.576454 0.119206 2.01382 2 681.871 251.095 363.664 181.99
6 0.755251 0.00487982 2.01755 2 743.395 279.977 396.477 202.924
7 0.806805 -0.0336439 2.01998 2 760.913 289.709 405.82 209.977
8 0.774981 0.439936 2.49637 1 699.019 191.374 372.81 138.706
9 0.537158 0.304712 2.36371 1 640.915 215.692 341.822 156.331
10 0.706409 0.0683042 2.34016 1 692.743 266.355 369.463 193.051
11 0.763733 -0.00996001 2.33635 1 710.221 283.382 378.785 205.391
12 0.529921 -0.10929 2.18319 2 651.527 306.641 347.481 222.249
13 0.593676 -0.418661 2.05452 2 684.12 385.08 364.864 279.101
14 0.404866 -0.733117 1.98272 2 625.594 469.935 333.65 340.603
15 0.456696 -0.797544 1.88147 1 652.322 497.566 347.905 360.629
16 0.603826 -0.118859 2.24878 2 669.492 308.085 357.062 223.296
17 0.609048 -0.483978 2.32529 1 665.294 387.246 354.823 280.671
18 0.642538 -0.747954 2.19691 2 686.861 455.013 366.326 329.788
19 0.624815 -0.832366 2.21379 2 679.755 473.148 362.536 342.932
20 0.606112 0.436866 2.21129 2 673.742 180.553 359.329 130.863
21 0.858707 -0.08629 2.0455 2 775.143 302.742 413.409 219.423
22 0.787711 -0.0582658 2.00243 2 756.702 296.056 403.575 214.577
23 0.769791 -0.0123777 2.32419 1 713.24 283.924 380.395 205.784
24 0.768458 -0.00510333 2.31668 1 713.588 282.333 380.58 204.631
3
1
0.349022 0.0178882 0.935704 -0.0481718
0.425872 0.0138068 0.903323 -0.0494963
0.508669 -0.0093252 0.859103 -0.0557765
0 0 0 0
-0.273583 0.731119 -0.411564 0.470355
-0.156433 0.980297 0.0297847 0.116875
0.323938 0.659778 0.354616 -0.577931
0.309611 0.67469 0.324125 -0.58641
0.381373 0.627728 0.599322 0.318317
0.477785 -0.0625126 -0.222147 0.847623
-0.270956 0.562774 0.146148 0.767144
-0.263842 0.556719 0.165301 0.770147
0.312534 -0.581228 0.66494 -0.349787
-0.183722 0.972481 0.112797 -0.08834
-0.197377 0.878785 -0.200905 -0.385248
0 0 0 0
-0.0316361 0.737889 0.668938 -0.0839123
0.0832072 0.758948 -0.0612638 -0.642901
-0.160634 0.831724 0.165671 -0.50496
0 0 0 0
0.509407 -0.00405962 0.859602 -0.0396518
0 0 0 0
0 0 0 0
0 0 0 0
0 0 0 0
