1498326
0 1.18408 -0.181853 2.70698 2 787.411 315.505 419.953 228.674
1 1.19632 0.10644 2.71253 2 789.92 261.179 421.29 189.299
2 1.20336 0.38816 2.70723 2 792.326 208.017 422.574 150.768
3 1.19853 0.498621 2.71419 2 790.277 187.436 421.481 135.851
4 1.13975 0.28225 2.83056 2 763.227 230.32 407.054 166.933
5 1.11198 0.0152932 2.91345 2 748.518 278.533 399.21 201.877
6 1.02484 -0.180018 2.88938 2 729.694 312.974 389.17 226.839
7 0.973124 -0.232278 2.85095 2 720.381 322.737 384.203 233.915
8 1.24566 0.281622 2.5835 2 818.365 225.578 436.461 163.496
9 1.06725 0.476751 2.44517 2 786.736 181.684 419.593 131.682
10 0.912632 0.622687 2.4053 2 747.186 149.051 398.499 108.03
11 0.868455 0.692782 2.40042 2 734.952 133.876 391.974 97.0318
12 1.139 -0.188582 2.72467 2 773.919 316.538 412.757 229.422
13 1.15346 -0.481823 2.75729 2 774.178 370.419 412.895 268.474
14 1.27311 -0.822932 2.77612 1 801.568 432.282 427.503 313.312
15 1.20207 -0.920658 2.73608 1 788.138 452.642 420.34 328.069
16 1.19975 -0.170697 2.62369 2 801.196 314.424 427.304 227.89
17 1.16487 -0.450236 2.47885 2 809.823 373.892 431.906 270.992
18 1.13832 -0.752301 2.38408 2 814.223 441.824 434.252 320.228
19 1.08336 -0.812283 2.29585 2 810.011 461.103 432.006 334.201
20 1.20259 0.31861 2.71062 2 791.748 221.206 422.266 160.327
21 0.943441 -0.288049 2.83124 2 714.749 333.062 381.2 241.399
22 0.966768 -0.274029 2.83717 2 719.998 330.443 383.999 239.501
23 0.854382 0.770677 2.39212 2 731.714 116.76 390.248 84.626
24 0.858096 0.673218 2.3364 2 738.75 134.116 394 97.2054
1
0
-0.492123 0.0137205 0.870214 0.0188096
-0.515412 0.0132082 0.856626 0.0191728
-0.539669 0.0178525 0.841506 -0.0175109
0 0 0 0
0.310597 0.67544 -0.523314 -0.416476
-0.0183518 -0.420571 0.156506 0.89347
0.142049 0.534956 -0.161472 0.81705
0.159342 0.473605 -0.399558 0.768545
-0.370543 0.662733 0.479437 -0.440027
0.766315 -0.391785 0.489618 0.139789
-0.0472098 -0.384848 0.913831 -0.120732
-0.0739764 -0.273937 0.957494 -0.0518749
0.112101 0.738793 -0.647014 -0.151628
-0.0384927 -0.268277 0.0466839 0.96144
-0.169515 -0.206363 -0.00930981 0.963635
0 0 0 0
-0.49125 0.51569 0.569144 -0.410869
-0.207994 0.926028 -0.124456 0.289348
-0.115857 0.882087 -0.105717 0.444211
0 0 0 0
-0.539814 0.0148573 0.841642 0.00419648
0 0 0 0
0 0 0 0
0 0 0 0
0 0 0 0
