3068397
0 0.788272 -0.212121 3.56918 2 636.328 311.382 339.375 225.686
1 0.649592 0.0214725 3.53673 2 610.489 278.133 325.594 201.587
2 0.501869 0.241089 3.49778 2 582.732 246.295 310.79 178.511
3 0.405278 0.301333 3.49733 2 563.7 237.582 300.64 172.196
4 0.475519 0.159647 3.66527 1 573.216 259.159 305.715 187.835
5 0.505823 0.0641471 3.8272 1 574.879 272.726 306.602 197.668
6 0.544691 -0.054507 3.97686 1 578.191 288.15 308.369 208.847
7 0.541812 -0.0923509 4.03012 1 576.451 292.812 307.441 212.226
8 0.621132 0.203277 3.39527 2 610.021 250.852 325.344 181.814
9 0.577203 0.0240839 3.24203 2 606.588 277.446 323.513 201.089
10 0.439022 -0.152303 3.17859 2 579.006 305.475 308.803 221.404
11 0.372415 -0.207682 3.16658 1 564.867 314.413 301.263 227.882
12 0.742911 -0.234653 3.58265 2 626.966 314.449 334.382 227.909
13 0.470064 -0.324742 3.49797 1 576.478 328.245 307.455 237.907
14 0.595007 -0.610965 3.68368 1 595.406 365.42 317.55 264.851
15 0.517914 -0.668982 3.67106 1 581.296 373.73 310.024 270.874
16 0.821219 -0.186236 3.49941 2 645.927 308.24 344.494 223.408
17 0.693993 -0.386852 3.26843 2 630.519 341.328 336.277 247.39
18 1.04212 -0.424482 3.50491 2 689.725 342.886 367.853 248.519
19 0.97824 -0.482884 3.42822 1 681.414 352.934 363.421 255.802
20 0.539027 0.188319 3.50777 2 589.754 254.012 314.535 184.105
21 0.530955 -0.12007 4.03522 1 574.48 296.274 306.389 214.736
22 0.529673 -0.125104 4.02474 1 574.498 296.947 306.399 215.223
23 0.331996 -0.266851 3.17683 2 555.852 323.734 296.454 234.638
24 0.367646 -0.246336 3.17022 2 563.749 320.552 300.666 232.332
0
0
-0.328423 -0.226446 0.90501 -0.147707
-0.399408 -0.213972 0.876002 -0.16526
-0.465785 -0.221437 0.828886 -0.216699
0 0 0 0
0.504379 0.731641 -0.402943 -0.218953
0.439744 0.674718 -0.236365 -0.54361
0.435626 0.816072 -0.0764175 -0.372044
0.41736 0.826675 -0.190962 -0.325505
-0.13673 0.486476 0.731229 -0.458203
-0.355286 0.887541 0.0140987 -0.292992
0.242726 0.338297 -0.249738 0.874225
0.355894 0.361297 -0.238133 0.828309
0.144988 0.845467 -0.513837 -0.0116412
0.59046 -0.279596 0.0313794 0.756438
-0.225844 -0.163445 0.234797 0.931209
0 0 0 0
-0.233183 0.390507 0.7776 -0.434128
-0.334558 0.875448 -0.292131 0.190582
0.0691402 0.649678 0.671334 0.349926
0 0 0 0
-0.468431 -0.212632 0.832508 -0.205647
0 0 0 0
0 0 0 0
0 0 0 0
0 0 0 0
