3081347
0 -0.300267 -0.200628 2.30897 2 394.44 325.223 210.368 235.717
1 -0.339848 0.0829008 2.2111 2 378.15 262.219 201.68 190.052
2 -0.376801 0.356903 2.10054 2 360.121 194.898 192.064 141.26
3 -0.344114 0.483738 2.07712 2 369.437 162.749 197.033 117.959
4 -0.383653 0.206443 2.02643 2 353.398 229.515 188.479 166.349
5 -0.340219 -0.0563737 2.06506 2 370.515 295.043 197.608 213.843
6 -0.244637 -0.237621 2.15246 2 405.717 337.132 216.382 244.349
7 -0.218857 -0.299513 2.20639 2 415.654 349.994 221.682 253.671
8 -0.325346 0.336219 2.27151 1 385.216 206.124 205.448 149.396
9 -0.317 0.121252 2.0833 2 379.195 251.724 202.237 182.446
10 -0.303539 -0.128069 2.0754 1 383.274 312.47 204.413 226.474
11 -0.329042 -0.144775 2.11821 1 376.986 315.844 201.059 228.919
12 -0.311487 -0.209375 2.24924 2 388.601 328.376 207.254 238.002
13 -0.211356 -0.508437 2.33297 2 421.438 391.878 224.767 284.028
14 -0.264948 -0.894615 2.58362 2 412.907 457.744 220.217 331.767
15 -0.206386 -0.972368 2.58159 2 428.537 473.343 228.553 343.073
16 -0.280363 -0.185621 2.30291 2 400.177 322.027 213.428 233.401
17 -0.260993 -0.625428 2.38658 2 408.366 414.502 217.795 300.426
18 -0.366156 -0.908393 2.68729 2 389.547 453.561 207.758 328.735
19 -0.248027 -0.947643 2.63535 2 418.733 464.584 223.324 336.724
20 -0.367804 0.289889 2.13081 2 364.905 212.164 194.616 153.774
21 -0.1755 -0.359871 2.24458 2 430.101 362.473 229.387 262.716
22 -0.189978 -0.248289 2.23696 2 425.522 337.408 226.945 244.548
23 -0.34158 -0.181297 2.14151 2 374.083 324.123 199.511 234.92
24 -0.276228 -0.119867 2.12087 2 394.338 309.827 210.313 224.559
1
1
0.495239 -0.140135 0.850478 -0.108568
0.545453 -0.146407 0.81918 -0.0999506
0.595962 -0.177123 0.772743 -0.127771
0 0 0 0
-0.30156 0.713197 -0.31469 0.548982
0.037576 0.925471 0.101914 0.362912
-0.0946204 0.468948 0.290248 0.828789
0.00858784 0.418935 0.374533 0.82713
0.468226 0.467784 0.656574 0.361737
0.232664 -0.648989 -0.264275 0.674418
-0.0312458 0.485839 -0.000719859 0.87349
0.55076 0.51949 0.194222 0.623756
-0.439615 0.602109 -0.485291 0.456832
0.171018 0.9365 0.111789 -0.284998
0.254948 0.920513 -0.135686 -0.263147
0 0 0 0
0.0509663 0.427473 0.888759 -0.157405
0.031291 0.527469 0.0910484 0.844101
0.211732 0.187033 0.350893 0.892783
0 0 0 0
0.598216 -0.161972 0.777587 -0.106119
0 0 0 0
0 0 0 0
0 0 0 0
0 0 0 0
