3055771
0 0.924272 -0.22897 3.948 2 645.542 310.666 344.289 225.167
1 0.937037 0.000297185 3.87596 2 650.821 281.172 347.105 203.789
2 0.946312 0.228715 3.79575 2 656.121 250.592 349.931 181.625
3 0.938656 0.339586 3.73333 2 657.648 234.972 350.746 170.304
4 0.787236 0.182491 3.82887 2 625.724 257.028 333.719 186.291
5 0.551749 0.1833 3.69411 2 586.772 256.076 312.945 185.601
6 0.376739 0.156479 3.58439 2 556.231 259.121 296.656 187.807
7 0.328954 0.143211 3.53481 2 547.933 260.716 292.231 188.963
8 1.1139 0.150789 3.79952 2 686.68 261.017 366.229 189.182
9 1.26906 -0.0328184 3.88397 2 710.119 285.514 378.73 206.937
10 1.36914 -0.204937 3.84765 2 730.485 308.364 389.592 223.498
11 1.42683 -0.245672 3.81866 2 742.943 314.024 396.236 227.6
12 0.844454 -0.217427 3.93659 2 631.917 309.244 337.023 224.136
13 0.527525 -0.17655 3.67604 2 582.725 305.535 310.787 221.447
14 0.342195 -0.454169 3.6378 1 548.708 344.449 292.644 249.652
15 0.333694 -0.535796 3.53377 1 549 358.061 292.8 259.518
16 0.990992 -0.23711 3.90279 2 659.332 312.088 351.644 226.197
17 0.976232 -0.256683 3.4929 2 677.177 318.595 361.161 230.913
18 0.823122 -0.517278 3.38095 2 652.259 359.039 347.872 260.227
19 0.810651 -0.598239 3.27767 1 655.044 374.117 349.357 271.155
20 0.944469 0.171994 3.81742 2 654.781 258.32 349.216 187.227
21 0.28528 0.132651 3.47934 2 540.312 261.928 288.166 189.842
22 0.304502 0.105521 3.51 2 543.585 266.006 289.912 192.797
23 1.48963 -0.302915 3.8126 2 754.875 321.749 402.6 233.2
24 1.44861 -0.207272 3.76869 2 750.433 309.267 400.231 224.153
2
0
-0.121255 0.0452262 0.980628 -0.147037
-0.086548 0.0400054 0.984299 -0.148543
-0.0542422 0.0254178 0.981783 -0.180317
0 0 0 0
-0.143888 -0.677824 0.715902 -0.0856443
-0.280194 0.70155 -0.650371 0.079597
0.453122 0.188858 -0.479894 0.727128
0.369211 0.113983 -0.51873 0.762634
0.0712395 0.732548 0.658159 -0.158508
-0.0674022 0.721362 0.367617 0.583054
-0.138437 0.945876 0.235817 0.174769
-0.298062 0.858273 0.37997 0.173634
-0.0635814 -0.638383 0.752872 -0.146999
0.72687 -0.315998 -0.145707 0.592094
-0.207329 0.800946 -0.209439 -0.521186
0 0 0 0
-0.125698 0.681194 0.658755 -0.293627
0.332504 -0.371345 0.604655 -0.621237
0.108467 0.522157 -0.289787 0.794739
0 0 0 0
-0.0531292 0.0295253 0.9849 -0.162101
0 0 0 0
0 0 0 0
0 0 0 0
0 0 0 0
