3092568
0 -0.241483 -0.228259 2.28714 2 411.299 331.748 219.36 240.446
1 -0.271378 0.0545397 2.1727 2 398.042 268.505 212.289 194.609
2 -0.299313 0.32958 2.04581 2 383.056 199.455 204.297 144.562
3 -0.258597 0.455179 2.03609 2 396.248 167.608 211.332 121.48
4 -0.325197 0.184659 1.98743 2 371.217 234.103 197.982 169.675
5 -0.282324 -0.0557068 2.0044 2 387.033 295.283 206.418 214.017
6 -0.222049 -0.240726 2.10032 2 411.183 339.265 219.298 245.895
7 -0.200773 -0.309601 2.16742 2 420.167 353.594 224.089 256.28
8 -0.254544 0.311139 2.22643 1 405.202 210.375 216.108 152.477
9 -0.250713 0.0941099 2.04484 2 399.614 257.914 213.128 186.933
10 -0.239124 -0.170255 2.02858 1 402.84 323.709 214.848 234.62
11 -0.249792 -0.18728 2.07136 1 400.958 327.001 213.844 237.006
12 -0.254906 -0.241347 2.22961 2 405.256 336.042 216.136 243.559
13 -0.286684 -0.519674 2.36826 2 400.379 392.694 213.535 284.619
14 -0.288974 -0.916651 2.61086 2 407.259 460.236 217.205 333.573
15 -0.20475 -0.972431 2.57752 2 428.889 473.661 228.741 343.303
16 -0.221502 -0.208681 2.27705 2 417.035 327.604 222.419 237.443
17 -0.240237 -0.629422 2.40062 2 414.792 414.554 221.223 300.463
18 -0.353674 -0.913277 2.67638 2 392.39 455.201 209.275 329.923
19 -0.237546 -0.962136 2.63182 2 421.399 467.659 224.746 338.953
20 -0.29269 0.261969 2.07967 2 386.985 217.344 206.392 157.528
21 -0.159142 -0.38881 2.19223 2 433.934 371.142 231.431 268.998
22 -0.149951 -0.256952 2.1815 2 436.666 340.842 232.888 247.037
23 -0.237033 -0.236061 2.08437 2 405.668 338.583 216.356 245.4
24 -0.22393 -0.151957 2.10328 2 410.721 317.78 219.051 230.323
1
1
0.468635 -0.13469 0.861195 -0.143466
0.523639 -0.143734 0.828902 -0.134405
0.578545 -0.172553 0.781443 -0.157665
0 0 0 0
-0.244226 0.723464 -0.360955 0.535411
-0.0237682 0.803914 0.0915899 0.587169
-0.0475858 0.361217 0.26705 0.892156
0.0172775 0.317507 0.387315 0.865377
0.495137 0.465357 0.639581 0.359471
0.229984 -0.647665 -0.252327 0.681152
-0.0262313 0.149971 -0.0270683 0.987972
0.152556 0.0236992 0.544629 0.824345
-0.394685 0.616358 -0.485877 0.477755
0.206631 0.93865 -0.109915 -0.253294
0.258111 0.920035 -0.0821103 -0.283147
0 0 0 0
0.0249683 0.363677 0.91025 -0.196366
0.0722447 0.363029 0.124415 0.920604
0.221886 0.189715 0.325612 0.899306
0 0 0 0
0.580369 -0.162326 0.785749 -0.139356
0 0 0 0
0 0 0 0
0 0 0 0
0 0 0 0
