3118652
0 -0.149921 -0.180826 2.30694 2 439.28 320.863 234.283 232.557
1 -0.14126 0.0833169 2.17892 2 439.408 261.876 234.351 189.804
2 -0.139767 0.341677 2.04488 2 436.874 196.516 233 142.432
3 -0.108471 0.469702 2.0251 2 446.991 163.424 238.395 118.447
4 -0.16496 0.190043 1.98874 2 426.903 232.844 227.681 168.762
5 -0.133032 -0.0562829 1.99685 2 438.18 295.462 233.696 214.147
6 -0.093419 -0.300083 2.08061 2 453.054 354.256 241.629 256.76
7 -0.063713 -0.385351 2.11367 2 463.19 373.635 247.035 270.806
8 -0.0672254 0.315624 2.31917 1 464.012 212.307 247.473 153.877
9 -0.229084 0.101852 2.24617 2 413.829 258.267 220.709 187.189
10 -0.194431 -0.00443211 2.48043 1 430.091 282.114 229.382 204.473
11 -0.183098 -0.0429139 2.55986 1 434.808 289.687 231.898 209.961
12 -0.165199 -0.18993 2.2393 2 433.229 324.126 231.056 234.922
13 -0.121346 -0.592635 2.4058 2 449.131 406.366 239.537 294.528
14 -0.167779 -0.905026 2.61975 2 439.596 457.29 234.451 331.438
15 -0.0827488 -0.948507 2.60473 2 461.944 466.882 246.37 338.389
16 -0.130288 -0.166532 2.30759 2 445.149 317.711 237.413 230.273
17 -0.0429658 -0.524932 2.3851 1 471.532 392.914 251.484 284.779
18 -0.123824 -0.847759 2.70617 2 452.296 440.719 241.224 319.427
19 -0.0866358 -0.933285 2.67194 2 461.498 459.239 246.132 332.85
20 -0.141941 0.278507 2.08065 2 437.005 213.42 233.069 154.684
21 -0.0450914 -0.449142 2.15103 2 469.503 387.148 250.402 280.6
22 -0.084775 -0.412261 2.10106 2 456.145 380.731 243.278 275.949
23 -0.182557 -0.0392388 2.55381 1 434.838 288.98 231.913 209.448
24 -0.181524 -0.0425449 2.53785 1 434.808 289.687 231.898 209.961
3
1
0.517079 -0.105851 0.826057 -0.197623
0.550433 -0.113845 0.804217 -0.193128
0.581165 -0.140688 0.772761 -0.212823
0 0 0 0
-0.236991 0.708309 -0.320318 0.582693
-0.0309892 0.740776 0.0587509 0.66846
0.178629 0.817608 -0.0265627 -0.546721
0.236095 0.797595 0.0295947 -0.55428
0.472153 0.541233 0.592042 0.365548
0.331044 -0.568879 0.0760612 0.749
0.541831 0.818769 -0.0411149 -0.185325
0.531024 0.825696 -0.0422557 -0.185618
-0.388529 0.565807 -0.532885 0.494916
0.200619 0.951502 0.00344596 -0.233203
0.277823 0.938175 -0.115553 -0.171143
0 0 0 0
0.232404 0.441642 0.860332 -0.103771
-0.0532078 0.472351 0.147518 0.867348
0.267826 0.452956 0.281446 0.802427
0 0 0 0
0.58235 -0.139606 0.779398 -0.184167
0 0 0 0
0 0 0 0
0 0 0 0
0 0 0 0
