3088576
0 -0.236 -0.229523 2.24859 2 411.729 332.9 219.589 241.282
1 -0.258169 0.0432344 2.13453 2 400.772 270.96 213.745 196.388
2 -0.279745 0.307538 2.00543 2 387.786 203.413 206.819 147.431
3 -0.230014 0.432366 1.99099 2 404.206 170.899 215.576 123.865
4 -0.315459 0.167604 1.95072 2 372.552 237.656 198.694 172.25
5 -0.272511 -0.0663638 1.96508 2 388.532 298.311 207.217 216.212
6 -0.202831 -0.265923 2.0751 2 416.664 346.131 222.221 250.871
7 -0.183288 -0.332512 2.13729 2 424.889 360.063 226.607 260.969
8 -0.235001 0.28914 2.18602 1 409.927 214.187 218.628 155.239
9 -0.237356 0.084444 1.98926 1 401.885 259.725 214.339 188.245
10 -0.228323 -0.154915 1.98291 1 404.731 320.765 215.857 232.486
11 -0.242404 -0.172655 2.01159 1 401.026 324.676 213.88 235.321
12 -0.250902 -0.237813 2.18492 2 404.906 336.346 215.95 243.779
13 -0.275582 -0.514935 2.32581 2 402.147 393.695 214.479 285.345
14 -0.281621 -0.898088 2.58268 2 408.402 458.508 217.814 332.321
15 -0.198777 -0.975159 2.5737 2 430.415 474.492 229.555 343.905
16 -0.214254 -0.216175 2.24255 2 418.226 330.012 223.054 239.188
17 -0.235647 -0.630711 2.37851 2 415.478 416.08 221.588 301.569
18 -0.321731 -0.918393 2.67872 2 400.738 456.011 213.727 330.511
19 -0.235509 -0.96429 2.62832 2 421.851 468.33 224.987 339.439
20 -0.274652 0.242721 2.04028 2 391.231 220.911 208.656 160.113
21 -0.142497 -0.409592 2.15667 2 438.414 377.539 233.821 273.635
22 -0.141755 -0.277024 2.15693 2 438.732 346.245 233.99 250.954
23 -0.231548 -0.221136 2.02642 2 405.298 336.489 216.159 243.883
24 -0.293936 -0.161744 2.05235 2 385.351 321.138 205.52 232.756
1
1
0.478471 -0.129169 0.855025 -0.152686
0.521874 -0.136862 0.829246 -0.14583
0.562456 -0.170436 0.789293 -0.177796
0 0 0 0
-0.219192 0.726228 -0.385479 0.525313
-0.0285936 0.806182 0.0910636 0.583917
-0.0681235 0.304481 0.276834 0.908853
-0.00548932 0.264724 0.377724 0.887252
0.498691 0.477918 0.631025 0.353141
0.258214 -0.633125 -0.269944 0.677945
-0.00987385 -0.492607 -0.0208254 0.869946
-0.0267419 -0.420016 0.506556 0.752511
-0.414842 0.591503 -0.514798 0.461533
0.214407 0.939674 -0.0986113 -0.247627
0.278702 0.922258 -0.0839721 -0.254388
0 0 0 0
0.0787382 0.463379 0.865055 -0.175387
0.0780645 0.343148 0.139209 0.925622
0.219168 0.268981 0.336465 0.875446
0 0 0 0
0.565207 -0.157748 0.794584 -0.15586
0 0 0 0
0 0 0 0
0 0 0 0
0 0 0 0
