3031075
0 0.729691 0.124285 3.17088 2 642.747 261.309 342.798 189.393
1 0.761469 0.340115 3.01589 2 658.435 223.865 351.165 162.254
2 0.789971 0.551504 2.85206 2 675.738 182.689 360.394 132.41
3 0.824672 0.646555 2.77641 2 689.828 162.44 367.908 117.735
4 0.642173 0.498835 2.90736 2 636.609 193.954 339.525 140.575
5 0.415158 0.408899 2.9404 2 581.268 210.683 310.01 152.7
6 0.32357 0.407757 2.67744 2 567.239 203.982 302.528 147.844
7 0.285409 0.407793 2.63939 2 558.463 202.876 297.847 147.042
8 0.9433 0.444677 2.93383 2 706.688 203.949 376.9 147.819
9 1.02456 0.248874 3.01062 2 719.67 239.078 383.824 173.281
10 1.00898 0.0684032 2.90216 2 724.75 269.198 386.533 195.111
11 0.98391 -0.0041598 2.86613 2 721.685 281.95 384.899 204.354
12 0.656978 0.132206 3.14694 2 627.912 259.894 334.887 188.368
13 0.530517 -0.178872 3.18737 2 598.593 309.652 319.25 224.432
14 0.461775 -0.432702 3.51682 2 574.403 343.576 306.348 249.019
15 0.459973 -0.522454 3.42319 1 576.582 358.628 307.511 259.929
16 0.789617 0.113172 3.13967 2 657.618 262.895 350.73 190.543
17 0.828613 -0.224072 3.08521 2 669.564 318.144 357.101 230.587
18 0.90343 -0.524796 3.26771 2 675.281 362.992 360.15 263.092
19 0.897899 -0.613662 3.17496 2 679.797 379.701 362.558 275.202
20 0.783426 0.499362 2.8947 2 671.253 193.362 358.002 140.146
21 0.231948 0.397207 2.63765 2 544.521 204.892 290.411 148.503
22 0.227699 0.370982 2.64033 2 543.334 210.024 289.778 152.222
23 0.975886 -0.0551577 2.85769 2 720.435 291.046 384.232 210.946
24 0.988541 0.00361319 2.8266 2 726.188 280.559 387.3 203.346
0
4
-0.0421868 0.0759368 0.94946 -0.301629
-0.0211464 0.0692372 0.950161 -0.303237
-0.00484554 0.0531173 0.94087 -0.334543
0 0 0 0
0.250937 0.681972 -0.659677 0.191759
0.382576 -0.519405 0.413692 0.642428
0.405062 -0.193259 -0.577818 0.681691
0.542011 -0.0608262 -0.454488 0.704247
0.262987 0.790315 0.522677 -0.181795
0.0463523 0.810896 0.252277 0.52598
-0.25938 0.95468 -0.0729896 0.126411
-0.202976 0.95776 -0.176036 0.102507
-0.116939 -0.59524 0.733338 -0.306969
0.103243 -0.645989 0.171675 0.736591
0.252131 0.646098 -0.367905 -0.619382
0 0 0 0
-0.00114881 0.676749 0.647188 -0.350938
-0.0976127 0.764516 -0.00717389 0.63713
0.129691 0.725745 0.255122 0.625609
0 0 0 0
-0.00203377 0.0583104 0.946313 -0.317942
0 0 0 0
0 0 0 0
0 0 0 0
0 0 0 0
