3051241
0 0.0792807 -0.0773861 2.703 2 504.103 295.681 268.855 214.306
1 0.178112 0.225837 2.73868 2 528.669 239.493 281.957 173.581
2 0.274541 0.520866 2.75781 2 552.603 185.375 294.722 134.358
3 0.366385 0.619502 2.77237 2 575.229 167.649 306.789 121.509
4 0.14046 0.385008 2.67932 2 520.04 208.431 277.355 151.068
5 -0.0785153 0.264894 2.77843 2 464.53 232.983 247.75 168.863
6 -0.159442 0.0236855 2.85171 2 445.547 277.012 237.625 200.775
7 -0.160051 -0.0567531 2.87616 2 445.727 291.186 237.721 211.048
8 0.334746 0.319363 2.72819 2 568.449 221.894 303.173 160.826
9 0.429777 0.199981 2.92396 2 585.151 246.562 312.081 178.705
10 0.495883 0.125511 3.12661 1 593.153 260.873 316.348 189.077
11 0.492558 0.0911465 3.24151 2 588.55 266.969 313.893 193.495
12 0.0278538 -0.0581509 2.64091 2 491.2 292.339 261.974 211.883
13 0.0291701 -0.453797 2.6405 2 491.565 368.302 262.168 266.941
14 -0.119942 -0.856961 2.64101 2 452.521 446.484 241.344 323.605
15 -0.0835075 -0.92995 2.60749 2 461.77 463.022 246.277 335.592
16 0.129175 -0.0938516 2.698 2 516.849 298.796 275.653 216.563
17 0.0115627 -0.411563 2.60631 2 487.011 361.2 259.739 261.793
18 -0.0340347 -0.765756 2.5995 1 474.903 431.097 253.282 312.453
19 -0.0738343 -0.859706 2.61912 2 464.442 448.409 247.703 325.001
20 0.250826 0.448379 2.75537 2 546.675 198.711 291.56 144.023
21 -0.155551 -0.121123 2.89606 2 447.053 302.356 238.428 219.144
22 -0.189133 -0.0644494 2.85309 2 438.408 292.632 233.818 212.096
23 0.503085 0.066964 3.2849 2 589.374 270.885 314.333 196.334
24 0.467208 0.0917863 3.21533 2 583.957 266.754 311.444 193.34
0
0
0.246654 0.165289 0.954778 0.015524
0.181855 0.16387 0.96921 0.0266099
0.100984 0.158203 0.982229 2.00095e-005
0 0 0 0
-0.2192 0.830983 -0.488088 0.152279
0.160353 0.844963 -0.500778 -0.0977076
0.00384122 0.736382 -0.21089 -0.642848
0.103755 0.715164 -0.104204 -0.683313
-0.109403 0.953284 0.274379 0.0632265
-0.496919 -0.672369 0.112186 0.537034
-0.460286 -0.463053 0.351042 0.671184
-0.389994 -0.540989 0.45243 0.592067
0.273256 -0.536677 0.735777 -0.309744
0.00038453 0.86402 0.00170125 -0.503455
-0.0442147 0.952001 -0.170565 -0.250293
0 0 0 0
-0.0707503 0.809752 0.582244 0.0169549
0.081586 0.488719 -0.201803 0.844851
0.0501799 0.508188 -0.0408005 0.858815
0 0 0 0
0.103509 0.159858 0.981507 0.0193534
0 0 0 0
0 0 0 0
0 0 0 0
0 0 0 0
