3029108
0 0.855608 -0.246408 3.61998 2 647.119 315.788 345.13 228.879
1 0.954196 -0.042669 3.55074 2 669.614 287.32 357.127 208.245
2 1.04408 0.152172 3.47241 2 691.927 258.906 369.028 187.652
3 1.1376 0.211675 3.41655 2 714.506 249.644 381.07 180.938
4 0.93614 0.135975 3.44025 2 671.988 261.113 358.394 189.251
5 0.761897 0.153117 3.31909 2 642.355 257.786 342.59 186.84
6 0.551681 0.0960327 3.14151 2 604.916 265.717 322.622 192.588
7 0.492368 0.0968453 3.08286 2 593.915 265.296 316.755 192.283
8 1.16544 0.0395819 3.56915 2 709.972 275.562 378.652 199.724
9 1.22119 -0.12839 3.73022 1 710.574 298.743 378.973 216.525
10 1.26744 -0.309502 3.83174 2 713 322.368 380.267 233.648
11 1.32856 -0.296383 3.84795 2 723.122 320.472 385.665 232.273
12 0.793381 -0.216709 3.58992 2 636.431 311.857 339.43 226.03
13 0.544723 -0.268454 3.37662 2 595.08 321.509 317.376 233.025
14 0.351404 -0.486541 3.50328 1 553.033 351.588 294.951 254.826
15 0.442637 -0.472475 3.56764 2 569.424 348.341 303.693 252.473
16 0.903766 -0.273172 3.59521 2 657.588 319.83 350.714 231.808
17 0.915509 -0.270877 3.31459 1 674.9 322.783 359.947 233.949
18 0.819489 -0.616463 3.3193 1 654.748 375.751 349.199 272.34
19 0.881631 -0.584047 3.22982 2 672.899 373.315 358.879 270.573
20 1.02195 0.102521 3.4963 2 686.06 266.291 365.899 193.004
21 0.425354 0.0968733 3.00848 2 581.251 264.905 310 192
22 0.444582 0.107754 3.0255 2 585.093 263.173 312.05 190.744
23 1.3743 -0.285484 3.86343 2 730.425 318.886 389.56 231.124
24 1.35843 -0.322266 3.7745 2 733.359 324.749 391.125 235.373
0
0
-0.0165103 0.218475 0.964424 -0.147925
0.0901344 0.200796 0.960345 -0.171155
0.181308 0.151285 0.940861 -0.242941
0 0 0 0
0.0233309 -0.500702 0.809078 -0.306832
-0.327402 0.670838 -0.658075 0.098598
-0.582187 0.690592 -0.243927 -0.353043
0.666718 -0.637242 0.245679 0.298416
0.258754 0.825881 0.500932 -0.00579964
0.190956 0.693425 0.33552 0.608378
0.231569 0.954272 0.143712 0.122831
0.288246 0.626558 0.720057 -0.076529
-0.00578268 -0.493651 0.835096 -0.242671
0.648533 -0.527412 0.0374072 0.547578
0.331079 0.842181 -0.217339 0.365898
0 0 0 0
-0.106367 0.818177 0.516867 -0.228301
-0.441534 0.414501 -0.555998 0.569301
0.12022 0.49653 -0.061954 0.857419
0 0 0 0
0.193891 0.169879 0.944148 -0.205259
0 0 0 0
0 0 0 0
0 0 0 0
0 0 0 0
