3095714
0 0.978157 -0.240197 3.94627 2 655.12 312.139 349.397 226.234
1 0.977937 -0.00624789 3.89111 2 657.483 282.027 350.658 204.409
2 0.976654 0.225726 3.82838 2 660.159 251.244 352.085 182.098
3 0.94629 0.34999 3.76767 2 657.467 233.989 350.649 169.592
4 0.815314 0.166821 3.93263 2 626.909 259.688 334.351 188.218
5 0.576896 0.120469 4.04151 2 582.187 266.116 310.5 192.878
6 0.330796 0.0882598 4.05382 2 540.037 270.2 288.02 195.838
7 0.27766 0.109087 4.06093 2 530.938 267.628 283.167 193.973
8 1.11503 0.143911 3.78244 2 687.81 261.85 366.832 189.786
9 1.29089 0.00182489 3.71832 2 724.399 280.961 386.346 203.636
10 1.39228 -0.086614 3.53614 2 756.946 293.707 403.704 212.875
11 1.42744 -0.0981767 3.45176 2 770.773 295.727 411.079 214.339
12 0.901762 -0.235347 3.94817 2 641.572 311.48 342.172 225.757
13 0.646909 -0.255574 3.60528 2 607.606 317.157 324.056 229.871
14 0.535314 -0.543403 3.39118 2 592.849 362.55 316.186 262.771
15 0.487562 -0.622158 3.29897 2 585.958 376.989 312.511 273.236
16 1.0404 -0.240965 3.8884 2 668.843 312.721 356.716 226.656
17 0.990016 -0.278171 3.46332 2 681.631 322.081 363.537 233.44
18 0.916874 -0.540777 3.27702 2 677.607 365.256 361.39 264.733
19 0.865968 -0.619515 3.1855 2 672.163 380.288 358.487 275.627
20 0.977294 0.168127 3.84565 2 659.459 258.994 351.711 187.715
21 0.215191 0.116453 4.05154 2 520.446 266.68 277.571 193.286
22 0.295404 0.083744 4.06755 2 533.861 270.8 284.726 196.272
23 1.46219 -0.12279 3.40462 2 781.876 299.62 417 217.161
24 1.44472 -0.0883154 3.3745 2 780.938 294.57 416.5 213.5
2
0
-0.199771 0.0227785 0.973012 -0.113231
-0.214276 0.0244666 0.96992 -0.112878
-0.228398 0.0282755 0.962672 -0.142471
0 0 0 0
0.249022 0.703483 -0.659118 -0.0930827
0.371212 -0.385038 0.524529 0.662432
0.635954 0.235734 -0.175373 0.713608
0.796345 0.219205 -0.216552 0.52047
-0.064138 0.719497 0.645747 -0.247428
-0.385776 0.684631 0.221073 0.577568
-0.466048 0.83242 0.295893 -0.0482047
-0.583291 0.746731 0.311492 -0.0716759
-0.0932761 -0.680694 0.723167 -0.0706099
0.593942 -0.279926 -0.351549 0.667298
0.302703 -0.535661 -0.159046 0.772102
0 0 0 0
-0.199408 0.635891 0.675071 -0.31648
0.395031 -0.498248 0.548319 -0.543181
-0.175187 0.772683 -0.267658 0.548298
0 0 0 0
-0.228655 0.0275665 0.965162 -0.124172
0 0 0 0
0 0 0 0
0 0 0 0
0 0 0 0
