3082031
0 -0.299955 -0.204201 2.31231 2 394.661 325.943 210.486 236.239
1 -0.337077 0.0729735 2.20509 2 378.732 264.448 201.99 191.668
2 -0.370277 0.340393 2.08215 2 361.213 198.18 192.647 143.638
3 -0.328317 0.465882 2.04877 2 373.21 165.573 199.046 120.005
4 -0.386982 0.194939 2.01725 2 351.668 232.174 187.556 168.277
5 -0.34752 -0.0533001 2.04802 2 367.101 294.399 195.787 213.376
6 -0.256733 -0.255392 2.13482 2 401.144 341.83 213.943 247.754
7 -0.233403 -0.321982 2.18613 2 410.409 355.87 218.885 257.93
8 -0.318816 0.319752 2.25311 1 386.425 209.231 206.093 151.648
9 -0.313352 0.110806 2.05816 1 379.14 253.937 202.208 184.05
10 -0.301099 -0.133519 2.04969 1 382.825 314.211 204.173 227.736
11 -0.314007 -0.153397 2.08066 1 380.037 318.567 202.687 230.893
12 -0.312629 -0.21648 2.24673 2 388.137 330.034 207.007 239.204
13 -0.197671 -0.503231 2.34562 2 425.812 390.134 227.1 282.764
14 -0.254504 -0.895081 2.58723 2 415.806 457.582 221.763 331.649
15 -0.2018 -0.973043 2.57827 2 429.698 473.726 229.173 343.35
16 -0.278091 -0.187157 2.31184 2 401.179 322.205 213.962 233.53
17 -0.263635 -0.625874 2.39848 2 407.982 413.932 217.59 300.012
18 -0.360209 -0.910227 2.68284 2 390.925 454.198 208.493 329.196
19 -0.240541 -0.949607 2.64418 2 420.915 464.345 224.488 336.551
20 -0.36247 0.274702 2.11522 2 365.785 215.31 195.085 156.054
21 -0.197638 -0.398542 2.22335 2 422.687 372.127 225.433 269.712
22 -0.192093 -0.26712 2.21058 2 424.153 342.406 226.215 248.171
23 -0.311931 -0.215765 2.08705 2 380.999 333.616 203.199 241.8
24 -0.285743 -0.119822 2.12621 2 391.474 309.748 208.786 224.501
1
1
0.510358 -0.148835 0.838012 -0.122958
0.546126 -0.154014 0.815154 -0.116405
0.580855 -0.181077 0.778927 -0.151957
0 0 0 0
-0.274078 0.7187 -0.339074 0.541646
0.0250679 0.913772 0.0960741 0.393905
-0.119445 0.3366 0.247129 0.900756
-0.0379112 0.29209 0.341941 0.892369
0.474461 0.477434 0.650828 0.351236
0.245637 -0.642281 -0.272289 0.67305
-0.0284032 0.234353 -0.0109664 0.971675
0.246382 0.109133 0.429485 0.861933
-0.424622 0.609648 -0.478836 0.467698
0.198101 0.939038 0.136938 -0.245381
0.236871 0.910664 -0.14663 -0.305096
0 0 0 0
0.167531 0.429351 0.882779 -0.091066
0.0382469 0.531526 0.0909283 0.841278
0.189361 0.157413 0.346939 0.904984
0 0 0 0
0.582545 -0.170403 0.783825 -0.131234
0 0 0 0
0 0 0 0
0 0 0 0
0 0 0 0
