3076948
0 0.583274 0.108471 3.60122 2 595.474 265.95 317.586 192.757
1 0.580843 0.250078 3.44723 2 600.034 244.436 320.018 177.164
2 0.581831 0.396388 3.29192 2 605.835 220.111 323.112 159.533
3 0.521382 0.536741 3.2879 2 593.356 198.338 316.457 143.752
4 0.398943 0.431292 3.36556 2 565.595 216.266 301.651 156.746
5 0.406607 0.176395 3.46 2 564.792 255.406 301.222 185.115
6 0.353218 -0.010672 3.5115 1 553.107 282.748 294.99 204.932
7 0.361734 -0.0239332 3.55138 2 553.981 284.62 295.456 206.289
8 0.649803 0.407823 3.30331 2 619.688 218.526 330.5 158.385
9 0.63972 0.208642 3.24045 1 620.062 248.546 330.7 180.143
10 0.459929 0.209456 3.13381 1 584.996 247.351 311.998 179.277
11 0.400594 0.209928 3.10136 1 572.845 246.934 305.517 178.974
12 0.485264 0.105533 3.57695 2 577.299 266.273 307.893 192.991
13 0.4191 -0.107118 3.63105 2 563.334 296.14 300.445 214.638
14 0.392609 -0.346942 3.71978 2 556.58 328.435 296.843 238.045
15 0.297363 -0.437512 3.6913 2 539.39 341.226 287.675 247.316
16 0.667498 0.103528 3.55628 2 613.287 266.45 327.086 193.12
17 0.769846 -0.11407 3.598 2 631.513 297.299 336.807 215.478
18 0.84934 -0.32088 3.68983 2 642.857 325.386 342.857 235.835
19 0.867795 -0.409893 3.64169 2 648.555 338.42 345.896 245.282
20 0.581941 0.360259 3.33254 2 604.339 226.372 322.314 164.071
21 0.349944 -0.0570308 3.57485 2 551.25 289.281 294 209.667
22 0.385114 -0.0278899 3.52786 2 559.015 285.211 298.141 206.717
23 0.346065 0.209527 3.05693 1 561.835 246.514 299.645 178.67
24 0.399973 0.244204 3.07417 1 573.508 240.978 305.871 174.657
0
0
-0.0410125 0.0116638 0.914735 -0.401797
-0.0475781 0.0145479 0.914417 -0.401703
-0.0528981 0.0226382 0.910771 -0.408882
0 0 0 0
-0.336696 -0.550466 0.751705 -0.136245
-0.0380668 -0.133223 0.172866 0.975151
0.18295 0.822033 -0.041716 0.537635
0.455161 0.719726 0.37174 0.369639
0.150581 0.400832 0.864846 -0.262108
-0.14097 0.955798 -0.0621605 0.250428
-0.544299 0.665148 -0.453527 -0.23586
-0.53713 0.659904 -0.463659 -0.24706
-0.192459 -0.621566 0.669639 -0.35805
0.022983 -0.679238 0.188524 0.708919
-0.00250351 -0.29408 0.183185 0.938059
0 0 0 0
0.0893853 0.590057 0.682753 -0.421535
-0.076643 0.729525 0.219854 0.643104
0.0332945 0.71902 0.260285 0.643548
0 0 0 0
-0.0516469 0.0257468 0.918546 -0.391078
0 0 0 0
0 0 0 0
0 0 0 0
0 0 0 0
