3108078
0 -0.174945 -0.194873 2.35118 2 432.794 323.147 230.824 234.213
1 -0.167866 0.101287 2.24444 2 432.553 258.388 230.695 187.276
2 -0.170294 0.390775 2.12129 2 428.622 187.775 228.598 136.097
3 -0.162666 0.52237 2.09442 2 430.314 154.452 229.501 111.944
4 -0.168874 0.232846 2.05066 2 427.294 223.721 227.89 162.15
5 -0.139574 -0.0196775 2.09548 2 438.192 285.958 233.703 207.259
6 -0.113958 -0.244694 2.19074 1 448.18 337.74 239.029 244.789
7 -0.0647669 -0.273911 2.23413 2 464.017 343.264 247.476 248.793
8 -0.0977171 0.364628 2.39564 1 455.878 204.112 243.135 147.938
9 -0.240664 0.136101 2.33005 1 412.925 251.652 220.227 182.394
10 -0.0910278 0.0209015 2.51318 1 459.079 277.007 244.842 200.771
11 -0.0774897 -0.0296751 2.55337 1 463.112 287.085 246.993 208.075
12 -0.179638 -0.195538 2.28749 2 429.953 324.466 229.309 235.169
13 -0.11011 -0.575307 2.42848 2 452.662 401.529 241.42 291.023
14 -0.167673 -0.893103 2.64191 2 440.005 453.478 234.669 328.675
15 -0.0949508 -0.946275 2.61355 2 458.784 465.812 244.685 337.614
16 -0.16654 -0.18847 2.3472 2 435.174 321.834 232.093 233.261
17 -0.247777 -0.511931 2.57257 2 417.524 382.21 222.68 277.021
18 -0.229349 -0.879264 2.71436 2 425.458 446.238 226.911 323.427
19 -0.117387 -0.935259 2.66564 2 453.452 460.05 241.841 333.438
20 -0.169058 0.319353 2.15401 2 429.913 206.089 229.287 149.37
21 -0.0240218 -0.335697 2.3002 2 476.77 355.115 254.277 257.382
22 -0.0103376 -0.211037 2.22663 2 480.765 329.15 256.408 238.564
23 -0.0648242 -0.067509 2.56971 1 466.63 294.489 248.869 213.441
24 -0.0740326 -0.032104 2.51089 1 463.706 287.673 247.31 208.501
1
1
0.608075 -0.0972387 0.774926 -0.142406
0.619398 -0.0993212 0.765905 -0.140961
0.623322 -0.142168 0.752321 -0.158968
0 0 0 0
-0.314178 0.671595 -0.283499 0.608178
0.0204044 0.696505 0.10228 0.709932
0.0393899 0.430942 0.201293 0.87876
-0.119778 0.491582 0.531231 0.679555
0.469677 0.520347 0.606499 0.375235
0.29683 -0.388887 -0.00319478 0.872152
0.396913 0.847249 0.351427 0.0335937
0.313531 0.936384 0.136183 0.0796064
0.452439 -0.495934 0.538604 -0.50917
0.184851 0.971961 0.0620229 -0.131434
0.255784 0.916463 -0.155265 -0.265637
0 0 0 0
-0.0117224 0.423085 0.88512 -0.193452
0.140103 0.111363 0.280301 0.943081
0.0264066 0.264829 0.18264 0.946473
0 0 0 0
0.626651 -0.126763 0.754429 -0.148582
0 0 0 0
0 0 0 0
0 0 0 0
0 0 0 0
