3094285
0 0.980079 -0.244817 3.93619 2 655.903 312.816 349.815 226.725
1 0.978833 -0.00961342 3.88411 2 657.96 282.468 350.912 204.729
2 0.974481 0.222602 3.81972 2 660.165 251.592 352.088 182.35
3 0.947653 0.345285 3.75622 2 658.251 234.48 351.067 169.948
4 0.81666 0.163655 3.92029 2 627.599 260.029 334.72 188.466
5 0.662646 0.0249658 4.01548 2 597.58 278.061 318.709 201.535
6 0.470526 -0.118909 4.01565 2 564.542 296.196 301.089 214.679
7 0.409617 -0.144964 3.99045 2 554.535 299.591 295.752 217.139
8 1.11182 0.139984 3.77866 2 687.423 262.36 366.625 190.155
9 1.27313 -0.0266656 3.68933 2 722.941 284.894 385.569 206.487
10 1.27493 -0.185681 3.50187 2 736.239 308.248 392.661 223.414
11 1.27836 -0.215795 3.44828 2 740.897 313.127 395.145 226.95
12 0.900342 -0.237431 3.94414 2 641.485 311.779 342.125 225.973
13 0.696459 -0.280615 3.56722 2 618.573 321.123 329.906 232.745
14 0.628167 -0.535608 3.35351 2 613.266 362.342 327.075 262.621
15 0.581256 -0.614615 3.26063 2 607.073 377.005 323.772 273.248
16 1.04643 -0.248872 3.87119 2 670.762 313.903 357.74 227.513
17 0.948057 -0.283417 3.47457 2 672.564 322.7 358.701 233.889
18 0.872961 -0.548587 3.30545 2 666.672 365.702 355.558 265.056
19 0.803016 -0.567684 3.16598 2 659.429 372.492 351.696 269.977
20 0.975949 0.164864 3.83746 2 659.591 259.378 351.782 187.994
21 0.351616 -0.194776 4.0005 2 544.379 305.84 290.335 221.669
22 0.400738 -0.172961 4.00167 2 552.812 303.079 294.833 219.667
23 1.29192 -0.255676 3.41445 2 746.252 319.408 398.001 231.503
24 1.23995 -0.213984 3.44812 2 733.125 312.852 391 226.751
0
0
-0.230318 0.0226623 0.967018 -0.106378
-0.225931 0.0221798 0.968052 -0.106479
-0.221206 0.021244 0.963776 -0.147485
0 0 0 0
0.248862 0.704503 -0.659317 -0.0839283
0.186882 -0.492433 0.401278 0.749374
0.431879 0.235235 -0.117338 0.862773
0.4724 0.148881 -0.305025 0.813408
-0.0524332 0.722958 0.643728 -0.245351
-0.310973 0.85303 0.260847 0.328016
0.236399 -0.517668 -0.347392 0.745288
0.265021 -0.498472 -0.430361 0.704328
-0.116568 -0.6727 0.729591 -0.0397778
0.543398 -0.321682 -0.393175 0.668321
0.279741 -0.532539 -0.215313 0.769277
0 0 0 0
-0.208876 0.644623 0.65921 -0.325997
0.381827 -0.549582 0.558651 -0.489977
-0.171266 0.815674 -0.246232 0.494685
0 0 0 0
-0.22148 0.0212472 0.966395 -0.128747
0 0 0 0
0 0 0 0
0 0 0 0
0 0 0 0
