3098781
0 -0.272032 -0.249691 2.24765 2 400.626 337.493 213.667 244.611
1 -0.289005 0.0295261 2.13742 2 390.932 274.217 208.497 198.749
2 -0.304232 0.301422 2.01435 2 379.813 205.285 202.567 148.787
3 -0.265772 0.429789 1.96926 2 390.757 170.306 208.404 123.436
4 -0.3365 0.154287 1.94777 2 364.916 241.048 194.622 174.708
5 -0.364386 -0.0552103 1.92355 2 353.422 295.764 188.492 214.366
6 -0.381068 -0.3242 1.93168 2 347.715 366.503 185.448 265.636
7 -0.380704 -0.432858 1.95359 2 349.207 393.95 186.244 285.529
8 -0.222438 0.26372 2.26104 2 416.244 222.137 221.997 161.002
9 -0.0998183 0.204422 2.41467 2 455.542 238.391 242.956 172.782
10 0.0412573 0.168647 2.5782 2 494.951 248.139 263.974 179.848
11 0.102233 0.143516 2.64903 2 510.472 253.82 272.252 183.965
12 -0.28515 -0.265864 2.17684 2 393.727 343.115 209.988 248.685
13 -0.176564 -0.578094 2.34511 2 431.961 406.481 230.379 294.612
14 -0.288352 -0.928876 2.61279 2 407.474 462.507 217.319 335.218
15 -0.210767 -0.976285 2.58772 2 427.494 473.664 227.997 343.305
16 -0.250819 -0.227009 2.25036 2 407.247 332.299 217.198 240.846
17 -0.223605 -0.550299 2.33635 2 417.87 400.891 222.864 290.56
18 -0.310412 -0.899333 2.63464 2 402.327 455.238 214.574 329.95
19 -0.222513 -0.966418 2.61452 2 424.966 469.74 226.649 340.461
20 -0.300676 0.234587 2.04733 2 382.773 223.121 204.146 161.715
21 -0.369391 -0.504299 1.97048 2 354.239 411.524 188.928 298.267
22 -0.344141 -0.439288 1.94788 2 361.826 395.927 192.974 286.963
23 0.147755 0.115841 2.70518 2 521.485 259.56 278.125 188.126
24 0.133274 0.175343 2.59506 2 519.252 247.041 276.934 179.052
0
0
0.537951 -0.126299 0.821548 -0.140414
0.548575 -0.128112 0.814492 -0.138761
0.55582 -0.149686 0.799335 -0.172398
0 0 0 0
-0.245296 0.71786 -0.37089 0.535675
-0.0133453 0.843309 -0.086115 0.530317
0.0328936 0.684015 -0.0101853 0.728655
0.0668876 0.682009 0.0734653 0.724563
0.447949 0.552489 0.602352 0.362313
-0.494986 -0.241547 0.332538 0.765547
0.0558689 0.546238 0.644334 0.532293
0.0522681 0.567539 0.606164 0.554736
-0.399385 0.600067 -0.480544 0.499488
0.261672 0.940997 0.10323 -0.188138
0.274669 0.91629 -0.198107 -0.213828
0 0 0 0
0.239998 0.365763 0.89788 -0.0492924
0.000261676 0.300759 0.135616 0.944009
0.179761 0.228179 0.306919 0.906323
0 0 0 0
0.558122 -0.138963 0.80352 -0.153444
0 0 0 0
0 0 0 0
0 0 0 0
0 0 0 0
