3100162
0 0.936542 -0.236131 3.95646 2 647.353 311.526 345.255 225.79
1 0.920091 0.0104345 3.91538 2 646.117 279.858 344.596 202.837
2 0.902599 0.255391 3.86474 2 645.161 247.647 344.086 179.491
3 0.853677 0.360298 3.82455 2 638.023 233.363 340.279 169.138
4 0.785558 0.223593 3.95165 1 621.006 252.507 331.203 183.013
5 0.785734 0.120968 4.1919 1 613.11 266.579 326.992 193.213
6 0.84972 -0.0322157 4.29805 1 620.214 285.012 330.781 206.573
7 0.845537 -0.0820189 4.29367 1 619.681 290.899 330.497 210.839
8 1.02086 0.230748 3.77754 2 670.709 250.149 357.711 181.304
9 0.978581 0.126415 3.59437 2 672.082 263.328 358.444 190.856
10 0.802724 0.150492 3.46104 2 644.009 259.131 343.471 187.814
11 0.68893 0.140026 3.34328 2 626.036 259.961 333.886 188.416
12 0.873561 -0.234339 3.96927 2 635.789 311.182 339.088 225.54
13 0.599716 -0.214558 3.65424 2 596.985 310.967 318.392 225.384
14 0.451667 -0.501373 3.48947 2 573.154 354.07 305.682 256.625
15 0.389488 -0.577697 3.40618 2 562.783 367.245 300.151 266.174
16 0.986301 -0.234625 3.88753 2 659.186 311.884 351.566 226.049
17 0.991521 -0.223832 3.48349 2 680.752 313.901 363.068 227.511
18 1.07001 -0.520809 3.36922 2 703.945 360.002 375.437 260.925
19 1.06099 -0.588401 3.27757 2 708.286 372.756 377.753 270.168
20 0.907212 0.194681 3.87922 2 645.36 255.724 344.192 185.345
21 0.834058 -0.1198 4.32438 2 616.875 295.259 329 214
22 0.846228 -0.0756236 4.26684 1 620.652 290.2 331.014 210.333
23 0.639802 0.107851 3.29878 2 617.625 264.63 329.4 191.8
24 0.675229 0.102508 3.32933 2 623.77 265.592 332.678 192.497
0
0
-0.305625 -0.00611628 0.948014 -0.0884635
-0.303582 -0.00630683 0.94867 -0.0884501
-0.299484 -0.000231841 0.946227 -0.122329
0 0 0 0
-0.278791 -0.623432 0.722711 0.106284
0.483862 0.732555 -0.26356 -0.399721
0.241923 0.92058 0.22973 0.203053
-0.036923 0.986659 -0.0479155 0.151142
-0.196431 0.551238 0.759276 -0.284696
-0.461359 0.844227 -0.210977 0.172965
-0.324155 -0.303309 0.670187 -0.594791
0.250153 0.279948 -0.636814 0.673439
-0.133742 -0.697122 0.70431 0.00906587
0.660319 -0.290067 -0.296053 0.626253
0.30198 -0.434271 -0.11438 0.840912
0 0 0 0
-0.275224 0.59765 0.65811 -0.366002
0.568956 -0.548437 0.435477 -0.431122
-0.216527 0.82248 0.00713631 0.52592
0 0 0 0
-0.300739 -0.00358614 0.948179 -0.102463
0 0 0 0
0 0 0 0
0 0 0 0
0 0 0 0
