3039582
0 -0.413347 -0.374653 1.86071 2 330.326 383.677 176.174 278.084
1 -0.445227 -0.114537 1.75557 2 308.79 314.37 164.688 227.851
2 -0.471987 0.136407 1.64116 2 285.067 238.914 152.036 173.162
3 -0.442543 0.269292 1.62191 2 295.139 196.663 157.407 142.539
4 -0.470181 -0.00354156 1.56798 2 276.576 282.36 147.507 204.651
5 -0.416174 -0.257593 1.597 2 303.693 363.313 161.97 263.324
6 -0.29069 -0.439412 1.69152 2 365.063 413.459 194.7 299.669
7 -0.255951 -0.487874 1.74289 2 382.342 423.737 203.916 307.119
8 -0.400944 0.0819279 2.10399 1 352.632 261.465 188.07 189.506
9 -0.523284 -0.106519 1.93395 2 296.979 309.218 158.389 224.117
10 -0.475674 -0.327084 1.7711 1 298.062 375.271 158.967 271.991
11 -0.428831 -0.397475 1.70789 1 310.082 399.801 165.377 289.77
12 -0.410458 -0.384402 1.79331 2 325.596 390.343 173.651 282.916
13 -0.324728 -0.685284 1.89642 2 365.223 465.591 194.786 337.454
14 -0.395437 -1.10443 2.09688 2 353.425 549.475 188.493 398.252
15 -0.348988 -1.19034 2.12089 2 370.222 566.669 197.452 410.714
16 -0.402556 -0.351124 1.86725 2 334.929 376.862 178.629 273.144
17 -0.31684 -0.672404 1.82337 2 363.45 469.397 193.84 340.213
18 -0.438367 -1.04073 2.08487 2 338.31 535.655 180.432 388.235
19 -0.38992 -1.12611 2.10994 2 356.077 552.977 189.908 400.79
20 -0.46612 0.0749397 1.67229 2 291.305 258.419 155.362 187.299
21 -0.210891 -0.537983 1.76857 2 401.42 436.145 214.09 316.112
22 -0.323857 -0.491601 1.7636 2 356.825 423.216 190.306 306.741
23 -0.366329 -0.424517 1.72237 2 336.746 406.742 179.598 294.801
24 -0.456647 -0.376899 1.67494 2 295.104 395.909 157.389 286.949
1
1
0.649026 -0.168952 0.734413 -0.104199
0.642066 -0.167961 0.740506 -0.105789
0.632276 -0.183836 0.738023 -0.147489
0 0 0 0
-0.331917 0.687567 -0.298961 0.572455
0.0162577 0.931084 0.116999 0.34515
-0.348516 -0.53297 0.0141795 0.770895
-0.415027 -0.543022 0.141001 0.716239
0.436723 0.507725 0.563272 0.483956
0.235971 0.00466206 -0.331543 0.913441
-0.239663 0.853776 0.215045 -0.409126
-0.201542 0.834786 0.354963 -0.369478
-0.495261 0.550288 -0.42802 0.518362
0.170041 0.975044 0.119965 -0.0773588
0.209434 0.966687 -0.101006 -0.107008
0 0 0 0
0.359094 0.240314 0.900935 0.0402004
-0.145072 0.463334 0.00206164 0.874226
0.182129 0.148446 0.270425 0.933629
0 0 0 0
0.634509 -0.172005 0.743523 -0.122414
0 0 0 0
0 0 0 0
0 0 0 0
0 0 0 0
