3068769
0 0.726584 -0.241572 3.61674 2 622.478 315.1 331.988 228.38
1 0.653704 -0.00985848 3.61251 2 608.608 282.594 324.591 204.82
2 0.584976 0.216869 3.60338 2 595.759 250.711 317.738 181.712
3 0.49318 0.291069 3.61196 2 577.951 240.39 308.241 174.231
4 0.558526 0.135515 3.77089 1 585.902 263.01 312.481 190.626
5 0.588549 0.0401622 3.93283 1 586.952 276.039 313.041 200.069
6 0.627235 -0.0783953 4.08249 1 589.712 290.937 314.513 210.867
7 0.624354 -0.116233 4.13575 1 587.867 295.445 313.529 214.135
8 0.713979 0.199 3.50813 2 624.287 252.43 332.953 182.957
9 0.597286 0.0598334 3.30008 2 608.636 272.02 324.606 197.156
10 0.441508 -0.0806943 3.19424 2 579.062 294.002 308.833 213.088
11 0.369573 -0.128111 3.15914 1 564.418 301.735 301.023 218.693
12 0.68343 -0.264157 3.68521 2 611.777 317.565 326.281 230.167
13 0.317893 -0.154987 3.5484 1 545.543 303.305 290.956 219.832
14 0.443333 -0.441753 3.73414 1 565.708 341.153 301.711 247.263
15 0.367373 -0.501034 3.72117 1 551.935 349.432 294.365 253.264
16 0.758105 -0.213922 3.49329 2 633.664 312.296 337.954 226.348
17 0.693807 -0.413745 3.23588 2 631.987 346.169 337.06 250.898
18 1.0133 -0.422138 3.51446 1 683.436 342.361 364.499 248.139
19 0.92398 -0.492427 3.45642 2 668.85 353.719 356.72 256.371
20 0.601243 0.160833 3.60654 2 598.766 258.612 319.342 187.438
21 0.613461 -0.143936 4.14085 1 585.924 298.816 312.493 216.577
22 0.611916 -0.148891 4.13041 1 585.926 299.468 312.494 217.05
23 0.330322 -0.172719 3.16249 2 555.786 308.848 296.419 223.849
24 0.333126 -0.190325 3.183 2 555.934 311.471 296.498 225.75
0
0
-0.532764 -0.123069 0.832498 -0.0892357
-0.494232 -0.127011 0.855936 -0.0835286
-0.45382 -0.112461 0.879502 -0.0887432
0 0 0 0
0.489459 0.675691 -0.432081 -0.342314
0.439994 0.675611 -0.236409 -0.542279
0.435667 0.816079 -0.0768675 -0.371887
0.417387 0.826665 -0.190987 -0.32548
-0.190205 0.545788 0.766414 -0.280264
-0.497387 0.776959 -0.0253981 -0.385092
0.351581 0.064784 -0.278163 0.891526
0.420226 0.0896151 -0.261856 0.864182
0.360895 0.742921 -0.485144 -0.287156
0.79406 -0.256961 0.064435 0.547072
-0.227582 -0.169071 0.232939 0.930248
0 0 0 0
-0.377312 0.430578 0.680934 -0.456692
-0.394605 0.868941 -0.208522 0.213887
0.296661 0.686362 0.634109 0.196991
0 0 0 0
-0.4549 -0.124063 0.877916 -0.0832975
0 0 0 0
0 0 0 0
0 0 0 0
0 0 0 0
