3031401
0 0.0859524 -0.0900603 2.45222 2 508.035 299.775 270.952 217.273
1 0.0437808 0.177037 2.33543 2 496.839 242.879 264.981 176.035
2 -0.000972785 0.434845 2.20543 2 483.653 181.216 257.948 131.343
3 0.044051 0.554539 2.18905 2 497.852 152.494 265.521 110.525
4 -0.0415809 0.282796 2.14898 2 470.646 214.594 251.011 155.535
5 -0.0341293 0.0200218 2.16997 2 473.155 276.548 252.349 200.438
6 0.0100967 -0.200776 2.23566 2 487.061 326.631 259.766 236.738
7 0.018975 -0.281041 2.25699 2 489.739 344.233 261.194 249.495
8 0.102291 0.384287 2.59515 1 511.087 206.211 272.58 149.459
9 0.286543 0.447149 2.53121 1 562.009 191.584 299.738 138.858
10 0.0884977 0.485368 2.52646 1 508.097 183.787 270.985 133.206
11 0.0228932 0.498743 2.52848 1 490.197 181.175 261.438 131.313
12 0.0668446 -0.0996879 2.38663 2 503.196 302.324 268.371 219.121
13 0.0487561 -0.525207 2.48736 2 497.473 388.347 265.319 281.468
14 -0.078334 -0.90574 2.61223 2 463.188 457.92 247.033 331.894
15 -0.0127068 -0.95297 2.60164 2 480.572 467.98 256.305 339.186
16 0.100987 -0.0783024 2.4487 2 512.287 297.375 273.22 215.533
17 0.0257568 -0.425531 2.43587 2 491.239 369.746 261.994 267.987
18 0.110037 -0.658893 2.82509 1 510.836 399.646 272.446 289.658
19 0.204005 -0.695089 2.78499 2 534.548 408.053 285.092 295.752
20 0.0103323 0.371553 2.24002 2 487.133 197.17 259.804 142.906
21 0.0221703 -0.344718 2.28615 2 490.631 357.577 261.67 259.167
22 0.0489924 -0.288317 2.27825 2 498.749 345.267 265.999 250.245
23 0.0783973 0.509028 2.5321 1 505.299 179.239 269.493 129.91
24 0.0269367 0.460994 2.50053 1 491.378 187.75 262.068 136.079
1
1
0.496809 -0.166418 0.840586 -0.13748
0.514564 -0.169303 0.829836 -0.133912
0.528751 -0.201255 0.80863 -0.161356
0 0 0 0
-0.200057 0.770229 -0.369917 0.479464
0.0297088 0.899434 0.0300762 0.435007
-0.0228727 0.436223 0.16979 0.883379
0.00853074 0.435585 0.13943 0.889242
0.425922 0.538594 0.579601 0.438828
0.798906 -0.275422 -0.123041 -0.52034
-0.467784 -0.496728 0.613101 -0.398179
-0.482337 -0.506823 0.605961 -0.37854
-0.409119 0.61707 -0.512679 0.434749
0.107915 0.966053 -0.0470793 -0.229957
0.130057 0.967301 -0.173956 -0.130969
0 0 0 0
0.115146 0.415711 0.888634 -0.155741
0.0477298 0.805108 -0.0968404 0.583219
0.0433512 0.256854 0.49531 0.828743
0 0 0 0
0.530966 -0.188212 0.813463 -0.144671
0 0 0 0
0 0 0 0
0 0 0 0
0 0 0 0
