3030216
0 0.742197 -0.281543 3.32722 2 637.906 324.183 340.216 234.964
1 0.876087 -0.0942707 3.2559 2 669.862 295.931 357.26 214.487
2 1.00724 0.0877661 3.1792 2 703.191 267.154 375.035 193.629
3 1.09432 0.126133 3.11446 2 727.35 260.567 387.92 188.856
4 0.826744 0.102801 3.14897 2 665.312 264.617 354.833 191.791
5 0.636465 0.192462 3.16996 2 622.39 250.407 331.942 181.492
6 0.485309 0.209883 2.93282 2 597.942 244.936 318.903 177.527
7 0.404226 0.221106 2.86936 2 580.942 242.174 309.836 175.525
8 1.13039 -0.100797 3.43964 2 711.449 296.138 379.439 214.637
9 1.17078 -0.214614 3.58718 2 709.901 311.688 378.614 225.907
10 0.985634 -0.16794 3.50362 1 678.417 305.592 361.823 221.489
11 0.924868 -0.152555 3.47872 1 667.636 303.505 356.072 219.976
12 0.689501 -0.250262 3.26979 2 629.417 320.061 335.689 231.976
13 0.5639 -0.496984 3.07232 2 610.654 363.377 325.682 263.371
14 0.435126 -0.5444 3.38059 2 572.691 362.904 305.435 263.028
15 0.474525 -0.628491 3.29523 1 583.341 378.072 311.115 274.021
16 0.782723 -0.306646 3.32531 2 646.484 328.065 344.792 237.777
17 0.947519 -0.253182 3.01941 1 701.152 323.916 373.948 234.77
18 0.92483 -0.564972 3.08393 1 691.676 374.586 368.894 271.495
19 0.971267 -0.563367 3.1775 1 695.693 371.583 371.036 269.318
20 0.974848 0.0428798 3.19919 2 694.728 274.389 370.522 198.873
21 0.329219 0.226371 2.84337 2 563.625 240.901 300.6 174.602
22 0.379126 0.182587 2.87475 2 574.714 249.048 306.514 180.506
23 0.96255 -0.182021 3.43275 1 677.784 308.182 361.485 223.366
24 0.902641 -0.185184 3.41915 1 666.345 308.745 355.384 223.774
0
1
0.175661 0.260266 0.926101 -0.209146
0.197457 0.25526 0.9217 -0.215227
0.212528 0.24459 0.914436 -0.242516
0 0 0 0
-0.080198 -0.516385 0.82004 -0.233343
0.515908 -0.386079 0.667766 0.372653
0.404381 -0.0142972 -0.606129 0.684748
0.512826 0.0976689 -0.53962 0.660516
0.413475 0.847554 0.32376 0.0766136
0.434023 0.893539 0.114667 -0.00801535
0.560528 0.212466 -0.545691 0.585567
0.63662 0.143786 -0.456905 0.604383
0.0679081 -0.411273 0.825603 -0.380293
-0.370455 0.78578 -0.00151645 -0.495288
0.373083 0.635903 -0.539027 -0.407291
0 0 0 0
0.054898 0.86237 0.483636 -0.139287
0.658462 -0.343741 0.377449 -0.552994
-0.0226977 -0.519987 0.105334 0.847351
0 0 0 0
0.216265 0.247728 0.915369 -0.232295
0 0 0 0
0 0 0 0
0 0 0 0
0 0 0 0
