3069522
0 -0.204814 -0.179263 2.32712 2 423.432 320.191 225.831 232.07
1 -0.219779 0.0963973 2.21372 2 415.696 259.179 221.704 187.85
2 -0.229035 0.365369 2.09033 2 408.419 192.54 217.824 139.551
3 -0.194127 0.49453 2.08052 2 419.524 160.429 223.746 116.277
4 -0.258201 0.208371 2.03377 2 396.548 229.304 211.492 166.197
5 -0.21522 -0.0283533 2.05848 2 412.075 288.179 219.773 208.868
6 -0.156397 -0.246959 2.15899 2 434.119 339.119 231.53 245.789
7 -0.132769 -0.319504 2.20708 2 442.547 354.538 236.025 256.964
8 -0.190671 0.341652 2.24942 1 425.579 204.238 226.975 148.029
9 -0.200046 0.0819528 2.13397 2 419.512 261.783 223.74 189.737
10 -0.166668 -0.187479 2.17121 1 431.17 324.904 229.957 235.486
11 -0.153539 -0.266302 2.18313 1 435.565 342.972 232.301 248.582
12 -0.220132 -0.192196 2.25657 2 416.853 324.323 222.321 235.065
13 -0.185768 -0.577559 2.4335 2 431.253 401.785 230.002 291.208
14 -0.224396 -0.903239 2.64522 2 425.197 455.253 226.772 329.961
15 -0.145719 -0.946025 2.62537 2 445.498 464.936 237.599 336.979
16 -0.184031 -0.160241 2.33088 2 429.676 315.99 229.16 229.025
17 -0.199263 -0.50636 2.39734 2 426.615 388.434 227.528 281.532
18 -0.112979 -0.775559 2.77059 2 455.771 423.584 243.078 307.008
19 -0.118 -0.881073 2.68989 2 453.589 448.061 241.914 324.748
20 -0.227242 0.299323 2.12319 2 410.239 209.759 218.794 152.03
21 -0.114793 -0.383834 2.24244 2 448.696 367.968 239.305 266.698
22 -0.134364 -0.360968 2.19623 2 441.82 364.508 235.637 264.191
23 -0.129985 -0.338841 2.20246 2 443.321 359.157 236.438 260.312
24 -0.195451 -0.241771 2.19608 2 422.717 336.954 225.449 244.219
1
1
0.529592 -0.126117 0.825444 -0.14923
0.554496 -0.130606 0.808925 -0.145318
0.578445 -0.145998 0.78288 -0.176591
0 0 0 0
-0.214093 0.727157 -0.32815 0.563671
-0.0152336 0.779625 0.101903 0.617713
0.233149 0.939165 0.0660058 -0.24342
0.305965 0.920776 0.0647886 -0.233149
0.502693 0.480055 0.632928 0.340954
0.137901 -0.586301 -0.156021 0.782874
-0.0808169 -0.340776 0.0431893 0.935668
-0.102193 -0.33936 0.0418709 0.934151
-0.399503 0.593924 -0.50222 0.485208
0.216929 0.953197 -0.0055437 -0.210539
0.26562 0.935625 -0.110892 -0.204339
0 0 0 0
0.257411 0.404393 0.876554 -0.0431166
0.0891253 0.802344 0.0385098 0.588913
0.268512 0.666039 0.374744 0.586396
0 0 0 0
0.580493 -0.137387 0.787016 -0.157351
0 0 0 0
0 0 0 0
0 0 0 0
0 0 0 0
