3053329
0 0.932321 -0.242789 3.9531 2 646.753 312.407 344.935 226.428
1 0.947703 -0.0153107 3.8667 2 653.145 283.222 348.344 205.275
2 0.960352 0.210413 3.77193 2 659.804 252.86 351.895 183.269
3 0.963144 0.321625 3.69955 2 663.85 237.007 354.053 171.779
4 0.809225 0.168823 3.79292 2 631.098 258.622 336.586 187.446
5 0.641801 0.161606 3.66198 2 604.684 258.841 322.498 187.605
6 0.514301 0.149601 3.48384 1 585.568 259.461 312.303 188.054
7 0.465171 0.152741 3.39107 2 578.352 258.403 308.454 187.287
8 1.11368 0.116936 3.77108 2 688.176 265.432 367.027 192.382
9 1.20693 -0.0949892 3.90144 2 697.973 293.605 372.252 212.801
10 1.37263 -0.298292 3.82105 2 732.883 321.017 390.871 232.668
11 1.48648 -0.325965 3.7657 2 757.693 325.381 404.103 235.832
12 0.85167 -0.227669 3.94052 2 633.044 310.537 337.623 225.073
13 0.506599 -0.19299 3.67459 2 578.835 307.807 308.712 223.095
14 0.327368 -0.455091 3.63309 1 545.979 344.656 291.189 249.802
15 0.418213 -0.364624 3.63086 1 563.236 332.073 300.393 240.682
16 0.999765 -0.254203 3.90977 2 660.586 314.258 352.312 227.77
17 0.974915 -0.261033 3.4905 2 677.05 319.255 361.093 231.391
18 0.771062 -0.542021 3.35646 2 642.729 363.338 342.789 263.343
19 0.757957 -0.623223 3.2541 2 645.051 378.68 344.027 274.462
20 0.957732 0.154227 3.79728 2 658.122 260.573 350.999 188.86
21 0.434535 0.137494 3.32946 2 573.75 260.304 306 188.665
22 0.470953 0.168573 3.35379 2 580.6 255.756 309.653 185.368
23 1.54513 -0.346222 3.72047 2 772.034 328.71 411.751 238.245
24 1.44308 -0.348548 3.70907 2 753.742 329.16 401.996 238.57
0
0
-0.117519 0.0534002 0.976051 -0.175104
-0.0860326 0.0477348 0.979329 -0.176733
-0.057032 0.0339532 0.975757 -0.208551
0 0 0 0
-0.13376 -0.656768 0.728694 -0.140606
-0.612293 0.658196 -0.32883 -0.289389
-0.571327 0.725839 -0.382393 -0.0227892
-0.621318 0.69598 -0.359045 0.0257265
0.0595852 0.757186 0.617808 -0.203548
-0.0200934 0.501773 0.317504 0.80437
-0.009544 0.849976 0.359651 -0.384838
0.014201 0.692652 0.626911 -0.356391
-0.0832823 -0.617436 0.764287 -0.16644
0.721075 -0.303764 -0.140447 0.606673
0.273555 -0.58444 0.126182 0.753442
0 0 0 0
-0.0995381 0.690083 0.647775 -0.307027
0.304905 -0.347343 0.631587 -0.622482
0.168315 0.438677 -0.306802 0.827711
0 0 0 0
-0.0555391 0.0387425 0.979255 -0.190984
0 0 0 0
0 0 0 0
0 0 0 0
0 0 0 0
