3069526
0 0.851269 -0.211456 3.87486 2 635.512 308.913 338.94 223.896
1 0.805358 0.0312815 3.81027 2 629.697 277.045 335.838 200.799
2 0.756686 0.270231 3.74099 2 623.44 244.556 332.501 177.251
3 0.684673 0.374648 3.73038 2 610.501 230.257 325.601 166.887
4 0.682281 0.185689 3.86644 2 605.52 256.865 322.944 186.173
5 0.712897 -0.0085871 4.02492 1 605.953 282.292 323.175 204.601
6 0.751145 -0.126517 4.17497 1 607.898 296.572 324.212 214.951
7 0.748261 -0.164315 4.22818 1 605.864 300.91 323.127 218.095
8 0.862055 0.188127 3.66808 2 646.162 255.163 344.62 184.939
9 0.930126 0.196682 3.46508 2 669.438 252.35 357.034 182.9
10 0.907883 0.0691715 3.2289 2 678.295 270.315 361.757 195.921
11 0.875187 -0.0199514 3.0992 2 679.139 284.485 362.208 206.191
12 0.784567 -0.214131 3.88979 2 623.021 309.14 332.278 224.06
13 0.439445 -0.188947 3.7306 2 564.983 306.847 301.324 222.398
14 0.205355 -0.396394 3.65753 2 522.572 336.059 278.705 243.571
15 0.133162 -0.471636 3.5858 2 509.506 347.799 271.737 252.08
16 0.906127 -0.207248 3.80681 2 648.262 308.864 345.74 223.86
17 0.791539 -0.199415 3.47014 2 641.361 310.391 342.059 224.967
18 1.13333 -0.332572 3.64594 1 699.097 327.666 372.852 237.488
19 1.11148 -0.423463 3.52783 2 702.099 342.367 374.453 248.143
20 0.768969 0.211012 3.75955 2 624.992 252.732 333.329 183.177
21 0.737167 -0.191931 4.23331 1 603.906 304.192 322.083 220.474
22 0.735357 -0.196778 4.22291 1 603.907 304.83 322.084 220.937
23 0.862439 -0.0303222 3.08417 2 677.216 286.211 361.182 207.442
24 0.890304 -0.056082 3.11944 2 681.246 290.356 363.331 210.446
0
0
-0.284833 -0.0502275 0.945614 -0.148871
-0.336412 -0.0419633 0.928516 -0.151408
-0.38724 -0.0320452 0.904485 -0.175857
0 0 0 0
0.368569 0.739425 -0.52314 -0.209123
0.24203 0.783065 0.238412 0.520952
0.437003 0.815885 -0.0780254 -0.370503
0.417592 0.826955 -0.190643 -0.324682
-0.145735 0.653601 0.626418 -0.398958
-0.578583 0.658545 0.430352 -0.215308
-0.0610093 0.181519 -0.509459 0.838916
-0.000600639 0.216594 -0.47197 0.854594
0.175264 0.720345 -0.670622 0.0255368
0.722392 -0.193207 -0.105868 0.655448
0.41925 -0.343719 0.0361628 0.839511
0 0 0 0
-0.208283 0.569229 0.693298 -0.389789
-0.662218 0.698099 -0.269217 0.0405877
-0.0687923 0.675132 0.575839 0.455932
0 0 0 0
-0.389212 -0.0357472 0.905999 -0.162487
0 0 0 0
0 0 0 0
0 0 0 0
0 0 0 0
