3113341
0 0.70047 0.231009 3.48725 2 622.458 247.6 331.977 179.457
1 0.610214 0.370182 3.28916 2 611.901 224.097 326.347 162.422
2 0.518907 0.498606 3.08197 2 600.135 199.065 320.072 144.28
3 0.420305 0.553447 3.00251 2 580.543 187.624 309.623 135.987
4 0.377184 0.463088 3.22032 2 564.65 208.309 301.147 150.979
5 0.329583 0.339429 3.44598 2 549.76 231.343 293.205 167.674
6 0.33425 0.189826 3.59675 2 547.85 254.51 292.187 184.465
7 0.32954 0.10494 3.63747 2 546.231 266.618 291.323 193.241
8 0.631829 0.540918 3.0488 1 627.149 191.004 334.479 138.437
9 0.813893 0.367044 3.0792 2 666.695 220.569 355.571 159.866
10 0.851018 0.166628 3.07208 2 675.424 253.625 360.226 183.824
11 0.839345 0.0772278 3.04502 2 674.44 268.314 359.702 194.47
12 0.640673 0.186194 3.42176 2 612.99 253.616 326.928 183.818
13 0.509434 -0.0664797 3.52145 2 583.511 290.771 311.206 210.747
14 0.537533 -0.353985 3.71952 2 583.484 329.44 311.191 238.774
15 0.481083 -0.432609 3.68936 2 573.766 340.638 306.009 246.89
16 0.744067 0.269299 3.50064 2 630.586 242.16 336.313 175.514
17 0.925616 -0.107129 3.44307 2 669.695 297.029 357.171 215.283
18 1.02308 -0.35686 3.60315 2 680.331 331.614 362.843 240.349
19 1.0523 -0.43914 3.54816 2 689.203 344.238 367.575 249.499
20 0.542167 0.46791 3.1357 2 603.243 205.456 321.729 148.912
21 0.329769 0.0483009 3.67516 2 545.63 274.564 291.003 199
22 0.357514 0.0822399 3.627 2 551.719 269.741 294.25 195.504
23 0.842512 0.0190665 3.03278 2 675.938 278.014 360.5 201.501
24 0.808433 0.0503219 3.04273 2 667.497 272.804 355.998 197.725
0
3
0.294682 -0.334397 0.826132 -0.344742
0.0896491 -0.242765 0.872522 -0.414407
-0.105588 -0.14544 0.849137 -0.496654
0 0 0 0
0.47511 0.689338 -0.511146 0.194454
0.414881 0.782661 -0.302656 -0.351732
0.280338 0.692097 0.263285 0.610814
0.180998 0.720421 0.13031 0.656698
0.150899 0.291636 0.854171 -0.403199
0.0114676 0.909522 0.396272 0.124924
-0.0671425 -0.542084 -0.0644583 0.835154
0.132646 -0.544145 -0.0868844 0.82387
-0.157942 0.737226 -0.499548 0.42662
0.130542 -0.41288 0.253321 0.865053
-0.158263 -0.385797 0.254028 0.872687
0 0 0 0
0.42692 0.414693 0.799523 -0.0808217
-0.209853 0.661759 0.0990843 0.712895
0.0632539 0.645382 0.309986 0.695263
0 0 0 0
-0.108841 -0.143234 0.860061 -0.477422
0 0 0 0
0 0 0 0
0 0 0 0
0 0 0 0
