3120045
0 0.924784 -0.229056 3.91437 2 647.033 310.933 345.084 225.36
1 0.913058 -0.0075638 3.85368 2 647.464 282.207 345.314 204.54
2 0.898625 0.212851 3.78297 2 647.928 252.631 345.562 183.104
3 0.854441 0.329815 3.73325 2 641.949 236.335 342.373 171.292
4 0.769739 0.181867 3.8916 2 620.304 257.505 330.829 186.636
5 0.763564 -0.010753 3.94408 1 617.369 282.593 329.263 204.82
6 0.688983 -0.15665 3.71519 2 611.741 302.59 326.262 219.313
7 0.721875 -0.181897 3.7154 1 617.877 306.042 329.534 221.815
8 1.00084 0.195081 3.70919 2 670.408 254.468 357.551 184.435
9 0.959135 0.104871 3.51844 2 672.321 266.055 358.571 192.833
10 0.747151 0.0751268 3.33579 2 638.465 269.779 340.515 195.532
11 0.676799 0.0667453 3.26284 2 626.966 270.833 334.382 196.296
12 0.859749 -0.223305 3.91494 2 635.458 310.166 338.911 224.804
13 0.562298 -0.247965 3.58639 2 591.928 316.247 315.695 229.212
14 0.41374 -0.538026 3.43967 2 566.857 360.538 302.324 261.313
15 0.350857 -0.613509 3.35716 2 556.016 373.93 296.542 271.019
16 0.976227 -0.230862 3.857 2 658.764 311.63 351.341 225.865
17 0.966422 -0.284477 3.43828 2 678.3 323.307 361.76 234.328
18 1.07621 -0.581979 3.23587 2 714.476 372.94 381.054 270.302
19 1.00787 -0.657046 3.15466 1 705.413 387.446 376.22 280.815
20 0.902547 0.158035 3.80246 2 647.782 260.102 345.484 188.519
21 0.703413 -0.201702 3.67338 2 615.939 309.06 328.501 224.002
22 0.729603 -0.177721 3.71357 2 619.385 305.485 330.339 221.412
23 0.631355 0.0479314 3.21322 2 619.375 273.646 330.333 198.335
24 0.66097 0.0337572 3.24433 2 624.398 275.933 333.012 199.992
0
0
-0.22928 0.0057862 0.963862 -0.135525
-0.265937 0.0109598 0.954399 -0.135205
-0.302056 0.0195317 0.937449 -0.171958
0 0 0 0
-0.313498 -0.644124 0.689496 0.106858
-0.0680271 -0.601265 0.114844 0.787822
0.153402 -0.00254168 -0.466178 0.871286
-0.434372 0.162575 0.0829129 0.882052
-0.179367 0.523032 0.774398 -0.307528
-0.515229 0.839636 -0.157598 0.068654
0.306037 0.278704 -0.59455 0.68933
0.279583 0.246604 -0.616945 0.693108
-0.101982 -0.669545 0.730509 -0.0875527
0.633853 -0.308426 -0.265429 0.657762
0.298743 -0.495622 -0.070405 0.812499
0 0 0 0
-0.212711 0.617024 0.665615 -0.361929
-0.546635 0.630769 -0.371085 0.40696
-0.306473 0.932311 0.103297 0.161864
0 0 0 0
-0.303385 0.0166699 0.940611 -0.15143
0 0 0 0
0 0 0 0
0 0 0 0
0 0 0 0
