3050791
0 0.95017 -0.265163 3.93163 2 650.817 315.476 347.102 228.653
1 0.956719 -0.0360094 3.83776 2 656.067 285.978 349.903 207.273
2 0.960593 0.191854 3.73588 2 661.555 255.11 352.829 184.9
3 0.972319 0.29266 3.65935 2 667.578 240.541 356.042 174.341
4 0.818568 0.138271 3.7472 2 634.631 262.482 338.47 190.244
5 0.64191 0.0908872 3.64044 2 605.41 268.557 322.885 194.646
6 0.624382 0.17492 3.44841 1 608.71 255.493 324.645 185.178
7 0.589423 0.150166 3.37152 2 604.383 258.634 322.337 187.455
8 1.12228 0.0990949 3.74586 2 691.163 267.748 368.62 194.06
9 1.21518 -0.10068 3.89304 2 699.921 294.377 373.291 213.361
10 1.39092 -0.245104 3.96482 2 726.984 312.724 387.725 226.658
11 1.46814 -0.237875 3.95036 2 741.541 311.921 395.488 226.076
12 0.869884 -0.254524 3.91302 2 637.343 314.236 339.916 227.754
13 0.519849 -0.187372 3.66751 2 581.512 307.085 310.14 222.571
14 0.338338 -0.448988 3.63586 1 548.01 343.758 292.272 249.151
15 0.419328 -0.34412 3.60774 1 563.952 329.517 300.774 238.83
16 1.0171 -0.272193 3.89787 2 664.236 316.712 354.259 229.549
17 0.981212 -0.266094 3.48625 2 678.55 320.043 361.893 231.963
18 0.806101 -0.517734 3.38725 2 648.446 358.951 345.838 260.163
19 0.800133 -0.599613 3.28493 1 652.434 374.116 347.965 271.154
20 0.960055 0.135237 3.76309 2 660.144 262.948 352.077 190.581
21 0.581866 0.14478 3.35506 1 603.415 259.339 321.822 187.965
22 0.582368 0.140805 3.35552 1 603.502 259.942 321.868 188.402
23 1.53022 -0.248262 3.95982 2 751.875 313.196 401 227
24 1.44909 -0.245399 3.91286 2 740.631 313.196 395.003 227
0
0
-0.0658535 0.0264051 0.978872 -0.191771
-0.0423688 0.0218003 0.980169 -0.192349
-0.0207859 0.00912855 0.974783 -0.221998
0 0 0 0
-0.107448 -0.675524 0.706475 -0.181702
0.609203 -0.535749 0.130395 0.569948
-0.211214 0.0895871 0.809409 -0.540573
0.26421 -0.0237671 -0.538121 0.800034
0.0871067 0.756474 0.619888 -0.189469
-0.129549 0.172015 0.32592 0.920546
0.233228 0.883773 0.377976 -0.147256
0.126493 0.631396 0.727883 -0.235637
-0.0607592 -0.62907 0.748546 -0.200645
0.748845 -0.276953 -0.12966 0.587977
0.260329 -0.617243 0.153089 0.726501
0 0 0 0
-0.0454709 0.68112 0.671751 -0.287678
0.311144 -0.360264 0.640756 -0.602354
0.179334 0.43857 -0.278009 0.835587
0 0 0 0
-0.0197035 0.0132265 0.978703 -0.203903
0 0 0 0
0 0 0 0
0 0 0 0
0 0 0 0
