3044034
0 0.731404 -0.12965 3.71457 2 619.673 298.913 330.492 216.648
1 0.89299 0.0320348 3.64091 2 653.265 276.741 348.408 200.578
2 1.04949 0.19164 3.55864 2 687.911 253.806 366.886 183.955
3 1.1521 0.242324 3.51315 2 711.003 246.07 379.202 178.348
4 0.908163 0.217739 3.53064 2 661.636 249.864 352.872 181.098
5 0.777448 0.0993647 3.41367 1 641.086 266.433 341.913 193.107
6 0.644282 -0.0307224 3.32303 2 617.568 285.899 329.37 207.216
7 0.605691 -0.107432 3.22844 2 613.231 298.083 327.057 216.047
8 1.14159 0.0536475 3.64996 1 700.352 273.728 373.521 198.394
9 1.21107 -0.112141 3.81643 1 703.548 296.173 375.226 214.662
10 1.20183 -0.251128 3.95268 2 694.308 313.554 370.298 227.26
11 1.16207 -0.264086 3.9523 2 687.309 315.216 366.565 228.465
12 0.689673 -0.0804365 3.6679 2 613.514 292.33 327.208 211.877
13 0.475168 -0.211809 3.54676 1 576.154 311.452 307.282 225.736
14 0.436435 -0.393755 3.9262 1 560.461 332.001 298.912 240.63
15 0.452159 -0.479692 3.82878 1 565.285 344.7 301.485 249.834
16 0.762904 -0.176902 3.70664 2 625.873 305.426 333.799 221.368
17 0.845863 -0.162332 3.38198 1 656.663 305.6 350.22 221.495
18 0.438122 -0.174917 3.36878 1 573.441 307.5 305.835 222.872
19 0.383342 -0.257628 3.42823 1 560.885 319.254 299.139 231.391
20 1.01114 0.151924 3.58078 2 679.151 259.63 362.214 188.176
21 0.595722 -0.144838 3.19914 2 612.272 304.167 326.545 220.456
22 0.603122 -0.159198 3.218 2 613.114 306.297 326.994 222
23 1.2167 -0.241212 4.01204 2 693.75 311.816 370 226
24 1.20449 -0.247347 3.937 2 695.625 313.196 371 227
0
0
0.0583899 0.356341 0.912801 -0.190802
0.097871 0.347743 0.909416 -0.206057
0.122319 0.322538 0.904924 -0.24924
0 0 0 0
-0.078108 -0.428703 0.861986 -0.259023
0.0291648 0.620168 -0.468459 0.62856
0.270487 0.262268 -0.335715 0.863335
0.0956182 0.152912 -0.436612 0.881388
0.25474 0.878517 0.397586 -0.0723896
0.377201 0.914808 0.13919 -0.0383514
0.0437962 0.0446606 0.376084 0.924472
0.584526 0.0727424 -0.0584518 0.805991
0.0115228 -0.295462 0.89937 -0.322029
0.500392 -0.583819 0.119718 0.628037
0.367017 0.641053 -0.387327 -0.551658
0 0 0 0
-0.016825 0.937858 0.296107 -0.180165
0.0979733 0.0787463 0.715626 -0.687081
0.663535 -0.239103 0.210487 0.676939
0 0 0 0
0.130518 0.331617 0.904623 -0.233779
0 0 0 0
0 0 0 0
0 0 0 0
0 0 0 0
