3130127
0 0.682185 0.33275 3.29556 2 626.777 229.949 334.281 166.664
1 0.657029 0.586509 3.18194 2 626.648 187.481 334.213 135.883
2 0.630633 0.834662 3.0597 2 626.682 142.208 334.231 103.07
3 0.653089 0.949278 2.9744 2 636.173 118.404 339.292 85.8179
4 0.482736 0.743639 3.11298 2 591.148 159.704 315.279 115.752
5 0.391964 0.544308 3.26546 2 566.705 196.654 302.243 142.532
6 0.365447 0.346264 3.32176 2 559.677 228.416 298.495 165.553
7 0.363708 0.264344 3.34521 2 558.756 241.207 298.003 174.824
8 0.816276 0.745571 3.10403 2 666.13 158.77 355.27 115.074
9 0.914791 0.55047 3.17874 2 683.206 192.985 364.377 139.873
10 0.905217 0.356347 3.08756 2 686.815 222.448 366.301 161.227
11 0.87481 0.2826 3.04238 2 682.829 233.937 364.176 169.554
12 0.610954 0.330393 3.26845 2 612.849 229.92 326.853 166.643
13 0.556327 -0.00703655 3.48408 2 593.882 282.234 316.737 204.559
14 0.511585 -0.362022 3.66808 2 580.001 331.223 309.334 240.066
15 0.460125 -0.44248 3.62804 2 571.307 343.022 304.697 248.618
16 0.741764 0.32947 3.26653 2 640.728 229.971 341.721 166.68
17 0.840438 0.00611518 3.48247 2 650.528 280.319 346.948 203.171
18 0.91624 -0.326445 3.68374 2 655.763 326.254 349.74 236.464
19 0.954536 -0.412505 3.64239 2 665.108 338.817 354.724 245.57
20 0.637542 0.773492 3.09194 2 626.667 153.804 334.222 111.475
21 0.378466 0.199703 3.37476 2 561.095 251.259 299.251 182.109
22 0.341423 0.252022 3.31675 2 554.764 242.75 295.874 175.942
23 0.871175 0.234489 3.03447 2 682.488 241.889 363.993 175.318
24 0.877381 0.274134 2.99783 2 686.407 234.665 366.084 170.082
0
3
-0.0173784 -0.0424051 0.976825 -0.209075
-0.0194387 -0.041964 0.976786 -0.209164
-0.0210958 -0.0460585 0.969381 -0.240278
0 0 0 0
0.186559 0.760526 -0.609386 0.124275
0.186558 0.828205 -0.30289 -0.433047
0.09367 0.883602 -0.119243 -0.443006
0.118865 0.880775 -0.0726629 -0.452579
0.167932 0.745409 0.62833 -0.146169
0.0341839 0.830632 0.276578 0.482065
-0.212545 0.96681 -0.0520558 0.131882
-0.240195 0.944894 -0.200181 0.0970047
3.83555e-005 -0.67102 0.696093 -0.255316
0.151552 0.689624 -0.244082 -0.664737
-0.067444 -0.482267 0.233015 0.841769
0 0 0 0
-0.0122054 0.656704 0.689299 -0.305707
0.119869 0.697227 0.287404 0.645682
0.0798551 0.577485 0.271606 0.765745
0 0 0 0
-0.0212549 -0.0431475 0.973704 -0.222683
0 0 0 0
0 0 0 0
0 0 0 0
0 0 0 0
