3070062
0 -0.148399 -0.157872 2.38103 2 441.119 314.745 235.263 228.123
1 -0.158663 0.12419 2.27459 2 436.014 253.597 232.541 183.804
2 -0.167839 0.398813 2.15629 2 430.305 187.402 229.496 135.826
3 -0.129661 0.529173 2.15717 2 442.454 156.573 235.976 113.482
4 -0.199223 0.234123 2.08843 2 418.308 224.441 223.097 162.671
5 -0.13811 -0.0158003 2.10598 2 438.899 285.004 234.079 206.567
6 -0.0658353 -0.227982 2.20678 2 463.445 333.478 247.171 241.701
7 -0.042865 -0.293829 2.26506 2 470.938 346.876 251.167 251.411
8 -0.129758 0.375028 2.31533 1 445.362 199.13 237.527 144.327
9 -0.314837 0.16862 2.28138 1 388.961 243.772 207.446 176.683
10 -0.420407 -0.0802717 2.32136 1 359.19 298.741 191.568 216.523
11 -0.403998 -0.163754 2.34835 1 365.433 316.562 194.898 229.44
12 -0.164212 -0.173471 2.30647 2 435.01 319.259 232.005 231.395
13 -0.180274 -0.585732 2.46102 2 433.384 402.122 231.138 291.453
14 -0.217986 -0.90031 2.64773 2 426.933 454.515 227.697 329.426
15 -0.145348 -0.948868 2.62531 2 445.594 465.497 237.65 337.386
16 -0.128426 -0.137684 2.38791 2 446.998 310.367 238.399 224.95
17 -0.145771 -0.51401 2.43171 1 442.611 388.489 236.059 281.572
18 -0.0337193 -0.692035 2.84889 1 475.787 404.592 253.753 293.243
19 -0.0743516 -0.786446 2.75826 1 465.323 426.245 248.172 308.937
20 -0.165744 0.331312 2.188 2 431.793 204.483 230.29 148.206
21 -0.00427628 -0.364825 2.30214 2 482.678 361.486 257.428 262
22 0.0102623 -0.310784 2.24693 2 487.099 351.238 259.786 254.573
23 -0.379493 -0.236775 2.36777 1 373.524 331.912 199.213 240.565
24 -0.346268 -0.175386 2.40163 1 384.694 318.207 205.17 230.632
0
1
0.547173 -0.114149 0.817393 -0.139429
0.566065 -0.117366 0.804425 -0.136732
0.581668 -0.141343 0.783606 -0.166273
0 0 0 0
-0.22166 0.72384 -0.333632 0.561794
-0.0479119 0.774337 0.114629 0.620457
0.116347 0.852767 0.234109 0.452156
0.236075 0.812216 0.286396 0.450058
0.504199 0.475419 0.63454 0.342227
0.355288 -0.331276 0.0653205 0.871642
0.209794 0.23483 0.0251655 0.948793
-0.0362146 0.331387 0.176161 0.926196
-0.390626 0.594657 -0.497142 0.496632
0.171651 0.966354 -0.0516313 -0.184473
0.242138 0.933136 -0.116882 -0.238674
0 0 0 0
0.297867 0.393131 0.869898 0.000714632
0.0601468 0.802771 0.0159472 0.593032
0.365553 0.68983 0.419348 0.463306
0 0 0 0
0.584168 -0.130077 0.787292 -0.148322
0 0 0 0
0 0 0 0
0 0 0 0
0 0 0 0
