3041628
0 -0.393984 -0.369772 1.85603 2 337.196 382.568 179.838 277.28
1 -0.43494 -0.11464 1.75094 2 312.415 314.482 166.621 227.932
2 -0.464735 0.13618 1.63264 2 287.118 238.768 153.13 173.056
3 -0.4307 0.271855 1.6228 2 300.324 195.92 160.173 142
4 -0.468259 -0.0065296 1.56019 2 276.392 283.341 147.409 205.361
5 -0.451507 -0.239246 1.57333 2 285.333 358.657 152.178 259.95
6 -0.405389 -0.449682 1.63273 2 311.893 421.657 166.343 305.611
7 -0.393264 -0.53691 1.68047 2 321.695 444.223 171.571 321.967
8 -0.39371 0.0816855 2.09546 1 354.486 261.444 189.059 189.491
9 -0.516211 -0.113697 1.93414 2 299.543 311.099 159.756 225.481
10 -0.482008 -0.356872 1.80585 1 299.177 381.881 159.561 276.782
11 -0.462986 -0.489377 1.73675 2 299.147 424.954 159.545 308.001
12 -0.392661 -0.37686 1.79928 2 333.019 387.809 177.61 281.079
13 -0.320278 -0.68637 1.90516 2 367.392 465.029 195.942 337.046
14 -0.390438 -1.1079 2.10112 2 355.333 549.781 189.511 398.474
15 -0.303005 -1.17575 2.10485 2 384.407 565.456 205.017 409.835
16 -0.381467 -0.349626 1.84793 2 341.289 377.43 182.021 273.556
17 -0.370569 -0.778467 1.91905 2 349.993 488.295 186.663 353.91
18 -0.513686 -1.11701 2.20639 2 322.791 539.091 172.155 390.726
19 -0.3951 -1.14686 2.16341 2 357.555 551.199 190.696 399.501
20 -0.459048 0.0740065 1.66442 2 293.348 258.599 156.452 187.429
21 -0.377862 -0.611845 1.70248 2 330.007 464.643 176.004 336.767
22 -0.448277 -0.493687 1.71681 2 302.939 427.906 161.567 310.14
23 -0.456728 -0.492158 1.73004 2 300.937 426.333 160.5 309
24 -0.449711 -0.488067 1.72315 1 303.04 425.693 161.621 308.536
1
1
0.601545 -0.177537 0.771654 -0.105705
0.612078 -0.178971 0.763326 -0.103258
0.625012 -0.182165 0.743725 -0.15182
0 0 0 0
-0.318821 0.699882 -0.305567 0.56138
0.00760472 0.877958 0.0449547 0.476562
-0.138934 -0.281834 0.0993098 0.944142
-0.134315 -0.293204 0.215791 0.921643
0.435482 0.506236 0.564944 0.484685
0.265915 -0.0904394 -0.286642 0.91594
-0.153191 0.384041 -0.194129 0.889584
-0.153466 0.383797 -0.191457 0.89022
0.515171 -0.572366 0.415509 -0.484096
0.174318 0.972076 0.0877587 -0.130309
0.204111 0.967716 -0.10007 -0.108864
0 0 0 0
0.0425205 0.255062 0.948737 -0.18175
0.0253262 0.444228 0.0790677 0.892059
0.216193 0.149075 0.300729 0.916842
0 0 0 0
0.624549 -0.18135 0.749252 -0.125187
0 0 0 0
0 0 0 0
0 0 0 0
0 0 0 0
