3129778
0 0.68206 0.332623 3.29311 2 626.858 229.93 334.324 166.65
1 0.655983 0.58561 3.17865 2 626.568 187.528 334.17 135.918
2 0.628808 0.832816 3.05565 2 626.457 142.332 334.11 103.161
3 0.651994 0.948298 2.97184 2 636.049 118.433 339.226 85.8383
4 0.481352 0.742913 3.10931 2 590.966 159.68 315.182 115.734
5 0.392246 0.544864 3.26403 2 566.802 196.53 302.294 142.442
6 0.365509 0.34702 3.31979 2 559.736 228.269 298.526 165.447
7 0.362868 0.264422 3.32708 2 558.99 240.977 298.128 174.657
8 0.815785 0.746029 3.10487 2 665.971 158.728 355.184 115.044
9 0.926352 0.548554 3.1988 2 684.463 193.841 365.047 140.494
10 0.945704 0.35264 3.136 2 692.658 223.946 369.418 162.313
11 0.935227 0.277674 3.09569 2 692.99 235.542 369.594 170.717
12 0.61107 0.329908 3.2655 2 612.991 229.949 326.928 166.664
13 0.554695 -0.00631554 3.48238 2 593.612 282.129 316.593 204.484
14 0.510782 -0.362262 3.66842 2 579.841 331.252 309.249 240.087
15 0.459585 -0.442877 3.62846 2 571.194 343.071 304.637 248.653
16 0.741461 0.329671 3.26457 2 640.758 229.909 341.738 166.635
17 0.838437 0.00716564 3.4823 2 650.136 280.166 346.739 203.06
18 0.916132 -0.325374 3.68579 2 655.645 326.081 349.677 236.339
19 0.938965 -0.411377 3.63086 2 662.7 338.835 353.44 245.583
20 0.635892 0.771869 3.08804 2 626.476 153.912 334.12 111.554
21 0.378405 0.196416 3.35384 2 561.564 251.568 299.501 182.333
22 0.348025 0.261049 3.288 2 556.772 241.02 296.945 174.688
23 0.939095 0.217668 3.07754 2 695.08 245.202 370.709 177.719
24 0.943451 0.269391 3.05509 2 697.67 236.307 372.091 171.272
0
0
-0.0133801 -0.0449927 0.976405 -0.210783
-0.0146287 -0.0447231 0.976387 -0.21084
-0.015404 -0.0488415 0.969005 -0.241675
0 0 0 0
0.189443 0.758607 -0.610622 0.12557
0.18776 0.820417 -0.305572 -0.445296
0.112666 0.949879 -0.100373 -0.273791
0.037969 0.96073 -0.0273756 -0.273507
0.178798 0.742871 0.630272 -0.13759
0.0448125 0.805162 0.308293 0.50464
-0.161084 0.947791 0.00263087 0.275203
-0.218532 0.935791 -0.12313 0.247745
0.00238535 -0.671531 0.694395 -0.258566
0.152712 0.692875 -0.246213 -0.66029
-0.0695895 -0.482812 0.233785 0.841068
0 0 0 0
-0.00841064 0.655223 0.691051 -0.305059
0.121714 0.693506 0.288243 0.648962
0.104602 0.645641 0.266079 0.708102
0 0 0 0
-0.0155842 -0.0460033 0.973282 -0.224418
0 0 0 0
0 0 0 0
0 0 0 0
0 0 0 0
