3102846
0 0.901195 -0.239899 3.97159 2 640.538 311.883 341.62 226.048
1 0.877748 0.00457491 3.89228 2 639.522 280.614 341.079 203.385
2 0.847899 0.245656 3.80274 2 637.805 248.411 340.163 180.045
3 0.782723 0.32256 3.77817 2 626.864 237.875 334.327 172.409
4 0.76498 0.218709 3.94714 1 617.547 253.106 329.358 183.448
5 0.765224 0.116098 4.18734 1 609.857 267.155 325.257 193.63
6 0.842006 -0.0424163 4.27731 1 619.628 286.24 330.468 207.463
7 0.868167 -0.0951597 4.31041 1 622.794 292.409 332.157 211.934
8 0.974785 0.234022 3.7333 2 664.342 249.344 354.316 180.721
9 0.869822 0.15746 3.56176 2 652.553 258.752 348.028 187.54
10 0.715071 0.127304 3.42273 2 628.013 262.339 334.94 190.14
11 0.650483 0.0986537 3.33022 2 618.578 266.187 329.908 192.929
12 0.847243 -0.234737 3.97288 2 631.049 311.199 336.559 225.553
13 0.53413 -0.148624 3.73842 2 582.285 301.344 310.552 218.41
14 0.397851 -0.41889 3.62796 1 559.45 339.7 298.373 246.21
15 0.356315 -0.459782 3.52302 1 553.594 347.333 295.25 251.742
16 0.942082 -0.242019 3.91403 2 650.126 312.623 346.734 226.585
17 0.964554 -0.139183 3.54257 2 672.101 301.188 358.454 218.297
18 1.07817 -0.451754 3.51905 1 696.059 346.606 371.232 251.216
19 1.04212 -0.535967 3.52228 2 688.782 358.727 367.35 260
20 0.855847 0.185873 3.82697 2 638.247 256.553 340.398 185.946
21 0.865078 -0.0913607 4.31379 1 622.187 291.953 331.833 211.604
22 0.864471 -0.0947547 4.29207 1 622.794 292.409 332.157 211.934
23 0.604209 0.0873487 3.27027 2 611.25 267.669 326 194.003
24 0.610335 0.111754 3.2675 2 612.662 263.869 326.753 191.249
0
0
-0.273616 -0.00105418 0.948036 -0.162362
-0.311223 0.00542452 0.936364 -0.162275
-0.348934 0.00943937 0.915508 -0.200001
0 0 0 0
-0.427125 -0.590809 0.651185 0.210875
0.488381 0.739311 -0.255077 -0.387092
0.201472 0.935317 0.242217 0.161002
0.220196 0.929326 0.247157 0.163648
-0.146973 0.522505 0.793687 -0.274679
-0.472747 0.822775 -0.314027 0.0306396
-0.567859 0.718064 -0.32528 -0.236881
-0.570497 0.768373 -0.226867 -0.180742
-0.125503 -0.665393 0.729292 -0.0981558
0.736725 -0.191245 -0.254426 0.596597
0.283762 -0.626658 0.00884111 0.725741
0 0 0 0
-0.235277 0.588839 0.655467 -0.410215
0.66493 -0.485095 0.437086 -0.362639
-0.0237663 0.981887 0.175183 -0.0681418
0 0 0 0
-0.350683 0.00740774 0.918922 -0.180414
0 0 0 0
0 0 0 0
0 0 0 0
0 0 0 0
