3085454
0 -0.253151 -0.226314 2.30154 2 408.261 331.007 217.739 239.909
1 -0.292816 0.0549543 2.18363 2 391.699 268.47 208.906 194.583
2 -0.328615 0.327944 2.0529 2 373.529 200.119 199.215 145.043
3 -0.28092 0.453432 2.03573 2 388.644 168.005 207.277 121.767
4 -0.351716 0.183549 1.99667 2 362.547 234.588 193.358 170.026
5 -0.309912 -0.0524692 2.01377 2 378.021 294.408 201.611 213.383
6 -0.243515 -0.249135 2.10912 2 404.46 341.058 215.712 247.194
7 -0.226345 -0.307576 2.17064 2 412.137 353.025 219.806 255.868
8 -0.283775 0.309502 2.23347 1 396.415 210.953 211.421 152.896
9 -0.285884 0.103965 2.03602 1 387.32 255.351 206.571 185.075
10 -0.27661 -0.134586 2.03049 1 390.195 314.78 208.104 228.148
11 -0.284609 -0.152697 2.0614 1 388.917 318.732 207.422 231.013
12 -0.267211 -0.238981 2.23743 2 401.739 335.319 214.261 243.035
13 -0.133045 -0.502028 2.35944 2 445.065 389.2 237.368 282.086
14 -0.231397 -0.891085 2.59306 2 422.14 456.38 225.141 330.778
15 -0.209396 -0.972126 2.58139 2 427.725 473.311 228.12 343.049
16 -0.231339 -0.20684 2.29616 2 414.643 326.814 221.143 236.87
17 -0.247775 -0.633798 2.4091 2 412.869 415.017 220.197 300.799
18 -0.356264 -0.90853 2.67861 2 391.8 454.145 208.96 329.158
19 -0.240198 -0.956168 2.63395 2 420.755 466.344 224.402 337.999
20 -0.320331 0.260775 2.08769 2 378.205 217.861 201.709 157.903
21 -0.185495 -0.387161 2.19172 2 425.629 370.793 227.002 268.746
22 -0.297148 -0.292208 2.17959 2 390.014 349.189 208.008 253.087
23 -0.271889 -0.203563 2.0741 2 393.702 330.934 209.975 239.857
24 -0.339264 -0.136901 2.10061 2 372.725 314.239 198.786 227.756
1
1
0.487626 -0.154788 0.848228 -0.13701
0.532675 -0.161954 0.820686 -0.12846
0.578306 -0.185497 0.779032 -0.155764
0 0 0 0
-0.247965 0.729334 -0.354514 0.530005
-0.0202261 0.819225 0.0922099 0.565649
-0.245874 -0.539186 0.0951909 0.799852
-0.313742 -0.531636 0.253072 0.744905
0.489755 0.459201 0.643697 0.367327
0.25775 -0.633127 -0.270185 0.678024
-0.0110641 -0.49837 -0.0197247 0.86667
-0.109519 -0.393383 0.491204 0.769398
-0.414773 0.616119 -0.482935 0.463825
0.227599 0.946222 0.191169 -0.127735
0.186393 0.859551 -0.215236 -0.424387
0 0 0 0
0.11132 0.388021 0.902833 -0.148121
0.0688028 0.397126 0.110572 0.908477
0.219786 0.188263 0.328871 0.898941
0 0 0 0
0.579384 -0.177533 0.783715 -0.136336
0 0 0 0
0 0 0 0
0 0 0 0
0 0 0 0
