3129075
0 0.660351 0.332094 3.27776 2 622.935 229.78 332.232 166.542
1 0.640806 0.579703 3.16405 2 623.895 188.056 332.744 136.301
2 0.620716 0.821135 3.04142 2 625.268 143.652 333.476 104.117
3 0.63824 0.936022 2.95191 2 633.835 119.466 338.045 86.5877
4 0.476964 0.745435 3.1087 2 590.011 159.244 314.673 115.418
5 0.394096 0.557864 3.28239 2 566.734 194.987 302.258 141.324
6 0.362565 0.367982 3.36072 2 558.214 225.752 297.714 163.622
7 0.367227 0.288209 3.38231 2 558.657 238.07 297.951 172.55
8 0.804346 0.742098 3.08718 2 664.439 158.681 354.368 115.01
9 0.936443 0.588626 3.25918 2 682.908 189.188 364.217 137.121
10 1.04847 0.41608 3.36436 2 699.719 218.204 373.183 158.152
11 1.08863 0.343754 3.39041 2 706.271 229.554 376.678 166.378
12 0.58831 0.33133 3.25513 2 608.559 229.573 324.565 166.391
13 0.544979 0.000648844 3.48127 2 591.717 281.116 315.582 203.749
14 0.507322 -0.360236 3.67047 2 579.136 330.942 308.872 239.863
15 0.457749 -0.441956 3.63201 2 570.759 342.88 304.405 248.515
16 0.721309 0.32731 3.24468 2 637.408 229.972 339.951 166.681
17 0.824423 0.00625685 3.46168 2 648.317 280.293 345.769 203.152
18 0.917252 -0.324815 3.67834 2 656.208 326.096 349.977 236.35
19 0.966649 -0.407587 3.65803 2 666.63 337.889 355.536 244.897
20 0.625996 0.761652 3.07371 2 624.899 155.024 333.279 112.359
21 0.3782 0.226547 3.41816 2 560.066 247.663 298.702 179.503
22 0.349784 0.266965 3.34914 2 555.802 240.861 296.428 174.573
23 1.1124 0.296211 3.43765 2 707.993 237.313 377.596 172.001
24 1.12251 0.337797 3.38957 2 713.307 230.424 380.43 167.008
0
0
-0.0485643 -0.0259918 0.975118 -0.214733
-0.0456155 -0.026641 0.975261 -0.214654
-0.0419358 -0.0294808 0.967649 -0.247039
0 0 0 0
0.231793 0.737778 -0.627375 0.0914164
0.218429 0.795608 -0.321393 -0.464761
0.154247 0.918545 -0.139076 -0.336364
0.133011 0.923931 -0.0210729 -0.358072
0.181707 0.729658 0.642374 -0.148114
0.109288 0.692977 0.446352 0.555526
0.0758947 0.802079 0.347634 0.479646
0.0159439 0.830971 0.287734 0.47586
-0.0306063 -0.668099 0.702856 -0.242283
0.1633 0.661517 -0.251006 -0.687549
-0.0774212 -0.482605 0.230329 0.841456
0 0 0 0
-0.0287744 0.65667 0.681734 -0.321239
0.128136 0.720019 0.288546 0.617977
0.048626 0.510156 0.300537 0.804397
0 0 0 0
-0.0421266 -0.0274638 0.972047 -0.229339
0 0 0 0
0 0 0 0
0 0 0 0
0 0 0 0
