3038381
0 -0.397954 -0.358983 1.85735 2 335.835 379.532 179.112 275.08
1 -0.453877 -0.108398 1.76176 2 305.996 312.486 163.198 226.485
2 -0.489098 0.144083 1.65417 2 279.418 236.872 149.023 171.682
3 -0.459994 0.276116 1.63618 2 289.354 195.255 154.322 141.518
4 -0.483158 -0.00127956 1.57803 2 272.167 281.623 145.156 204.117
5 -0.463274 -0.248126 1.59049 2 282.321 360.678 150.571 261.415
6 -0.427638 -0.443631 1.6351 2 302.687 419.586 161.433 304.11
7 -0.433476 -0.53525 1.66309 2 303.184 445.463 161.698 322.866
8 -0.417989 0.0895665 2.11706 1 347.861 259.752 185.526 188.264
9 -0.534795 -0.103887 1.94887 2 294.307 308.32 156.964 223.466
10 -0.483328 -0.345414 1.82305 2 300.454 377.711 160.242 273.76
11 -0.420152 -0.428357 1.73392 2 316.141 407.109 168.609 295.067
12 -0.396267 -0.364027 1.79824 2 331.561 384.227 176.832 278.483
13 -0.318232 -0.689731 1.91569 2 368.775 464.91 196.68 336.96
14 -0.398934 -1.11466 2.10071 2 352.538 551.412 188.02 399.656
15 -0.30496 -1.17244 2.11097 2 384.038 563.883 204.82 408.695
16 -0.38572 -0.341388 1.85143 2 339.98 374.979 181.323 271.78
17 -0.382272 -0.667486 1.86361 2 341.694 464 182.237 336.301
18 -0.485437 -1.03298 2.13626 2 326.508 527.75 174.138 382.506
19 -0.409342 -1.11447 2.13419 2 351.178 547.221 187.295 396.619
20 -0.482635 0.0814997 1.68332 2 285.729 256.579 152.389 185.965
21 -0.413061 -0.608262 1.69135 2 314.54 464.789 167.755 336.873
22 -0.444432 -0.580934 1.63638 2 295.538 462.443 157.62 335.172
23 -0.413966 -0.483829 1.74491 2 319.572 422.587 170.438 306.285
24 -0.397038 -0.482094 1.739 2 325.781 422.539 173.75 306.25
1
1
0.610814 -0.192802 0.764351 -0.0741727
0.620778 -0.193757 0.756281 -0.0716397
0.638808 -0.177243 0.737025 -0.131538
0 0 0 0
-0.337592 0.697681 -0.277489 0.567691
0.00157272 0.863643 0.0473404 0.501874
0.121426 0.981093 0.0728405 -0.131932
0.142953 0.981884 -0.0476993 -0.114858
0.425635 0.496203 0.572739 0.494557
0.260558 -0.10229 -0.297895 0.912636
-0.174945 0.352762 -0.183485 0.900714
-0.365615 0.306256 -0.25296 0.841751
0.54039 -0.575572 0.406795 -0.459579
0.18062 0.972888 0.0923799 -0.111048
0.197095 0.974377 -0.0975676 -0.0471561
0 0 0 0
0.0601441 0.281195 0.944505 -0.158817
0.0059366 0.553574 0.0184711 0.832574
0.182068 0.207886 0.275602 0.920695
0 0 0 0
0.637335 -0.179555 0.742611 -0.100467
0 0 0 0
0 0 0 0
0 0 0 0
0 0 0 0
