3129964
0 -0.185594 -0.166041 2.36528 2 430.01 316.725 229.339 229.558
1 -0.217989 0.102896 2.24608 2 417.229 258.034 222.522 187.019
2 -0.250453 0.368533 2.11113 2 402.157 192.64 214.484 139.623
3 -0.217715 0.492193 2.07443 2 411.473 160.631 219.452 116.423
4 -0.258732 0.218191 2.04577 2 396.876 227.173 211.667 164.652
5 -0.21646 -0.0267929 2.08513 2 412.586 287.711 220.046 208.529
6 -0.11794 -0.22725 2.18846 2 446.896 333.757 238.345 241.903
7 -0.104951 -0.290147 2.24538 2 451.798 346.632 240.959 251.234
8 -0.179138 0.358708 2.29563 1 430.213 202.02 229.447 146.422
9 -0.184596 0.141409 2.11278 1 423.882 247.347 226.07 179.274
10 -0.0968914 0.0555023 2.34311 1 455.551 269.237 242.961 195.14
11 -0.0886071 -0.0545609 2.30055 1 457.5 293.198 244 212.506
12 -0.213393 -0.163556 2.27985 2 419.588 317.514 223.78 230.13
13 -0.114449 -0.465982 2.3782 2 450.785 380.595 240.419 275.85
14 -0.16635 -0.848602 2.63042 2 440.181 445.536 234.763 322.919
15 -0.0932558 -0.940348 2.62976 2 459.389 463.504 245.007 335.941
16 -0.152758 -0.164156 2.38281 2 439.891 316.056 234.608 229.073
17 -0.147492 -0.60928 2.44454 2 442.291 407.863 235.889 295.614
18 -0.209315 -0.896926 2.69704 2 430.215 450.667 229.448 326.637
19 -0.0909067 -0.934998 2.66811 2 460.356 459.828 245.523 333.277
20 -0.24248 0.302766 2.14739 2 406.173 209.744 216.626 152.019
21 -0.0648178 -0.351445 2.29138 2 464.485 358.9 247.725 260.126
22 -0.10683 -0.32534 2.22053 2 450.842 355.42 240.449 257.604
23 -0.0886027 -0.0639381 2.30048 2 457.5 295.259 244 214
24 -0.0929566 -0.053137 2.295 1 456.134 292.914 243.271 212.3
0
1
0.452128 -0.145071 0.865993 -0.156814
0.514592 -0.156211 0.830397 -0.14572
0.573361 -0.191093 0.778894 -0.167522
0 0 0 0
-0.290949 0.712526 -0.31288 0.556562
0.0373522 0.906773 0.10931 0.405486
0.270019 0.915164 0.140797 -0.264084
0.365423 0.909487 0.00356894 -0.198206
0.462096 0.489942 0.671111 0.309895
0.202977 -0.533444 -0.27622 0.773266
-0.404547 -0.324555 0.414454 0.74782
-0.0181057 -0.0932326 -0.185641 0.978017
0.391761 -0.543053 0.60029 -0.437341
0.191801 0.92566 0.0958792 -0.311727
0.260673 0.923409 -0.131298 -0.249253
0 0 0 0
0.285962 0.686516 0.665972 0.0583368
0.0319637 0.535047 0.0612521 0.841993
0.139332 0.14702 0.331108 0.921596
0 0 0 0
0.575653 -0.179208 0.783753 -0.14913
0 0 0 0
0 0 0 0
0 0 0 0
0 0 0 0
