3055184
0 0.926339 -0.229915 3.9493 2 645.853 310.779 344.455 225.248
1 0.939008 -0.00502293 3.87048 2 651.414 281.87 347.421 204.295
2 0.948566 0.219204 3.78329 2 657.104 251.768 350.456 182.478
3 0.937689 0.33126 3.72231 2 657.981 235.972 350.923 171.029
4 0.78718 0.17968 3.82135 2 625.993 257.354 333.863 186.527
5 0.565632 0.237297 3.70849 2 588.975 248.791 314.12 180.32
6 0.408586 0.311582 3.56215 2 562.887 236.919 300.206 171.716
7 0.353505 0.340739 3.51105 2 553.233 232.075 295.057 168.205
8 1.12246 0.152013 3.78958 2 688.794 260.798 367.357 189.023
9 1.35071 0.118844 3.7984 2 730.303 265.261 389.495 192.258
10 1.50697 0.121638 3.6646 2 769.16 264.271 410.219 191.54
11 1.53221 0.146202 3.62317 2 777.295 260.614 414.557 188.89
12 0.846132 -0.218795 3.93466 2 632.287 309.435 337.22 224.274
13 0.530277 -0.175775 3.67511 2 583.267 305.434 311.076 221.375
14 0.352614 -0.439567 3.63851 1 550.664 342.402 293.688 248.168
15 0.343481 -0.521586 3.53484 1 550.884 355.996 293.805 258.021
16 0.993461 -0.237082 3.90785 2 659.544 312.045 351.757 226.166
17 0.975114 -0.264761 3.48708 2 677.283 319.837 361.217 231.813
18 0.826338 -0.526829 3.3727 2 653.347 360.678 348.452 261.415
19 0.727275 -0.578828 3.29479 2 636.522 370.561 339.479 268.578
20 0.946749 0.16344 3.8067 2 655.681 259.396 349.696 188.007
21 0.318411 0.348337 3.48202 2 546.869 230.566 291.663 167.111
22 0.327357 0.309549 3.49266 2 548.429 236.35 292.495 171.303
23 1.57232 0.182472 3.58791 2 787.97 255.249 420.251 185.001
24 1.51679 0.166765 3.59423 2 776.68 257.528 414.229 186.653
2
0
-0.0985372 0.0435537 0.980556 -0.164025
-0.0755996 0.0397094 0.98259 -0.164997
-0.0552273 0.0264188 0.978649 -0.19621
0 0 0 0
-0.164551 -0.664667 0.723422 -0.0883245
0.736961 -0.452917 0.264124 0.426606
0.510985 0.0824365 -0.63436 0.574183
0.517961 0.0811985 -0.642343 0.559034
0.0880422 0.710997 0.6782 -0.163636
-0.492762 0.475172 0.430504 0.588272
-0.437297 0.701524 0.561748 -0.0327768
-0.604417 0.509167 0.600469 -0.121928
-0.0613261 -0.635156 0.75087 -0.170324
0.728823 -0.315433 -0.145412 0.590063
-0.20843 0.800975 -0.211101 -0.520031
0 0 0 0
-0.100379 0.679014 0.666847 -0.290138
0.331237 -0.381199 0.597907 -0.622477
-0.0487537 0.837707 -0.301829 0.452514
0 0 0 0
-0.0538084 0.031635 0.981978 -0.178391
0 0 0 0
0 0 0 0
0 0 0 0
0 0 0 0
