3089290
0 -0.231537 -0.218024 2.23898 2 412.799 330.516 220.16 239.554
1 -0.255956 0.047505 2.12869 2 401.259 269.917 214.005 195.632
2 -0.277717 0.307502 2.00435 2 388.433 203.381 207.165 147.408
3 -0.230651 0.432206 1.99065 2 403.971 170.921 215.451 123.881
4 -0.31015 0.165949 1.94819 2 374.293 238.034 199.623 172.524
5 -0.264622 -0.0680274 1.96149 2 391.133 298.77 208.604 216.544
6 -0.199586 -0.249151 2.05492 2 417.101 342.624 222.454 248.329
7 -0.177368 -0.318735 2.12158 2 426.383 357.343 227.404 258.997
8 -0.232981 0.289103 2.18493 1 410.528 214.163 218.948 155.222
9 -0.235345 0.0845377 1.98829 1 402.542 259.691 214.689 188.221
10 -0.226325 -0.154955 1.98182 1 405.383 320.797 216.204 232.509
11 -0.233939 -0.172657 2.01337 1 404 324.634 215.467 235.29
12 -0.246417 -0.224982 2.17994 2 406.152 333.483 216.615 241.704
13 -0.272389 -0.504369 2.31774 2 402.824 391.757 214.84 283.94
14 -0.27996 -0.887081 2.57526 2 408.638 456.825 217.94 331.101
15 -0.196185 -0.971397 2.56914 2 431.02 474.084 229.878 343.61
16 -0.209113 -0.204704 2.22982 2 419.444 327.681 223.704 237.499
17 -0.231379 -0.617883 2.36965 2 416.477 413.81 222.121 299.924
18 -0.350686 -0.914523 2.69172 2 393.686 454.436 209.966 329.369
19 -0.237868 -0.962118 2.63021 2 421.275 467.771 224.68 339.034
20 -0.272702 0.243391 2.03806 2 391.79 220.679 208.955 159.945
21 -0.129663 -0.395946 2.13973 2 442.196 375.048 235.838 271.83
22 -0.241515 -0.306547 2.13195 2 405.916 354.1 216.488 256.647
23 -0.220922 -0.22383 2.02415 2 408.829 337.221 218.042 244.413
24 -0.286368 -0.158975 2.04783 2 387.687 320.537 206.766 232.321
1
1
0.447854 -0.12755 0.871507 -0.153729
0.507851 -0.138013 0.837966 -0.144408
0.568076 -0.168954 0.786614 -0.173152
0 0 0 0
-0.225031 0.726973 -0.371638 0.531749
-0.0327266 0.810893 0.0943182 0.576615
-0.24445 -0.438383 0.130062 0.855072
-0.281669 -0.441801 0.262353 0.810336
0.495385 0.478209 0.631241 0.356995
0.258235 -0.63313 -0.269931 0.677936
-0.00934366 -0.508202 -0.021184 0.860927
-0.121221 -0.394468 0.495868 0.764078
-0.414808 0.593444 -0.52074 0.452315
0.204769 0.932252 -0.105818 -0.278888
0.278689 0.921006 -0.0869512 -0.257913
0 0 0 0
0.0298022 0.464276 0.860271 -0.208553
0.0876162 0.388174 0.139015 0.906818
0.238598 0.230091 0.340958 0.879703
0 0 0 0
0.570445 -0.157521 0.791847 -0.150859
0 0 0 0
0 0 0 0
0 0 0 0
0 0 0 0
