3112295
0 -0.136589 -0.185687 2.31953 2 443.476 321.706 236.521 233.168
1 -0.170207 0.0842638 2.19446 2 430.65 261.792 229.68 189.743
2 -0.203199 0.346676 2.05609 2 415.848 195.706 221.786 141.845
3 -0.164413 0.465937 2.02315 2 427.861 164.231 228.192 119.032
4 -0.211589 0.200489 1.99434 2 410.945 230.304 219.171 166.921
5 -0.171026 -0.0340904 2.02617 2 425.945 289.72 227.171 209.985
6 -0.0924096 -0.25141 2.13345 2 454.164 340.854 242.221 247.046
7 -0.0812566 -0.313809 2.19316 2 458.459 353.671 244.511 256.336
8 -0.13034 0.32063 2.33046 1 445.466 211.536 237.582 153.319
9 -0.283822 0.0990863 2.26578 1 397.783 259.073 212.151 187.773
10 -0.130793 -0.00670247 2.4518 1 447.31 282.593 238.565 204.819
11 -0.117239 -0.0573109 2.49201 1 451.638 292.836 240.874 212.244
12 -0.156638 -0.196819 2.23161 2 435.692 325.837 232.369 236.162
13 -0.131196 -0.577135 2.3973 2 446.177 403.505 237.961 292.455
14 -0.178728 -0.901416 2.63258 2 436.934 455.723 233.032 330.301
15 -0.100457 -0.945693 2.61937 2 457.384 465.285 243.938 337.232
16 -0.113226 -0.16803 2.33873 2 450.683 317.546 240.364 230.153
17 -0.258332 -0.494613 2.54626 2 413.983 379.795 220.791 275.27
18 -0.111031 -0.887875 2.75269 2 456.039 445.486 243.221 322.882
19 -0.0803955 -0.946523 2.66139 2 463.03 462.509 246.949 335.22
20 -0.195224 0.282312 2.093 2 419.736 212.874 223.859 154.288
21 -0.045342 -0.387263 2.22505 2 469.922 369.418 250.625 267.749
22 -0.0324045 -0.266643 2.21835 2 473.91 342.041 252.752 247.906
23 -0.10441 -0.095039 2.50834 1 455.361 300.364 242.859 217.7
24 -0.114139 -0.0578481 2.45041 1 451.959 293.144 241.045 212.467
1
1
0.539829 -0.166528 0.812029 -0.1465
0.567145 -0.171416 0.793192 -0.140749
0.591174 -0.200759 0.762738 -0.168641
0 0 0 0
-0.289399 0.711426 -0.315669 0.557203
0.0127384 0.849038 0.107218 0.517181
-0.0448107 0.432818 0.267437 0.859731
0.0872 0.376414 0.366226 0.846515
0.451056 0.510558 0.611109 0.403021
0.316679 -0.388995 0.00752462 0.865067
0.407065 0.836532 0.365022 0.0356543
0.313289 0.93628 0.136682 0.0809194
-0.428236 0.599291 -0.505328 0.449563
0.205926 0.960312 -0.00843014 -0.187946
0.289381 0.931972 -0.119882 -0.182524
0 0 0 0
0.392432 0.48606 0.773384 0.107798
0.263617 0.946071 -0.188081 -0.00900935
0.0245489 0.62294 0.28141 0.729487
0 0 0 0
0.593715 -0.188281 0.767932 -0.149442
0 0 0 0
0 0 0 0
0 0 0 0
0 0 0 0
