3086485
0 -0.243633 -0.225547 2.29351 2 410.857 331.008 219.124 239.91
1 -0.282381 0.0507145 2.17213 2 394.525 269.392 210.413 195.252
2 -0.316008 0.320137 2.03822 2 377.02 201.493 201.077 146.04
3 -0.263977 0.444934 2.0184 2 393.641 169.194 209.942 122.63
4 -0.344318 0.179284 1.98559 2 364.45 235.422 194.373 170.63
5 -0.300517 -0.058611 2.0016 2 380.617 296.042 202.996 214.567
6 -0.243552 -0.251813 2.09778 2 404.014 342.032 215.474 247.9
7 -0.226521 -0.306323 2.15871 2 411.682 353.129 219.564 255.943
8 -0.271163 0.30173 2.21885 1 399.768 212.277 213.21 153.856
9 -0.273334 0.0963998 2.02155 1 390.916 257.065 208.488 186.317
10 -0.264119 -0.142323 2.01583 1 393.784 316.966 210.018 229.732
11 -0.277013 -0.160774 2.04667 1 390.788 321.001 208.42 232.657
12 -0.258951 -0.23993 2.22875 2 403.974 335.743 215.453 243.342
13 -0.134681 -0.507067 2.35017 2 444.427 390.725 237.028 283.192
14 -0.234443 -0.891611 2.58945 2 421.237 456.732 224.66 331.033
15 -0.204902 -0.973175 2.5783 2 428.865 473.751 228.728 343.368
16 -0.220852 -0.204437 2.29028 2 417.621 326.396 222.731 236.567
17 -0.244787 -0.629499 2.40507 2 413.613 414.324 220.593 300.297
18 -0.338214 -0.905375 2.66784 2 396.121 454.232 211.264 329.221
19 -0.227106 -0.962671 2.62968 2 424.1 467.913 226.187 339.137
20 -0.308273 0.253923 2.0739 2 381.526 219.126 203.481 158.82
21 -0.190744 -0.383765 2.17858 2 423.615 370.545 225.928 268.566
22 -0.212775 -0.271387 2.10483 2 414.357 346.534 220.99 251.163
23 -0.259407 -0.211014 2.06001 2 397.26 333.105 211.872 241.43
24 -0.332648 -0.143471 2.08285 2 373.964 316.119 199.448 229.119
1
1
0.485931 -0.158161 0.847296 -0.144725
0.527066 -0.165097 0.822339 -0.136761
0.568766 -0.185855 0.783799 -0.166199
0 0 0 0
-0.233974 0.731735 -0.370321 0.52219
-0.0297873 0.783908 0.0919383 0.61331
0.123709 0.829059 0.227841 0.495425
0.281322 0.771632 0.307367 0.480591
0.49204 0.464091 0.640376 0.363915
0.257879 -0.633117 -0.270139 0.678002
-0.0103583 -0.515093 -0.0202021 0.856833
-0.0604753 -0.424353 0.504702 0.749362
-0.4021 0.622501 -0.482381 0.46703
0.22898 0.946114 0.168584 -0.154974
0.201625 0.875375 -0.21157 -0.385103
0 0 0 0
0.157302 0.382848 0.901823 -0.124093
0.0723454 0.3527 0.113002 0.926067
0.206007 0.203813 0.325472 0.90005
0 0 0 0
0.570032 -0.177555 0.788857 -0.145749
0 0 0 0
0 0 0 0
0 0 0 0
0 0 0 0
