3028171
0 0.940548 -0.280368 3.82008 2 653.985 318.506 348.792 230.849
1 0.985881 -0.0796776 3.71783 2 667.139 292.105 355.807 211.713
2 1.02837 0.118539 3.60409 2 681.204 264.48 363.309 191.692
3 1.03503 0.221899 3.5449 2 685.873 249.357 365.799 180.73
4 0.881443 0.0907466 3.6267 2 651.724 268.501 347.586 194.606
5 0.751976 0.165159 3.47365 2 633.274 257.079 337.746 186.327
6 0.695545 0.178424 3.27053 1 630.636 253.523 336.339 183.75
7 0.659732 0.163923 3.19218 2 626.467 255.155 334.116 184.933
8 1.17913 0.0446072 3.63126 2 708.703 274.954 377.975 199.283
9 1.24792 -0.128547 3.77325 2 712.915 298.566 380.221 216.396
10 1.39101 -0.247962 3.93967 2 728.567 313.297 388.569 227.073
11 1.40074 -0.22398 3.99268 2 726.985 309.806 387.725 224.543
12 0.866682 -0.261051 3.80756 2 641.044 316.028 341.89 229.053
13 0.61563 -0.171715 3.56158 2 603.021 305.648 321.611 221.53
14 0.42152 -0.617293 3.57878 1 565.163 368.72 301.42 267.243
15 0.430899 -0.53507 3.47038 1 569.533 359.406 303.751 260.492
16 1.00101 -0.29596 3.77754 2 667.073 321.05 355.772 232.693
17 1.00505 -0.297297 3.39112 2 688.986 325.839 367.459 236.163
18 0.870463 -0.562445 3.26042 2 668.7 369.05 356.64 267.482
19 0.770745 -0.623421 3.16851 2 652.255 381.381 347.869 276.42
20 1.01833 0.0693056 3.6344 2 677.608 271.513 361.391 196.789
21 0.644926 0.159584 3.15696 1 624.811 255.563 333.233 185.229
22 0.659168 0.140274 3.15584 1 627.988 258.657 334.927 187.471
23 1.41039 -0.219147 4.01175 2 727.5 309.057 388 224
24 1.40825 -0.220162 3.96533 2 729.999 309.516 389.333 224.333
0
0
-0.124153 0.130582 0.959865 -0.214926
-0.0628275 0.116642 0.96582 -0.2228
-0.00864628 0.0916246 0.958872 -0.268506
0 0 0 0
-0.171153 -0.624247 0.740245 -0.181824
-0.664875 0.569351 -0.481601 -0.0429168
-0.020132 -0.164957 0.728695 -0.66437
0.0780398 0.231174 -0.641021 0.727709
0.154626 0.733516 0.632613 -0.194537
-0.23089 -0.22398 0.277672 0.905219
0.124345 0.702251 0.495555 0.495789
0.440893 0.3653 0.713354 0.404097
-0.128025 -0.579354 0.78003 -0.198775
0.76812 -0.316882 -0.182106 0.525752
0.148754 -0.606939 0.140597 0.767939
0 0 0 0
-0.114472 0.705823 0.619442 -0.324041
-0.371001 0.365963 -0.600523 0.606466
-0.0564276 0.795322 -0.297743 0.525003
0 0 0 0
-0.00482839 0.0981093 0.96362 -0.248571
0 0 0 0
0 0 0 0
0 0 0 0
0 0 0 0
