3126136
0 0.654002 0.359303 3.29141 2 621.033 225.795 331.218 163.653
1 0.63934 0.577347 3.16405 2 623.57 188.438 332.571 136.577
2 0.624853 0.789292 3.02836 2 626.799 148.439 334.293 107.587
3 0.604823 0.902895 2.94317 2 626.363 124.778 334.06 90.4377
4 0.494597 0.759925 3.15542 2 592.313 158.703 315.9 115.026
5 0.405061 0.643396 3.30219 1 568.589 182.291 303.247 132.122
6 0.453613 0.508472 3.52678 2 572.59 208.102 305.381 150.83
7 0.469924 0.452301 3.58523 1 574.249 217.261 306.266 157.468
8 0.720005 0.735438 2.95382 2 652.781 154.319 348.15 111.848
9 0.652162 0.588263 2.81352 1 644.326 174.766 343.64 126.668
10 0.500802 0.517655 2.68627 2 612.75 183.249 326.8 132.816
11 0.43245 0.479845 2.64186 1 596.95 188.952 318.374 136.95
12 0.602975 0.362105 3.28944 2 610.36 225.353 325.525 163.333
13 0.52433 0.00354717 3.46808 2 588.013 280.693 313.607 203.442
14 0.461012 -0.384739 3.64524 2 571.034 334.685 304.551 242.575
15 0.387966 -0.454542 3.63388 2 557.465 344.584 297.315 249.75
16 0.69444 0.349403 3.23715 2 632.016 226.394 337.075 164.087
17 0.816662 -0.000212993 3.40291 2 649.592 281.243 346.449 203.841
18 0.928639 -0.340359 3.6676 2 658.888 328.389 351.407 238.012
19 0.951068 -0.428017 3.62187 2 665.487 341.326 354.927 247.389
20 0.628601 0.737058 3.06401 2 625.913 158.729 333.82 115.045
21 0.453934 0.418607 3.63294 2 570 222.823 304 161.499
22 0.488508 0.411494 3.56643 2 578.306 222.729 308.43 161.431
23 0.379054 0.44917 2.59938 2 584.555 193.493 311.762 140.241
24 0.378182 0.47919 2.58957 2 584.736 187.246 311.859 135.713
0
0
-0.250088 0.0386131 0.931922 -0.259783
-0.285929 0.0486275 0.921557 -0.258096
-0.318854 0.0691473 0.900337 -0.288002
0 0 0 0
0.388944 0.654822 -0.646928 -0.0376024
0.442979 0.862876 -0.152424 0.18969
0.442542 0.838937 0.225791 0.22217
0.348244 0.889148 0.197681 0.221506
-0.142515 0.555517 0.688499 -0.443914
-0.328753 0.909273 -0.22051 0.12853
-0.514895 0.750722 -0.258347 -0.323351
-0.458414 0.761408 -0.281898 -0.361453
-0.175648 -0.660132 0.704657 -0.191919
-0.0326968 -0.504591 0.244502 0.827368
0.0112925 -0.28127 0.223408 0.933193
0 0 0 0
-0.179398 0.601141 0.628843 -0.45935
0.114447 0.853375 0.236842 0.450065
0.123011 0.651257 0.320854 0.676598
0 0 0 0
-0.321094 0.0642789 0.905506 -0.269864
0 0 0 0
0 0 0 0
0 0 0 0
0 0 0 0
