3104076
0 0.224226 -0.0699372 2.61765 2 542.831 294.723 289.51 213.611
1 0.269867 0.243572 2.54383 2 556.956 232.728 297.043 168.678
2 0.303985 0.544423 2.45065 2 569.61 168.33 303.792 122.003
3 0.33804 0.66633 2.43773 2 579.878 142.079 309.268 102.977
4 0.240803 0.381754 2.35281 2 554.482 198.938 295.724 144.187
5 0.174201 0.11507 2.34505 2 535.013 256.394 285.34 185.831
6 0.148633 -0.11091 2.36559 2 527.133 304.919 281.138 221.001
7 0.146828 -0.169731 2.40371 2 525.943 316.926 280.503 229.703
8 0.349241 0.492528 2.69477 1 573.355 188.437 305.789 136.577
9 0.408238 0.33198 2.88887 1 581.304 222.958 310.029 161.597
10 0.518251 0.213929 3.09284 1 599.385 246.149 319.672 178.406
11 0.555423 0.17503 3.1645 1 604.873 253.172 322.599 183.495
12 0.196082 -0.0691881 2.53093 2 537.199 295.035 286.506 213.837
13 0.12416 -0.494788 2.55654 2 517.431 379.37 275.963 274.962
14 -0.0499043 -0.854614 2.61068 2 470.725 447.948 251.053 324.666
15 -0.0217012 -0.934538 2.59034 2 478.152 465.142 255.015 337.128
16 0.247132 -0.0672131 2.63742 2 548.368 294.101 292.463 213.161
17 0.327991 -0.371662 2.92068 1 561.288 345.692 299.354 250.553
18 0.280892 -0.722381 3.05123 2 547.524 401.506 292.013 291.006
19 0.34599 -0.695013 3.08236 2 561.459 395.771 299.445 286.85
20 0.296464 0.470761 2.47649 2 566.536 184.719 302.152 133.882
21 0.130279 -0.240461 2.41293 2 521.083 331.635 277.911 240.365
22 0.110658 -0.18594 2.34749 2 516.357 321.273 275.391 232.854
23 0.58858 0.169533 3.19645 1 610.841 254.317 325.782 184.326
24 0.561552 0.198688 3.14856 1 606.846 249.216 323.651 180.628
3
0
0.520402 0.000110174 0.843243 -0.134625
0.553231 -0.00519574 0.822077 -0.134525
0.579181 -0.059 0.796365 -0.163923
0 0 0 0
-0.213732 0.683545 -0.42425 0.554162
0.0305912 0.926135 -0.11898 0.356627
0.0214709 0.928448 -0.0687277 -0.364416
0.258489 0.89116 -0.117116 -0.353978
0.516035 0.568592 0.530985 0.358421
-0.228864 -0.229811 0.370587 0.87033
-0.0768991 0.289903 0.516853 0.801814
-0.0721828 0.284311 0.527014 0.797629
0.35249 -0.521218 0.616327 -0.473523
0.0101683 0.970475 -0.0880479 -0.224325
0.0156182 0.94607 -0.231791 -0.225788
0 0 0 0
0.347092 0.658036 0.651431 0.14884
-0.0687943 0.0866346 0.368695 0.922944
0.0109457 -0.27879 0.186971 0.941912
0 0 0 0
0.5835 -0.038845 0.797444 -0.148667
0 0 0 0
0 0 0 0
0 0 0 0
0 0 0 0
