3051759
0 0.938567 -0.252733 3.94145 2 648.344 313.784 345.784 227.426
1 0.951316 -0.0250139 3.85211 2 654.444 284.509 349.037 206.209
2 0.96119 0.200712 3.75483 2 660.764 254.043 352.407 184.127
3 0.967006 0.308841 3.68296 2 665.392 238.571 354.876 172.913
4 0.816728 0.14694 3.75444 2 634 261.347 338.133 189.421
5 0.635659 0.162428 3.64672 2 604.026 258.634 322.147 187.454
6 0.593629 0.16466 3.44042 1 602.808 256.952 321.498 186.235
7 0.560294 0.141618 3.36232 1 598.715 259.867 319.315 188.348
8 1.11631 0.108419 3.7559 2 689.497 266.521 367.732 193.171
9 1.20979 -0.0960975 3.89555 2 698.813 293.769 372.7 212.92
10 1.3909 -0.286887 3.82035 2 736.266 319.505 392.675 231.573
11 1.45903 -0.318401 3.77406 2 752.006 324.255 401.07 235.015
12 0.858654 -0.238809 3.92772 2 634.772 312.076 338.545 226.188
13 0.500125 -0.208992 3.67454 2 577.624 310.013 308.066 224.693
14 0.326747 -0.475563 3.63888 1 545.77 347.413 291.078 251.8
15 0.404672 -0.39313 3.62403 1 560.82 336.157 299.104 243.642
16 1.00427 -0.262449 3.89928 2 661.873 315.424 352.999 228.615
17 0.978839 -0.262076 3.48869 2 677.936 319.428 361.566 231.517
18 0.76466 -0.548665 3.35672 2 641.396 364.337 342.078 264.067
19 0.71346 -0.594668 3.26005 2 635.233 373.993 338.791 271.065
20 0.959146 0.144598 3.78074 2 659.149 261.776 351.546 189.732
21 0.552798 0.136251 3.34585 1 597.732 260.576 318.79 188.862
22 0.553382 0.1323 3.34628 1 597.836 261.177 318.846 189.297
23 1.49672 -0.343428 3.73493 2 761.88 328.136 406.336 237.829
24 1.41062 -0.345763 3.73236 2 745.974 328.47 397.853 238.071
0
0
-0.110794 0.0472649 0.975989 -0.181481
-0.0609999 0.0379714 0.980362 -0.18365
-0.0132982 0.0198372 0.976499 -0.214195
0 0 0 0
-0.0786149 -0.671456 0.708453 -0.202634
-0.627118 0.600303 -0.378655 -0.320905
0.226202 -0.0862025 -0.673894 0.698046
0.262287 -0.0341468 -0.547966 0.793582
0.0620365 0.75603 0.620721 -0.19818
-0.0245028 0.465441 0.336295 0.818334
0.055333 0.791891 0.385052 -0.470725
-0.00108813 0.682292 0.566877 -0.461657
-0.0805843 -0.620155 0.760346 -0.175462
0.718589 -0.28628 -0.132356 0.619802
0.258293 -0.592535 0.129428 0.751955
0 0 0 0
-0.0954309 0.68253 0.655089 -0.309686
0.303502 -0.342113 0.639015 -0.61847
0.0630373 0.696087 -0.346788 0.625481
0 0 0 0
-0.01201 0.0241114 0.979946 -0.197433
0 0 0 0
0 0 0 0
0 0 0 0
0 0 0 0
