3112299
0 0.665414 0.348005 3.34553 2 621.158 228.41 331.285 165.548
1 0.619827 0.5853 3.1978 2 617.855 188.17 329.523 136.383
2 0.567671 0.814681 3.03744 2 613.317 144.601 327.103 104.805
3 0.52394 0.899461 2.96221 2 606.471 126.445 323.451 91.6456
4 0.433196 0.718059 3.17866 2 578.093 166.39 308.316 120.597
5 0.400265 0.522718 3.3591 2 566.077 202.295 301.908 146.621
6 0.373329 0.34088 3.43926 2 558.659 231.019 297.951 167.44
7 0.372261 0.252226 3.47403 2 557.667 244.461 297.422 177.182
8 0.737255 0.729617 3.06669 2 650.416 159.991 346.888 115.959
9 0.892074 0.543455 3.15832 2 679.484 193.559 362.392 140.289
10 0.913351 0.337103 3.16419 2 683.634 226.98 364.605 164.512
11 0.90136 0.263936 3.15968 2 681.226 238.705 363.32 173.01
12 0.598117 0.342198 3.33036 2 607.772 229.085 324.145 166.037
13 0.55046 -0.0110865 3.52441 2 591.468 282.804 315.45 204.973
14 0.548737 -0.339962 3.72087 2 585.522 327.513 312.279 237.377
15 0.488661 -0.42586 3.68614 2 575.262 339.763 306.806 246.255
16 0.721443 0.347787 3.30441 2 634.654 227.754 338.482 165.073
17 0.847073 0.00678287 3.4815 2 651.901 280.221 347.68 203.1
18 0.942277 -0.324204 3.69473 2 660.153 325.82 352.082 236.15
19 0.967923 -0.409681 3.64347 2 667.612 338.411 356.06 245.276
20 0.581295 0.758341 3.07954 2 614.544 155.851 327.757 112.959
21 0.376608 0.196791 3.49197 2 558.131 252.69 297.67 183.146
22 0.354626 0.197065 3.472 2 554.196 252.489 295.571 183.001
23 0.904531 0.203233 3.17993 2 680.623 248.695 362.999 180.251
24 0.882198 0.255465 3.17471 2 676.067 240.275 360.569 174.148
0
0
-0.094794 -0.0566416 0.953911 -0.279035
-0.120344 -0.0491376 0.951025 -0.280453
-0.145847 -0.051436 0.93379 -0.322676
0 0 0 0
0.36662 0.780618 -0.505324 0.0295462
0.208115 0.65483 -0.303622 -0.660075
0.153421 0.87643 -0.151966 -0.430394
0.162978 0.875664 -0.0893625 -0.445718
0.174635 0.719435 0.61582 -0.269596
0.0907689 0.888451 0.363618 0.264948
-0.0530171 -0.174121 0.00497921 0.983283
0.0850882 -0.173899 -0.0158221 0.980953
0.0927205 0.689194 -0.670422 0.258745
-0.116753 -0.635743 0.226176 0.728727
-0.112555 -0.415518 0.241029 0.869817
0 0 0 0
-0.0285776 0.587452 0.705418 -0.395562
0.0800693 0.756422 0.268005 0.59126
0.0950612 0.642502 0.287074 0.70409
0 0 0 0
-0.147077 -0.0487927 0.940406 -0.302696
0 0 0 0
0 0 0 0
0 0 0 0
0 0 0 0
