3083890
0 -0.246454 -0.218348 2.30612 2 410.419 329.153 218.89 238.565
1 -0.297876 0.0580106 2.18886 2 390.324 267.793 208.173 194.092
2 -0.345996 0.32582 2.05963 2 368.05 200.894 196.293 145.606
3 -0.292515 0.450576 2.02875 2 384.359 168.32 204.992 121.996
4 -0.374712 0.182547 2.00283 2 354.968 234.971 189.316 170.304
5 -0.342269 -0.0481179 2.01996 2 367.27 293.282 195.877 212.567
6 -0.269736 -0.252891 2.11134 2 395.967 341.914 211.183 247.815
7 -0.247108 -0.31007 2.14817 2 404.708 354.384 215.844 256.853
8 -0.300711 0.30717 2.23859 1 391.391 211.633 208.742 153.389
9 -0.302677 0.101253 2.0409 1 381.869 256.081 203.664 185.604
10 -0.29329 -0.137004 2.03567 1 384.773 315.304 205.212 228.528
11 -0.304028 -0.1561 2.06485 1 382.577 319.514 204.041 231.579
12 -0.260297 -0.231524 2.23195 2 403.679 333.753 215.295 241.9
13 -0.157545 -0.507496 2.35606 2 437.828 390.552 233.508 283.067
14 -0.244085 -0.896333 2.59424 2 418.775 457.345 223.347 331.477
15 -0.206659 -0.972079 2.58071 2 428.445 473.352 228.504 343.079
16 -0.225773 -0.199679 2.31095 2 416.751 324.948 222.267 235.518
17 -0.250163 -0.633885 2.40572 2 412.081 415.226 219.777 300.95
18 -0.358295 -0.910923 2.68008 2 391.323 454.51 208.706 329.423
19 -0.239573 -0.952845 2.63628 2 420.977 465.53 224.521 337.41
20 -0.334806 0.259961 2.09403 2 373.745 218.241 199.331 158.178
21 -0.22183 -0.377849 2.17033 2 413.503 369.517 220.535 267.821
22 -0.236181 -0.266817 2.15114 2 408.359 344.055 217.792 249.366
23 -0.288842 -0.206395 2.07589 2 388.137 331.593 207.007 240.334
24 -0.280281 -0.131439 2.107 2 392.412 312.801 209.286 226.714
1
1
0.533792 -0.180126 0.817766 -0.117811
0.548997 -0.182298 0.807637 -0.114421
0.563726 -0.200062 0.787683 -0.14746
0 0 0 0
-0.236824 0.746871 -0.370108 0.499117
-0.00328044 0.861318 0.0787228 0.501919
-0.0858865 0.312198 0.241219 0.91486
-0.0733534 0.296638 0.309445 0.900483
0.479335 0.450284 0.649381 0.38182
0.257454 -0.633192 -0.270254 0.678047
-0.0208989 0.124751 -0.00843469 0.991932
0.180304 0.0224135 0.453668 0.872453
-0.44057 0.61764 -0.468913 0.45226
0.229936 0.946526 0.123833 -0.189431
0.211651 0.888601 -0.190557 -0.359557
0 0 0 0
0.259837 0.411424 0.873274 -0.0246665
0.0738349 0.458037 0.0823655 0.882024
0.212134 0.171713 0.335638 0.901588
0 0 0 0
0.564025 -0.193327 0.792708 -0.126944
0 0 0 0
0 0 0 0
0 0 0 0
0 0 0 0
