3079499
0 0.546723 0.387108 3.45406 2 593.035 224.379 316.285 162.627
1 0.517084 0.641745 3.31735 2 591.567 182.935 315.503 132.589
2 0.486128 0.890977 3.17194 2 590.016 138.173 314.675 100.146
3 0.479834 0.98455 3.09208 2 591.453 118.907 315.441 86.1823
4 0.331143 0.797836 3.27329 2 553.836 157.321 295.379 114.024
5 0.24025 0.594697 3.40855 2 532.521 192.753 284.011 139.705
6 0.192226 0.378127 3.43708 2 522.422 225.532 278.625 163.463
7 0.187912 0.300127 3.44982 2 521.404 237.2 278.082 171.92
8 0.660053 0.8045 3.22721 2 625.506 154.258 333.603 111.804
9 0.795557 0.645887 3.39349 2 646.099 184.345 344.586 133.611
10 0.903109 0.450877 3.48017 2 663.364 215.301 353.794 156.047
11 0.922858 0.378438 3.51696 2 665.331 226.481 354.843 164.15
12 0.474498 0.380401 3.43336 2 579.147 225.056 308.878 163.117
13 0.443876 0.0429458 3.65166 2 567.557 275.259 302.697 199.504
14 0.442178 -0.291414 3.84181 2 563.145 319.614 300.344 231.652
15 0.379003 -0.364297 3.85187 2 551.652 329.091 294.214 238.521
16 0.610035 0.387554 3.41859 2 606.999 223.691 323.733 162.128
17 0.723014 0.0347117 3.58437 2 622.998 276.299 332.266 200.258
18 0.825302 -0.307923 3.75499 2 635.622 322.85 338.998 233.997
19 0.847163 -0.399915 3.6902 2 642.477 336.276 342.654 243.728
20 0.494123 0.829554 3.20998 2 590.417 149.692 314.889 108.495
21 0.191094 0.232223 3.48613 2 521.63 247.522 278.203 179.401
22 0.162267 0.293852 3.41011 2 516.667 237.622 275.556 172.225
23 0.933832 0.329583 3.54733 2 665.889 233.962 355.141 169.572
24 0.901881 0.334462 3.53967 2 660 233.17 352 168.999
0
3
-0.0466302 -0.0409074 0.967499 -0.245147
-0.0554278 -0.0386761 0.967035 -0.245509
-0.0634854 -0.0391216 0.958374 -0.275604
0 0 0 0
0.288007 0.764125 -0.572542 0.0732181
0.119157 0.772401 -0.309494 -0.541675
0.0217234 0.927526 -0.123991 -0.351924
0.0651665 0.927289 -0.0550073 -0.364503
0.208672 0.739193 0.61822 -0.166897
0.117671 0.725348 0.434601 0.520716
-0.302367 -0.654006 -0.0236686 0.693029
-0.248196 -0.689773 0.0721419 0.67632
0.0539295 0.690793 -0.67278 0.259352
-0.167094 -0.663801 0.231254 0.691354
-0.0498848 -0.197081 0.250768 0.94646
0 0 0 0
-0.00940488 0.619489 0.709214 -0.336394
0.0651055 0.729946 0.247202 0.633901
0.0616293 0.678679 0.252579 0.686877
0 0 0 0
-0.0640335 -0.037591 0.963089 -0.258739
0 0 0 0
0 0 0 0
0 0 0 0
0 0 0 0
