3032370
0 0.721311 0.318744 3.17602 2 640.748 230.227 341.732 166.865
1 0.701512 0.558907 3.04619 2 643.193 187.856 343.036 136.155
2 0.679078 0.793502 2.90768 2 645.757 142.088 344.404 102.984
3 0.70084 0.909275 2.82668 2 655.896 117.06 349.811 84.8438
4 0.532897 0.700342 2.9244 2 609.984 159.335 325.325 115.483
5 0.377428 0.565206 2.92398 2 573.022 183.065 305.612 132.683
6 0.352955 0.423743 2.69583 2 574.212 201.476 306.247 146.027
7 0.364556 0.393766 2.63866 2 579.195 205.514 308.904 148.954
8 0.866297 0.718521 2.98771 2 684.921 158.557 365.291 114.92
9 0.990757 0.565336 3.16292 2 700.978 190.087 373.855 137.773
10 1.0438 0.373649 3.19217 2 710.422 221.557 378.892 160.582
11 1.04076 0.311538 3.21593 2 708.033 231.854 377.618 168.045
12 0.650938 0.31454 3.14481 2 626.767 230.432 334.276 167.014
13 0.619031 -0.00721484 3.38234 2 610.037 282.292 325.353 204.601
14 0.618972 -0.356579 3.67297 2 600.091 330.441 320.049 239.499
15 0.573026 -0.436959 3.61661 2 593.162 342.488 316.353 248.231
16 0.779043 0.317433 3.15185 2 654.705 230.015 349.176 166.711
17 0.83754 -0.0133963 3.37111 2 655.479 283.23 349.589 205.281
18 0.876132 -0.362807 3.61093 2 651.547 332.278 347.492 240.831
19 0.893771 -0.446726 3.51338 2 659.798 345.884 351.892 250.692
20 0.685121 0.735743 2.94396 2 645.108 153.866 344.058 111.52
21 0.361837 0.370207 2.61363 2 579.374 209.374 308.999 151.751
22 0.336981 0.376695 2.62838 2 572.304 208.539 305.229 151.146
23 1.0459 0.257472 3.25353 2 706.495 240.899 376.797 174.6
24 1.0133 0.322326 3.22014 2 701.787 230.223 374.286 166.863
0
0
0.0197783 -0.0423161 0.968658 -0.243966
0.0511164 -0.0501893 0.967511 -0.242469
0.0809532 -0.0690623 0.956659 -0.271074
0 0 0 0
0.114687 0.74451 -0.611938 0.241006
-0.233572 0.753303 -0.342681 -0.51044
0.255101 -0.374997 -0.415363 0.788526
0.17178 -0.436041 -0.491894 0.733758
0.241112 0.732779 0.629174 -0.095079
0.166659 0.743192 0.426635 0.487722
-0.14889 -0.280542 0.0326835 0.94766
-0.0376855 -0.323018 0.179079 0.928531
-0.00297611 -0.662472 0.687553 -0.29731
0.202634 0.702496 -0.240735 -0.638346
-0.180452 -0.499245 0.288189 0.796956
0 0 0 0
0.0314456 0.645958 0.698959 -0.305295
0.145573 0.668118 0.257851 0.682598
0.163052 0.640688 0.250742 0.70715
0 0 0 0
0.0819304 -0.0632306 0.961653 -0.253994
0 0 0 0
0 0 0 0
0 0 0 0
0 0 0 0
