3105965
0 0.0583895 -0.14661 2.44532 2 500.362 311.522 266.86 225.787
1 0.0380995 0.114064 2.3103 2 495.285 256.254 264.152 185.729
2 0.0163511 0.366722 2.16229 2 489.164 195.271 260.887 141.53
3 0.0431163 0.493418 2.12259 2 497.973 163.178 265.586 118.269
4 -0.0272675 0.22336 2.1312 2 475.16 228.189 253.419 165.388
5 -0.0511247 0.0138905 2.12654 2 467.445 277.91 249.304 201.425
6 -0.0756257 -0.242877 2.19834 2 460.3 337.117 245.493 244.338
7 -0.0878886 -0.368424 2.24759 2 457.03 364.269 243.749 264.017
8 0.0744416 0.345608 2.44193 2 504.935 209.544 269.298 151.874
9 -0.0905063 0.126991 2.40955 2 458.15 254.566 244.347 184.506
10 0.111362 0.250736 2.52877 2 514.235 231.045 274.259 167.458
11 0.145418 0.343758 2.57214 2 522.862 213.535 278.86 154.767
12 0.0347048 -0.149499 2.36234 2 494.05 313.205 263.493 227.007
13 0.0543431 -0.566196 2.49901 2 498.959 396.229 266.111 287.182
14 -0.113565 -0.893938 2.62878 2 454.041 454.494 242.155 329.411
15 -0.0536388 -0.956842 2.61257 2 469.73 467.957 250.523 339.169
16 0.0800964 -0.140016 2.45936 2 506.333 309.994 270.044 224.679
17 0.204726 -0.409355 2.75874 2 535.054 356.392 285.362 258.308
18 0.369601 -0.684468 3.11412 2 565.898 392.875 301.812 284.75
19 0.46561 -0.727695 3.07368 1 588.654 401.617 313.949 291.087
20 0.0218603 0.30473 2.20151 2 490.789 211.131 261.754 153.025
21 -0.0771713 -0.433364 2.28796 2 460.714 377.255 245.714 273.429
22 -0.0542231 -0.364924 2.24792 2 467.349 363.458 249.253 263.429
23 0.219546 0.359229 2.62651 2 541.502 211.925 288.801 153.6
24 0.129583 0.362661 2.54722 2 518.97 209.104 276.784 151.556
1
1
0.494232 -0.15081 0.835856 -0.185297
0.515471 -0.155504 0.822928 -0.181375
0.530885 -0.186101 0.799695 -0.209799
0 0 0 0
-0.142746 0.762938 -0.368104 0.511906
0.030792 0.726608 -0.0488381 0.684622
0.113979 0.55238 0.0866165 0.821208
0.141888 0.549226 0.127741 0.813573
0.485283 0.508416 0.588582 0.39948
0.313062 -0.393733 0.0749603 0.861015
-0.360775 0.2926 0.776682 0.425431
-0.428675 0.0538437 0.863914 0.258826
0.379427 -0.542602 0.582498 -0.471502
0.158855 0.964095 -0.011809 -0.212479
0.128298 0.942083 -0.252667 -0.179384
0 0 0 0
0.353779 0.609851 0.705978 0.0672094
-0.0523662 0.24226 0.421652 0.872226
-0.0288877 0.322276 0.460239 0.826731
0 0 0 0
0.534156 -0.173278 0.804846 -0.192031
0 0 0 0
0 0 0 0
0 0 0 0
0 0 0 0
