3088898
0 0.980863 -0.201097 3.96025 2 654.973 307.011 349.319 222.517
1 0.939573 0.0230374 3.90761 2 649.911 278.217 346.619 201.648
2 0.897863 0.244921 3.84742 2 645.032 248.879 344.017 180.384
3 0.856001 0.365584 3.79438 2 639.687 232.27 341.166 168.346
4 0.777361 0.195257 3.94728 2 619.71 256.119 330.512 185.632
5 0.853109 0.0505617 4.14041 1 626.005 275.016 333.869 199.328
6 0.737698 -0.132475 3.9622 1 612.242 298.163 326.529 216.104
7 0.661003 -0.116258 3.78172 1 604.348 296.792 322.319 215.111
8 1.0013 0.205118 3.74913 2 668.492 253.394 356.529 183.656
9 0.940262 0.0800069 3.58671 2 665.031 269.873 354.683 195.6
10 0.806685 -0.00238707 3.4475 1 645.419 281.562 344.224 204.073
11 0.720384 -0.0044939 3.36214 2 631.709 281.889 336.911 204.309
12 0.914822 -0.20447 3.96729 2 643.086 307.382 342.979 222.787
13 0.560593 -0.147847 3.73721 2 587.209 301.249 313.178 218.341
14 0.427376 -0.457103 3.59499 2 565.831 345.649 301.777 250.521
15 0.360816 -0.533159 3.51569 2 554.658 358.087 295.818 259.536
16 1.03372 -0.194419 3.89725 2 667.209 306.572 355.845 222.199
17 0.907629 -0.121149 3.59105 2 658.487 298.353 351.193 216.242
18 1.04711 -0.403171 3.4897 1 691.613 340.045 368.86 246.46
19 0.975801 -0.479657 3.41133 1 681.9 352.809 363.68 255.711
20 0.908583 0.189826 3.86409 2 646.243 256.261 344.663 185.735
21 0.61294 -0.122767 3.73677 2 596.903 297.857 318.348 215.883
22 0.637754 -0.0788531 3.76434 2 600.626 291.826 320.334 211.511
23 0.672274 -0.0378861 3.32118 2 623.489 286.997 332.528 208.012
24 0.71712 -0.0412694 3.33262 2 632.348 287.495 337.252 208.372
0
0
-0.252986 -0.0571578 0.956613 -0.132749
-0.297411 -0.0508922 0.943746 -0.135275
-0.339156 -0.0375134 0.924916 -0.167619
0 0 0 0
0.308032 0.689439 -0.650064 -0.0848903
-0.360664 -0.44086 0.289627 0.769207
-0.408059 0.846821 -0.0837313 -0.330712
0.734015 -0.639739 0.04928 0.222549
-0.20393 0.547416 0.714079 -0.385798
-0.418669 0.889251 -0.179667 0.0408469
-0.0562892 -0.513241 0.548138 -0.657997
-0.0953068 -0.434168 0.694435 -0.56584
0.12066 0.723049 -0.678293 0.0505927
0.704907 -0.142445 -0.263701 0.642866
0.263133 -0.456763 -0.0879698 0.845216
0 0 0 0
-0.211449 0.566658 0.704099 -0.372065
-0.589148 0.593574 -0.510808 0.19912
-0.208594 0.932595 0.172894 0.238458
0 0 0 0
-0.341471 -0.0405709 0.927128 -0.148945
0 0 0 0
0 0 0 0
0 0 0 0
0 0 0 0
