1267135
0 0.703937 -0.501205 3.70243 2 615.15 349.946 328.08 253.636
1 0.739368 -0.241762 3.62653 2 624.548 315.039 333.092 228.336
2 0.771929 0.0158381 3.54373 2 634.186 278.943 338.232 202.174
3 0.748638 0.133927 3.50877 2 631.099 261.841 336.586 189.779
4 0.613777 -0.0324369 3.63289 2 600.297 285.735 320.159 207.097
5 0.576405 -0.212534 3.76738 2 589.295 309.792 314.29 224.533
6 0.532238 -0.308027 4.05858 1 574.216 319.649 306.248 231.677
7 0.496354 -0.307282 4.13398 1 566.573 318.846 302.172 231.095
8 0.883203 -0.0646743 3.48899 2 658.751 290.629 351.334 210.644
9 0.931691 -0.217773 3.29816 2 679.256 314.802 362.27 228.164
10 0.794027 -0.295301 3.10822 2 660.466 329.515 352.249 238.828
11 0.735543 -0.322253 3.02059 1 652.171 335.441 347.824 243.123
12 0.630017 -0.486034 3.6978 2 601.448 347.908 320.772 252.159
13 0.497811 -0.331291 3.35288 2 586.224 331.292 312.653 240.116
14 0.446752 -0.634876 3.15393 2 581.74 383.464 310.262 277.93
15 0.40246 -0.698884 3.0655 2 574.64 397.088 306.474 287.804
16 0.764939 -0.50709 3.63729 2 629.165 352.044 335.555 255.157
17 0.754847 -0.375946 3.25838 2 643.948 339.845 343.439 246.315
18 0.709398 -0.691266 3.06703 2 644.035 395.994 343.486 287.011
19 0.662273 -0.754621 2.97926 2 637.869 410.259 340.197 297.35
20 0.76433 -0.0480938 3.56655 2 631.74 288.053 336.928 208.777
21 0.491382 -0.285255 4.20801 1 564.294 315.528 300.957 228.691
22 0.437478 -0.345192 4.0658 1 557.986 324.194 297.593 234.971
23 0.718246 -0.318129 2.96577 2 651.245 335.735 347.331 243.336
24 0.750453 -0.273723 3.0165 2 655.807 327.335 349.764 237.248
0
0
-0.208458 0.0940357 0.965589 -0.123859
-0.223165 0.0959143 0.962296 -0.12241
-0.239935 0.0962346 0.954151 -0.150883
0 0 0 0
-0.22614 -0.669117 0.704436 0.0700908
0.276216 0.645654 0.168862 0.691608
0.508246 0.752182 -0.295761 -0.297379
0.54201 0.680557 -0.459009 -0.179938
-0.128989 0.692922 0.652188 -0.279055
-0.439071 0.878634 0.017246 0.186874
-0.509477 0.805493 -0.289021 -0.0898918
-0.54076 0.786146 -0.289243 -0.07675
-0.0882079 -0.622364 0.769778 -0.11102
0.670225 -0.298745 -0.49395 0.466436
0.232548 -0.590265 -0.178322 0.752137
0 0 0 0
-0.244973 0.656834 0.638035 -0.318542
0.534912 -0.392464 0.614291 -0.427186
-0.178881 0.776729 -0.209192 0.566509
0 0 0 0
-0.238807 0.0960594 0.95761 -0.129335
0 0 0 0
0 0 0 0
0 0 0 0
0 0 0 0
