1237279
0 -0.0102447 -0.0443842 2.67971 2 481.331 289.581 256.71 209.884
1 0.0106866 0.252885 2.59458 2 486.788 231.909 259.62 168.085
2 0.029331 0.541428 2.49475 2 492.065 171.074 262.435 123.992
3 0.146188 0.628733 2.51938 2 524.027 154.398 279.481 111.905
4 -0.0691124 0.396769 2.40489 2 464.168 197.615 247.556 143.229
5 -0.181506 0.160653 2.38053 2 431.54 247.071 230.155 179.074
6 -0.160208 -0.0739471 2.40013 2 438.091 296.789 233.648 215.109
7 -0.162822 -0.131306 2.41284 2 437.578 308.733 233.375 223.765
8 0.102745 0.406156 2.70747 2 510.078 205.228 272.041 148.747
9 0.227894 0.259508 2.88866 2 538.213 235.748 287.047 170.867
10 0.386178 0.141944 3.00596 2 572.345 257.304 305.251 186.491
11 0.397592 0.119644 2.9997 2 575.151 261.017 306.747 189.182
12 -0.0399745 -0.051167 2.56568 2 473.256 291.29 252.403 211.123
13 -0.144698 -0.437308 2.75627 2 447.808 361.601 238.831 262.083
14 -0.187091 -0.786837 2.89253 2 439.255 419.55 234.269 304.084
15 -0.142202 -0.872879 2.83142 2 449.209 438.159 239.578 317.572
16 0.0182511 -0.0336416 2.72108 2 488.563 287.459 260.567 208.346
17 0.0359302 -0.339156 2.97247 2 492.269 338.946 262.543 245.663
18 0.0185302 -0.663444 3.1617 2 487.998 387.673 260.265 280.98
19 0.125383 -0.711661 3.14599 2 511.454 396.056 272.775 287.056
20 0.0248168 0.470852 2.52212 2 490.736 186.562 261.726 135.218
21 -0.141149 -0.179541 2.4514 2 444.38 318.255 237.002 230.667
22 -0.129513 -0.107464 2.39273 2 446.765 303.919 238.275 220.276
23 0.432504 0.0817282 2.99799 2 583.237 267.406 311.06 193.812
24 0.36401 0.0950912 2.99015 2 567.689 265.115 302.768 192.152
1
2
0.560519 -0.050465 0.81572 -0.133686
0.512305 -0.0426329 0.846832 -0.136386
0.457455 -0.0587193 0.869524 -0.176678
0 0 0 0
-0.180193 0.725269 -0.496364 0.441745
-0.0108919 0.961206 -0.224424 0.159996
-0.0121269 0.586365 0.0601278 0.807721
0.0819798 0.583726 0.0748859 0.804323
0.394116 0.73131 0.437635 0.343997
-0.159861 0.225782 0.444184 0.852155
-0.491899 -0.455468 0.042664 0.740786
-0.154233 -0.408599 -0.210749 0.874554
0.377753 -0.540357 0.573211 -0.486566
0.196922 0.95175 -0.15988 -0.172717
0.132259 0.855368 -0.139994 -0.480891
0 0 0 0
0.432785 0.584603 0.645954 0.23169
0.0451024 0.190681 0.335044 0.921603
0.0657198 0.155584 0.253554 0.952462
0 0 0 0
0.460555 -0.0469581 0.872618 -0.155632
0 0 0 0
0 0 0 0
0 0 0 0
0 0 0 0
