1269789
0 0.699622 -0.503075 3.66376 2 615.73 350.935 328.389 254.353
1 0.65898 -0.278374 3.51694 2 613.12 321.361 326.997 232.918
2 0.619203 -0.0623176 3.36664 2 610.668 290.595 325.689 210.619
3 0.538989 -0.00214832 3.35019 2 594.716 281.536 317.182 204.053
4 0.487225 -0.0679475 3.53378 2 578.822 290.946 308.705 210.874
5 0.484635 -0.241617 3.67878 1 574.617 314.471 306.462 227.924
6 0.387292 -0.0745601 3.41045 2 562.048 292.273 299.759 211.836
7 0.33119 -0.0813206 3.36346 1 551.649 293.441 294.213 212.682
8 0.795532 -0.0805077 3.2922 1 650.749 293.631 347.066 212.82
9 0.613198 -0.00577 3.13694 2 618.672 282.144 329.958 204.494
10 0.483257 0.106345 2.94628 2 596.9 262.922 318.347 190.562
11 0.413605 0.149512 2.90878 2 581.822 255.179 310.305 184.95
12 0.63517 -0.491656 3.67259 2 603.236 349.151 321.726 253.06
13 0.447145 -0.321784 3.36482 2 575.45 329.661 306.907 238.934
14 0.429985 -0.665128 3.1725 2 577.531 387.722 308.016 281.016
15 0.380608 -0.733895 3.09608 2 568.88 401.707 303.403 291.152
16 0.750929 -0.504909 3.58597 2 628.546 352.749 335.225 255.668
17 0.736523 -0.356256 3.21397 2 642.199 337.534 342.506 244.64
18 0.693953 -0.694279 3.06208 2 640.791 396.672 341.755 287.502
19 0.673792 -0.740999 2.965 2 641.302 408.542 342.028 296.106
20 0.629543 -0.11602 3.40647 2 611.289 298.479 326.021 216.333
21 0.312158 -0.0214639 3.30734 1 548.833 284.493 292.711 206.197
22 0.329296 -0.0335321 3.31624 1 552.218 286.326 294.516 207.525
23 0.361979 0.18208 2.86168 2 570.994 248.995 304.53 180.468
24 0.406479 0.131497 2.90513 2 580.246 258.289 309.465 187.204
0
0
-0.295818 0.013073 0.909037 -0.293212
-0.290484 0.011354 0.910755 -0.293283
-0.280902 0.0151444 0.904416 -0.320776
0 0 0 0
-0.456868 -0.610911 0.642915 0.0687004
-0.123991 -0.357518 0.317551 0.869464
0.838745 -0.495435 0.221495 0.0446184
-0.563428 0.707409 -0.369534 -0.213463
-0.0183275 0.538057 0.765793 -0.351738
-0.110879 -0.393942 0.79791 -0.442554
0.566379 -0.0706319 -0.630666 0.52582
0.653155 0.108565 -0.55937 0.498707
-0.274429 -0.626113 0.714934 -0.146765
0.686874 -0.209397 -0.491176 0.493055
0.139914 -0.460463 -0.211204 0.850759
0 0 0 0
-0.17367 0.52871 0.678232 -0.479902
0.543892 -0.384558 0.624179 -0.408287
-0.122349 0.748458 -0.178706 0.626822
0 0 0 0
-0.283489 0.0125306 0.910192 -0.301708
0 0 0 0
0 0 0 0
0 0 0 0
0 0 0 0
