1265841
0 0.690282 -0.555397 3.5463 2 618.344 360.776 329.783 261.486
1 0.703223 -0.317788 3.47684 2 623.467 327.602 332.516 237.442
2 0.71547 -0.0823223 3.40349 2 628.906 293.483 335.416 212.713
3 0.691813 0.0258249 3.35463 2 626.13 277.305 333.936 200.987
4 0.55734 -0.0638862 3.5019 2 593.523 290.452 316.546 210.516
5 0.539908 -0.238578 3.70807 1 584.192 313.803 311.569 227.44
6 0.495265 -0.33908 3.99783 1 569.219 324.165 303.583 234.951
7 0.458195 -0.341211 4.08142 1 561.201 323.539 299.307 234.496
8 0.855969 -0.116751 3.38234 2 658.712 298.75 351.313 216.53
9 0.955063 -0.279319 3.50477 2 672.315 321.747 358.568 233.198
10 0.922281 -0.513846 3.47151 1 667.715 356.547 356.115 258.421
11 0.91236 -0.592314 3.46412 1 666.184 368.265 355.298 266.913
12 0.617514 -0.539562 3.53619 2 604.447 358.681 322.372 259.967
13 0.470516 -0.284342 3.3311 2 581.211 324.459 309.979 235.163
14 0.46089 -0.631435 3.22147 2 582.708 380.766 310.778 275.974
15 0.426879 -0.689514 3.1418 2 577.79 392.739 308.155 284.652
16 0.749848 -0.560452 3.48852 2 632.452 362.882 337.308 263.012
17 0.759921 -0.33997 3.17968 2 649.028 335.552 346.148 243.204
18 0.680656 -0.695064 3.06833 2 637.456 396.554 339.977 287.417
19 0.664203 -0.750205 2.96917 2 638.844 409.942 340.717 297.12
20 0.713401 -0.140956 3.42369 2 627.637 302.101 334.74 218.958
21 0.472156 -0.320493 4.1285 1 562.643 320.513 300.076 232.304
22 0.399712 -0.361866 4.03451 1 552.114 326.616 294.461 236.727
23 0.89374 -0.61911 3.42254 1 664.654 373.319 354.482 270.576
24 0.887059 -0.607873 3.39678 1 664.658 372.33 354.484 269.86
0
0
-0.179097 0.051568 0.973233 -0.134474
-0.181301 0.0518724 0.972824 -0.134357
-0.184886 0.047557 0.968647 -0.158993
0 0 0 0
-0.267061 -0.540591 0.79412 0.0762379
0.283672 0.552095 0.311411 0.719545
0.479691 0.73368 -0.328263 -0.351929
0.503311 0.672115 -0.484797 -0.244767
-0.0197196 0.626537 0.761629 -0.164267
0.165549 0.841115 0.336882 0.389396
-0.0804627 0.980993 -0.0561418 -0.167412
-0.0566127 0.982532 -0.0538238 -0.168907
-0.0601033 -0.613686 0.775719 -0.134302
0.781958 -0.142881 -0.494066 0.352173
0.0890032 -0.50269 -0.12435 0.850834
0 0 0 0
-0.201632 0.648805 0.65494 -0.330832
0.563289 -0.278361 0.687835 -0.363462
-0.0320156 0.701715 -0.179857 0.688638
0 0 0 0
-0.183345 0.0542776 0.971854 -0.137615
0 0 0 0
0 0 0 0
0 0 0 0
0 0 0 0
