1256571
0 0.653911 -0.316197 3.54769 2 611.021 326.422 325.878 236.587
1 0.55904 -0.0904932 3.36054 2 598.508 294.855 319.204 213.707
2 0.46187 0.131004 3.15802 2 584.619 260.201 311.797 188.59
3 0.36014 0.0751823 3.17343 2 561.997 269.223 299.732 195.129
4 0.441821 0.0803775 3.33622 1 575.065 269.014 306.701 194.978
5 0.38171 -0.100858 3.5783 1 557.304 295.472 297.229 214.154
6 0.501518 -0.267702 3.68425 2 577.654 318.014 308.082 230.492
7 0.503381 -0.282561 3.71349 1 577.265 319.752 307.875 231.752
8 0.579646 -0.0389055 3.09133 2 613.149 287.592 327.013 208.442
9 0.344482 0.103958 2.90234 2 565.591 263.082 301.649 190.679
10 0.151853 0.260937 2.79324 2 521.335 233.948 278.045 169.562
11 0.0713642 0.311376 2.75872 1 501.746 224.097 267.598 162.422
12 0.610693 -0.293293 3.54046 2 602.815 323.215 321.501 234.262
13 0.425006 -0.324683 3.18667 2 575.793 332.837 307.09 241.235
14 0.450234 -0.633304 3.24234 2 579.794 380.408 309.224 275.714
15 0.38861 -0.680122 3.18073 2 568.298 389.829 303.092 282.543
16 0.684018 -0.332952 3.48455 2 619.34 329.702 330.315 238.964
17 0.632657 -0.387223 3.08975 2 625.278 344.859 333.482 249.949
18 0.714049 -0.688624 3.07001 2 644.929 395.445 343.962 286.613
19 0.724117 -0.745901 2.98831 2 651.783 408.421 347.618 296.018
20 0.486015 0.0764538 3.21011 2 588.166 269.148 313.689 195.075
21 0.50427 -0.291596 3.71106 2 577.495 321.012 307.997 232.665
22 0.494989 -0.277483 3.679 2 576.566 319.413 307.502 231.506
23 0.0125315 0.382091 2.72175 2 487.125 210.132 259.8 152.301
24 0.102315 0.326669 2.73287 2 509.707 220.712 271.844 159.969
0
0
-0.392302 -0.0124523 0.843977 -0.365576
-0.438787 0.00796692 0.820771 -0.365702
-0.478622 0.0448066 0.784415 -0.391925
0 0 0 0
0.569981 0.66226 -0.435657 -0.216187
0.416677 0.878935 -0.180217 -0.146206
0.364447 0.747869 0.0789328 -0.549218
0.46451 0.729988 -0.240924 -0.439662
-0.0633546 0.649649 0.439045 -0.6174
0.515373 -0.534682 0.669611 -0.0112308
0.626909 -0.44271 0.629448 0.12161
0.597065 -0.469127 0.626932 0.174325
-0.246077 -0.464761 0.819186 -0.228863
0.582926 -0.383411 -0.347905 0.626224
-0.0721661 -0.393727 0.0657022 0.914032
0 0 0 0
-0.162266 0.511819 0.597665 -0.595405
-0.497167 0.628393 -0.430454 0.415519
-0.11264 0.726471 0.0746034 0.673785
0 0 0 0
-0.483289 0.0377319 0.787211 -0.381192
0 0 0 0
0 0 0 0
0 0 0 0
0 0 0 0
