1263218
0 0.699407 -0.0560005 3.35361 2 627.748 289.683 334.799 209.958
1 0.616469 -0.0792316 3.10231 2 620.923 294.164 331.159 213.206
2 0.53177 -0.101707 2.83956 2 612.998 299.372 326.932 216.981
3 0.512256 -0.0726857 2.74896 1 612.349 294.617 326.586 213.534
4 0.372335 -0.0284811 2.92898 1 571.397 286.133 304.745 207.385
5 0.320038 -0.147981 3.11093 2 554.697 305.28 295.838 221.263
6 0.295598 -0.300819 3.27898 2 545.967 327.647 291.183 237.474
7 0.290202 -0.326731 3.2856 2 544.719 331.551 290.517 240.304
8 0.770127 -0.0862569 2.87978 1 668.712 296.438 356.646 214.854
9 0.886998 -0.161901 3.05439 2 684.761 308.181 365.206 223.365
10 0.962488 -0.315586 3.24631 2 689.082 330.702 367.51 239.688
11 0.975066 -0.340269 3.24451 2 691.918 334.613 369.023 242.523
12 0.602604 -0.0599416 3.3605 2 607.478 290.252 323.988 210.371
13 0.562832 -0.360306 3.11536 1 608.54 339.898 324.555 246.353
14 0.458718 -0.59279 3.33165 2 578.936 371.528 308.766 269.278
15 0.437291 -0.653966 3.20887 2 578.028 384.732 308.281 278.849
16 0.78187 -0.0509072 3.27779 2 648.584 289.098 345.911 209.534
17 0.723239 -0.358299 3.04675 1 647.931 340.987 345.563 247.143
18 0.702588 -0.650197 3.21129 2 635.256 384.243 338.803 278.494
19 0.701393 -0.694704 3.07785 2 641.662 396.151 342.22 287.125
20 0.5533 -0.0962219 2.90747 2 615.097 297.992 328.052 215.981
21 0.28898 -0.38225 3.32574 2 543.75 339.41 290 246
22 0.263494 -0.315159 3.27033 2 539.375 329.986 287.667 239.169
23 1.02619 -0.374586 3.27887 2 700.626 339.409 373.667 245.999
24 0.993697 -0.328102 3.23463 2 696.574 332.869 371.506 241.259
0
0
0.0889456 0.136889 -0.669599 0.72456
0.127397 0.0948941 -0.663358 0.731246
0.162128 0.0484428 -0.659798 0.732144
0 0 0 0
0.65549 0.39514 -0.494514 0.411891
0.380861 0.812605 -0.296737 -0.326444
-0.173029 -0.503444 0.368217 0.762248
0.0128407 -0.560269 0.157886 0.813023
-0.519143 -0.414113 -0.50325 0.552937
0.392763 0.796781 0.419969 0.185747
0.0556123 0.427738 0.445126 0.784736
-0.215025 0.517332 0.0959334 0.822757
0.531421 0.500767 -0.444188 0.519154
-0.298752 0.748509 0.159398 -0.570152
0.107256 0.61211 -0.375027 -0.687875
0 0 0 0
-0.339308 -0.229633 -0.63842 0.651582
-0.172553 0.685559 -0.274045 0.652023
0.202069 0.685143 0.156292 0.682143
0 0 0 0
0.163942 0.050737 -0.657107 0.734002
0 0 0 0
0 0 0 0
0 0 0 0
0 0 0 0
