1538349
0 0.113101 0.151368 3.1815 2 508.38 257.159 271.136 186.385
1 0.0875376 0.391448 3.07991 2 503.508 216.876 268.538 157.189
2 0.0620478 0.626121 2.96897 2 498.367 174.208 265.796 126.264
3 0.0900458 0.741071 2.9462 2 505.06 153.406 269.366 111.187
4 -0.00918781 0.481331 2.92756 2 481.796 197.912 256.958 143.444
5 -0.0196169 0.238051 2.9716 2 479.42 240.701 255.691 174.457
6 0.0842636 0.00822301 3.05668 2 502.89 279.851 268.208 202.832
7 0.0838078 -0.0213466 3.08112 2 502.638 284.712 268.074 206.356
8 0.194656 0.629705 3.13047 2 526.83 179.152 280.976 129.847
9 0.391623 0.699793 3.07721 2 571.855 165.634 304.989 120.05
10 0.472073 0.840164 2.95473 2 594.541 136.387 317.089 98.8517
11 0.471177 0.870516 2.92942 2 595.324 129.806 317.506 94.0818
12 0.0707179 0.135276 3.10191 2 499.617 259.167 266.463 187.84
13 0.0571117 -0.1926 3.24853 2 496.035 311.184 264.552 225.542
14 -0.0577266 -0.541259 3.41113 2 472.306 361.591 251.897 262.076
15 -0.00641181 -0.595333 3.39295 2 482.655 370.136 257.416 268.27
16 0.152562 0.164226 3.19459 2 516.77 255.219 275.611 184.979
17 0.178907 -0.0502287 3.40653 2 520.035 288.664 277.352 209.22
18 0.107972 -0.447278 3.52367 2 505.035 345.464 269.352 250.388
19 0.150009 -0.526474 3.54333 2 513.097 356.468 273.652 258.363
20 0.0683386 0.568318 2.9986 2 499.66 185.112 266.486 134.166
21 0.101561 -0.0784336 3.12918 2 506.25 293.88 270 213
22 0.112316 -0.0164902 3.06642 2 509.115 283.929 271.528 205.788
23 0.474485 0.941481 2.87978 2 598.125 114.515 319 82.9991
24 0.49856 0.861206 2.95867 2 600.626 132.913 320.334 96.3334
1
0
0.404477 -0.127244 0.891444 -0.159797
0.401535 -0.126716 0.892773 -0.160216
0.3966 -0.140813 0.886322 -0.193166
0 0 0 0
-0.106432 0.798724 -0.412272 0.42514
0.0917112 0.979423 -0.00468732 0.179716
0.00995846 0.769516 0.26112 0.58272
0.256439 0.7012 0.221 0.627468
0.393073 0.557333 0.710504 0.173372
0.786361 -0.2912 -0.20993 -0.502761
0.883619 -0.255467 0.255131 -0.2981
0.869745 -0.319561 0.357025 -0.118142
-0.307647 0.6406 -0.563484 0.421274
0.189927 0.920827 -0.0883983 -0.328925
0.165604 0.935541 -0.19586 -0.242853
0 0 0 0
0.262543 0.593482 0.76079 -0.00702047
-0.0795928 -0.0797362 0.373332 0.920831
0.0884066 0.0195284 0.139674 0.98605
0 0 0 0
0.397797 -0.132758 0.890989 -0.173984
0 0 0 0
0 0 0 0
0 0 0 0
0 0 0 0
