1530472
0 -0.156296 0.104177 3.19485 2 450.348 264.727 240.185 191.87
1 -0.116892 0.352387 3.07262 2 457.793 223.171 244.156 161.751
2 -0.0865278 0.595669 2.93633 2 463.642 178.304 247.276 129.232
3 -0.0376755 0.710782 2.91964 2 475.049 157.555 253.36 114.194
4 -0.151448 0.446374 2.89254 2 447.909 203.029 238.885 147.153
5 -0.138074 0.201781 2.93779 2 451.657 246.477 240.884 178.643
6 -0.0355019 0.0180138 3.03194 2 475.915 278.208 253.821 201.642
7 -0.0161446 -0.0203342 3.06962 2 480.345 284.558 256.184 206.244
8 0.00240233 0.494927 3.07745 1 484.494 199.739 258.397 144.768
9 0.0410561 0.285535 3.14567 1 492.927 235.301 262.895 170.543
10 0.0663528 0.142364 3.36011 2 497.521 259.795 265.345 188.296
11 0.0691691 0.113241 3.39462 2 497.952 264.35 265.575 191.597
12 -0.192405 0.0930881 3.10796 2 441.421 266.067 235.424 192.842
13 -0.0595873 -0.216109 3.26538 2 471.419 314.672 251.423 228.07
14 -0.0800029 -0.544701 3.40851 2 467.797 362.169 249.492 262.495
15 -0.00858613 -0.589051 3.40267 2 482.219 368.94 257.183 267.403
16 -0.117097 0.113388 3.2152 2 458.938 263.384 244.767 190.897
17 0.0221899 -0.155129 3.44802 2 488.377 303.952 260.468 220.3
18 0.00172124 -0.488926 3.55367 2 484.29 350.866 258.288 254.303
19 0.0590245 -0.538966 3.5265 2 495.477 358.62 264.254 259.923
20 -0.091267 0.535209 2.97156 2 462.798 189.91 246.826 137.644
21 0.027055 -0.0633098 3.08435 2 489.981 291.584 261.323 211.336
22 -0.0628028 -0.0322908 3.09868 2 470.037 286.477 250.686 207.635
23 0.0921401 0.0705173 3.41343 2 502.497 270.77 267.998 196.25
24 0.0461458 0.0908615 3.39209 2 493.3 267.673 263.093 194.006
0
0
0.447224 -0.0391786 0.862596 -0.233205
0.424236 -0.0329925 0.87413 -0.234161
0.387549 -0.0724878 0.883639 -0.252453
0 0 0 0
-0.139343 0.767727 -0.383757 0.493872
0.0800439 0.955668 0.0514294 0.278652
-0.306199 -0.423665 0.0878026 0.847963
-0.33641 -0.441279 0.226432 0.800518
0.351832 0.778376 0.489083 0.176474
0.172561 0.708055 -0.0444504 -0.683304
-0.356038 -0.590752 0.311332 0.653698
-0.309869 -0.613285 0.28658 0.667633
0.274121 -0.545959 0.60526 -0.510339
0.270435 0.903962 0.10362 -0.31461
0.197301 0.968168 -0.058413 -0.142517
0 0 0 0
0.354563 0.630802 0.690193 0.00271671
-0.245363 -0.139478 0.296765 0.912291
0.0728916 0.289247 0.137149 0.94457
0 0 0 0
0.39447 -0.0438697 0.882457 -0.252467
0 0 0 0
0 0 0 0
0 0 0 0
0 0 0 0
