1250351
0 -0.18041 -0.104609 2.54583 2 435.257 301.99 232.137 218.878
1 -0.234009 0.180925 2.4433 2 418.087 243.736 222.98 176.657
2 -0.284571 0.458535 2.32895 2 399.648 181.247 213.146 131.366
3 -0.224515 0.590763 2.29251 2 416.282 150.178 222.017 108.847
4 -0.354271 0.30857 2.27233 2 376.473 212.322 200.785 153.888
5 -0.381214 0.0652624 2.29109 2 369.38 266.777 197.003 193.356
6 -0.310189 -0.148999 2.34406 2 392.89 313.4 209.541 227.148
7 -0.281881 -0.202729 2.36996 2 402.106 324.528 214.456 235.214
8 -0.150363 0.329224 2.4413 2 441.569 212.917 235.504 154.32
9 -0.0837564 0.126318 2.65906 1 462.318 257.196 246.569 186.412
10 -0.0322754 -0.0751692 2.75433 1 475.908 295.004 253.818 213.815
11 -0.0315253 -0.0928906 2.76458 1 476.124 298.193 253.933 216.126
12 -0.227395 -0.106785 2.47592 2 420.819 303.029 224.437 219.631
13 -0.256244 -0.498226 2.70659 2 418.687 374.595 223.3 271.502
14 -0.25483 -0.815905 2.87582 2 422.68 425.579 225.429 308.454
15 -0.161997 -0.87434 2.83209 2 444.38 438.392 237.003 317.741
16 -0.127922 -0.100333 2.54595 2 449.436 301.134 239.699 218.258
17 -0.149598 -0.514152 2.87075 2 448.054 372.011 238.962 269.628
18 -0.152418 -0.784858 2.96353 2 448.424 415.851 239.159 301.403
19 -0.0799594 -0.83066 2.91945 2 465.024 425.938 248.013 308.714
20 -0.272401 0.390345 2.35969 2 404.384 197.305 215.672 143.004
21 -0.259234 -0.262108 2.39528 2 409.462 336.635 218.38 243.988
22 -0.251803 -0.187196 2.3603 2 410.565 321.359 218.968 232.917
23 -0.0521819 -0.155457 2.6891 2 470.625 310.436 251 225
24 -0.0219072 -0.0736838 2.7592 2 478.504 294.707 255.202 213.6
1
0
0.280193 -0.133333 0.940689 -0.137181
0.288862 -0.134593 0.938063 -0.135945
0.299578 -0.142368 0.927447 -0.172705
0 0 0 0
-0.185678 0.811413 -0.428399 0.351578
0.0477889 0.980596 -0.0469783 0.184233
-0.0409288 0.645498 0.190456 0.738501
-0.035893 0.622003 0.303029 0.721109
0.204146 0.81323 0.515899 0.175581
0.198361 0.656507 0.357803 0.633742
-0.0636799 0.222472 0.235637 0.943889
0.0355782 0.201723 0.257316 0.944368
-0.325844 0.630791 -0.617182 0.339138
0.220737 0.863856 -0.146184 -0.428553
0.231358 0.923939 -0.0719987 -0.296019
0 0 0 0
0.125082 0.668152 0.72454 -0.113882
0.165504 0.42275 0.282177 0.845143
0.0579117 0.319228 0.15388 0.933306
0 0 0 0
0.298969 -0.138702 0.931874 -0.151629
0 0 0 0
0 0 0 0
0 0 0 0
0 0 0 0
