1235815
0 0.795626 -0.457261 3.71813 2 631.679 343.684 336.896 249.097
1 0.82888 -0.202831 3.65249 2 640.549 309.408 341.626 224.254
2 0.85947 0.0488904 3.57823 2 649.737 274.271 346.526 198.788
3 0.835049 0.17899 3.54844 2 646.379 255.592 344.736 185.25
4 0.706145 0.0127144 3.67105 2 616.508 279.455 328.804 202.545
5 0.68701 -0.183583 3.87756 2 606.014 305.211 323.207 221.213
6 0.67409 -0.28934 3.56505 1 614.308 322.382 327.631 233.658
7 0.67225 -0.336193 3.41846 1 619.59 331.124 330.448 239.994
8 0.996058 -0.0103147 3.55848 2 677.409 282.685 361.285 204.886
9 1.07771 -0.202091 3.65194 2 688.049 309.373 366.959 224.229
10 1.12991 -0.359983 3.80724 1 689.28 329.346 367.616 238.706
11 1.19082 -0.372726 3.77215 1 702.491 331.544 374.662 240.298
12 0.719451 -0.444095 3.71328 2 617.624 341.924 329.399 247.822
13 0.619787 -0.303059 3.40162 2 609.554 326.402 325.095 236.572
14 0.527348 -0.632341 3.15209 2 599.508 383.168 319.738 277.715
15 0.492847 -0.697667 3.05901 2 595.303 397.195 317.495 287.882
16 0.856776 -0.462709 3.65634 2 645.829 345.539 344.442 250.442
17 0.824923 -0.310116 3.3338 2 654.878 328.493 349.268 238.087
18 0.68868 -0.603795 3.08097 1 638.53 380.934 340.549 276.096
19 0.652377 -0.669336 2.9882 2 635.003 395.248 338.669 286.47
20 0.852334 -0.0135402 3.59874 2 647.403 283.121 345.281 205.202
21 0.643656 -0.341043 3.37347 2 615.536 332.512 328.286 241
22 0.659759 -0.312157 3.37533 2 618.754 328.142 330.002 237.833
23 1.25362 -0.355241 3.7832 2 713.436 329.062 380.499 238.499
24 1.15293 -0.337182 3.7958 2 694.127 326.44 370.201 236.6
0
1
-0.194487 0.086751 0.970821 -0.110256
-0.183968 0.0855525 0.972869 -0.111189
-0.175634 0.0818968 0.970253 -0.145101
0 0 0 0
-0.243485 -0.642695 0.721236 0.0864661
-0.244814 -0.632906 0.310426 0.665681
-0.582905 0.812192 -0.00803838 -0.0223677
-0.589732 0.80746 0.00326648 -0.0146039
-0.0211583 0.678794 0.714391 -0.168631
0.282571 0.763898 0.0194755 -0.579857
-0.0124424 0.265302 0.390999 0.881238
-0.64083 0.395642 0.0121397 0.657767
-0.0744024 -0.635882 0.761221 -0.103255
0.68192 -0.330612 -0.482597 0.439069
0.284455 -0.583704 -0.17378 0.740389
0 0 0 0
-0.239105 0.661365 0.641525 -0.306383
0.472512 -0.341983 0.699796 -0.41239
-0.154515 0.734438 -0.344457 0.563982
0 0 0 0
-0.174329 0.0830983 0.97325 -0.124453
0 0 0 0
0 0 0 0
0 0 0 0
0 0 0 0
