1270563
0 -0.13524 -0.0911785 2.57711 2 447.903 299.097 238.881 216.782
1 -0.190186 0.168653 2.42945 2 430.136 246.091 229.406 178.363
2 -0.24479 0.421043 2.26788 2 409.523 187.002 218.412 135.537
3 -0.198341 0.545564 2.2377 2 422.741 157.307 225.462 114.014
4 -0.306921 0.264042 2.21581 2 388.536 220.805 207.219 160.036
5 -0.353844 0.0170242 2.21291 2 373.877 277.314 199.401 200.993
6 -0.289805 -0.207855 2.27845 2 396.401 327.42 211.414 237.309
7 -0.274135 -0.268192 2.29109 2 401.567 340.523 214.169 246.806
8 -0.166433 0.395449 2.47742 2 437.69 200.319 233.435 145.188
9 -0.0276868 0.355338 2.71505 2 476.942 214.961 254.369 155.801
10 0.145357 0.219606 2.78234 2 519.867 241.288 277.262 174.883
11 0.18324 0.177783 2.80131 2 528.917 249.112 282.089 180.553
12 -0.155248 -0.102129 2.50022 2 441.289 301.865 235.354 218.788
13 -0.219529 -0.52599 2.6261 2 426.306 382.854 227.363 277.488
14 -0.298212 -0.850169 2.79937 2 410.232 435.872 218.79 315.914
15 -0.23001 -0.914549 2.74716 2 425.976 450.853 227.187 326.772
16 -0.111764 -0.0777853 2.58192 2 454.22 296.44 242.251 214.855
17 -0.0288756 -0.403755 2.84957 2 476.984 352.953 254.391 255.816
18 -0.0246149 -0.715938 3.04452 2 478.377 400.62 255.135 290.364
19 0.0808988 -0.758691 3.04324 2 502.31 407.87 267.899 295.619
20 -0.231475 0.359073 2.31063 2 414.94 202.43 221.302 146.719
21 -0.253266 -0.322818 2.3339 2 409.217 351.311 218.249 254.626
22 -0.303944 -0.287509 2.284 2 392.281 345.022 209.217 250.067
23 0.210624 0.13774 2.79098 1 535.826 256.25 285.774 185.727
24 0.168607 0.141981 2.7728 1 525.743 255.318 280.396 185.051
0
3
0.485343 -0.208223 0.831853 -0.170602
0.48389 -0.207925 0.8327 -0.170966
0.479782 -0.227215 0.821634 -0.207606
0 0 0 0
-0.157041 0.775101 -0.408394 0.455819
0.021077 0.954599 -0.0914996 0.28271
-0.191793 -0.652578 0.0133464 0.732926
-0.160136 -0.654235 -0.00737019 0.739107
0.445755 0.527385 0.633139 0.349717
0.0807343 0.459092 0.649122 0.60113
0.367424 0.747755 0.264423 -0.48574
0.330662 0.778713 0.198474 -0.49485
-0.43201 0.622704 -0.495073 0.424865
0.124622 0.965877 -0.10073 -0.203481
0.182301 0.897543 -0.188593 -0.354423
0 0 0 0
0.279424 0.501902 0.816001 -0.0644938
-0.0159463 0.236007 0.347227 0.907458
0.0249985 0.108102 0.274424 0.955186
0 0 0 0
0.480999 -0.218198 0.82815 -0.18761
0 0 0 0
0 0 0 0
0 0 0 0
0 0 0 0
