7510954
0 1.11363 -0.87752 2.8375 2 756.135 439.029 403.272 318.202
1 1.01539 -0.726256 2.69775 2 745.075 418.641 397.373 303.425
2 0.913667 -0.569062 2.54549 2 732.926 395.316 390.894 286.52
3 0.879875 -0.464947 2.56223 2 722.024 373.781 385.08 270.911
4 0.747454 -0.659902 2.7092 1 675.139 405.413 360.074 293.838
5 0.795126 -0.457745 2.4933 1 704.942 374.825 375.969 271.668
6 0.749846 -0.705214 2.61613 2 682.682 418.739 364.097 303.496
7 0.740479 -0.750337 2.62838 1 679.311 426.876 362.299 309.394
8 1.12731 -0.590024 2.49243 2 797.556 401.989 425.363 291.356
9 1.05906 -0.758599 2.36842 2 793.597 444.417 423.252 322.108
10 1.02571 -0.961948 2.39483 2 779.953 485.479 415.975 351.868
11 0.99955 -1.0039 2.44273 1 766.874 490.301 408.999 355.363
12 0.994178 -0.892629 2.85457 2 725.57 440.841 386.971 319.516
13 0.784973 -0.798505 2.55254 1 697.295 440.902 371.891 319.56
14 0.865697 -1.08098 2.58576 1 715.919 494.346 381.823 358.296
15 0.834117 -1.15699 2.495 1 715.213 517.251 381.447 374.896
16 1.20822 -0.842786 2.75698 2 787.605 437.07 420.056 316.782
17 0.964005 -1.08062 2.42271 1 758.747 507.875 404.665 368.101
18 1.15186 -1.32969 2.65663 1 781.597 534.042 416.852 387.067
19 1.12619 -1.40757 2.63369 1 776.686 550.433 414.232 398.946
20 0.939901 -0.609815 2.58592 2 736.095 401.588 392.584 291.065
21 0.713879 -0.860421 2.70063 2 667.29 443.809 355.888 321.667
22 0.71643 -0.863947 2.689 2 668.749 445.189 356.666 322.667
23 0.971225 -1.0419 2.43017 2 760.172 499.255 405.425 361.853
24 0.967376 -1.03448 2.4025 2 762.185 500.147 406.498 362.5
0
0
-0.151903 -0.176851 0.89911 -0.370472
-0.173395 -0.167927 0.895214 -0.374602
-0.188275 -0.150851 0.887364 -0.392915
0 0 0 0
0.412159 0.770636 -0.472322 0.114702
0.65766 -0.222528 0.636301 -0.336281
0.239038 0.862107 0.0298055 0.445807
0.161659 0.872265 -0.0272036 0.460738
0.141771 0.533492 0.725907 -0.410301
0.317208 -0.593196 -0.12832 0.72872
0.0494224 0.980527 -0.0902777 -0.167253
0.356766 0.889332 -0.260796 -0.117441
0.285641 0.715285 -0.5969 0.224694
0.663243 -0.233497 -0.429176 0.566918
-0.147382 -0.517811 -0.0238904 0.842365
0 0 0 0
0.0673204 0.425486 0.793797 -0.42932
-0.23515 0.778886 -0.442298 0.377377
0.196877 0.82927 0.376636 0.3629
0 0 0 0
-0.191563 -0.154995 0.888802 -0.386409
0 0 0 0
0 0 0 0
0 0 0 0
0 0 0 0
