7495820
0 0.0993657 -0.373999 1.64351 2 525.678 396.764 280.362 287.569
1 0.100414 -0.0778666 1.6099 2 526.818 305.669 280.97 221.544
2 0.099294 0.208448 1.56188 2 527.708 213.625 281.444 154.833
3 0.173704 0.322758 1.56486 2 560.553 176.482 298.962 127.912
4 0.0266043 0.0760885 1.46502 2 496.432 254.956 264.764 184.789
5 0.0035353 -0.154986 1.4125 2 485.678 336.726 259.028 244.055
6 0.0961367 -0.396181 1.41449 2 530.942 423.691 283.169 307.086
7 0.123657 -0.457018 1.4298 2 543.827 444.033 290.041 321.829
8 0.234741 0.0849279 1.65986 1 581.29 255.298 310.021 185.037
9 0.274905 -0.216074 1.72774 1 593.635 344.646 316.605 249.795
10 0.255299 -0.438213 1.77156 2 583.575 407.035 311.24 295.013
11 0.263769 -0.471002 1.77361 2 586.823 416.374 312.972 301.782
12 0.0447949 -0.368418 1.56214 2 503.746 400.978 268.665 290.623
13 0.0614201 -0.706785 1.52088 2 511.973 518.448 273.052 375.764
14 -0.00955955 -0.941544 1.53159 1 479.652 593.204 255.814 429.946
15 0.0412769 -0.809906 1.4762 1 503.32 560.778 268.437 406.444
16 0.149631 -0.364027 1.65634 2 546.301 392.819 291.361 284.71
17 -0.00499568 -0.767198 1.77757 2 482.007 501.522 257.07 363.496
18 -0.125629 -0.968261 2.00276 1 440.447 527.973 234.905 382.668
19 -0.0584446 -0.896215 1.87892 2 462.379 524.691 246.602 380.289
20 0.0998315 0.138341 1.57622 2 527.504 236.806 281.335 171.634
21 0.162286 -0.509659 1.42386 2 562.951 463.761 300.24 336.127
22 0.0825327 -0.483627 1.47409 2 522.717 448.346 278.783 324.955
23 0.270061 -0.505502 1.75249 2 590.622 428.127 314.998 310.301
24 0.238549 -0.467185 1.78284 2 576.475 414.54 307.453 300.453
0
1
0.356961 -0.0185422 0.93241 -0.0533603
0.356156 -0.0184961 0.932717 -0.0533763
0.353248 -0.0392813 0.930087 -0.0927958
0 0 0 0
-0.268927 0.75456 -0.464649 0.377384
-0.0978494 0.968866 -0.0717975 0.215801
-0.166551 -0.418998 -0.0741256 0.889498
-0.236262 -0.428435 0.0120614 0.872054
0.179364 0.7883 0.555309 0.195049
0.106213 0.990281 0.0710593 0.0548994
0.00302243 -0.380087 0.106176 0.918832
-0.127721 -0.388644 -0.0213844 0.912242
0.318838 -0.593882 0.653281 -0.344775
-0.0450184 0.908186 0.0473138 -0.413441
-0.0368691 0.910243 -0.143157 -0.386787
0 0 0 0
0.137795 0.635305 0.758549 0.0447556
0.220897 0.448552 0.0416874 0.865025
0.349821 0.38076 0.261522 0.815017
0 0 0 0
0.354499 -0.0286998 0.931862 -0.0716881
0 0 0 0
0 0 0 0
0 0 0 0
0 0 0 0
