7513422
0 0.140746 -0.354638 1.82128 2 537.238 380.001 286.527 275.419
1 0.129926 -0.0569437 1.80421 2 533.443 297.17 284.503 215.385
2 0.117136 0.230975 1.77389 2 529.399 215.275 282.346 156.028
3 0.197841 0.336848 1.77463 2 560.848 184.876 299.119 133.995
4 0.0383473 0.104386 1.6671 2 499.761 249.554 266.539 180.873
5 -0.00400074 -0.121343 1.62223 2 482.262 319.033 257.206 231.23
6 0.0452662 -0.343619 1.61609 2 503.272 389.103 268.412 282.016
7 0.0527842 -0.400441 1.62759 2 506.346 406.198 270.051 294.407
8 0.252099 0.107978 1.87189 1 576.638 252 307.54 182.646
9 0.22314 -0.15821 1.74942 1 571.757 327.019 304.937 237.019
10 0.269592 -0.381841 1.94098 2 579.822 381.124 309.238 276.234
11 0.273566 -0.445551 1.97392 2 579.69 395.944 309.168 286.975
12 0.0863335 -0.346984 1.74204 2 518.121 382.252 276.331 277.051
13 0.0726039 -0.686314 1.68799 2 513.786 488.699 274.019 354.202
14 0.173257 -0.812424 1.87375 2 548.104 502.55 292.322 364.241
15 0.109065 -0.807963 1.73162 1 527.651 519.399 281.414 376.453
16 0.189712 -0.348904 1.83183 2 555.379 377.867 296.202 273.873
17 0.190555 -0.733636 1.8793 2 554.27 480.41 295.611 348.195
18 0.0553735 -0.7886 1.66898 2 506.973 522.411 270.386 378.637
19 0.137394 -0.719053 1.55924 2 545.086 516.624 290.713 374.442
20 0.12043 0.160372 1.78364 2 530.384 235.717 282.871 170.844
21 0.0642906 -0.464131 1.61626 2 511.457 427.3 272.777 309.701
22 0.0392213 -0.446614 1.60291 2 500.867 422.908 267.129 306.518
23 0.285265 -0.499211 1.97088 2 584.029 410.077 311.482 297.218
24 0.242016 -0.443471 1.96671 2 568.936 395.795 303.433 286.867
1
1
0.348856 -0.0269906 0.936564 -0.02049
0.354595 -0.0271158 0.934406 -0.020324
0.360027 -0.0463273 0.930132 -0.0555691
0 0 0 0
-0.279538 0.748363 -0.488955 0.350335
-0.0776098 0.973035 -0.108022 0.188443
0.0435709 0.856308 0.100628 -0.50469
0.118116 0.862095 0.00707668 -0.492738
0.172921 0.776486 0.55962 0.232363
0.171492 -0.603799 -0.136244 0.766456
-0.263834 -0.531992 0.23515 0.769468
-0.159762 -0.561789 0.176099 0.792375
0.339525 -0.599059 0.651464 -0.318505
0.0580965 -0.518095 -0.0569458 0.851445
-0.483264 -0.663753 0.100935 0.561872
0 0 0 0
0.0968522 0.663444 0.739924 0.0545414
-0.0306318 -0.482957 0.0531525 0.873493
-0.00747278 -0.41353 0.626567 -0.660569
0 0 0 0
0.360431 -0.0373046 0.93134 -0.0361032
0 0 0 0
0 0 0 0
0 0 0 0
0 0 0 0
