7443623
0 0.00818909 -0.381122 2.06023 2 486.695 374.992 259.571 271.789
1 -0.00199299 -0.0878825 1.99357 2 483.27 303.493 257.744 219.967
2 -0.0152589 0.197636 1.9128 2 478.472 228.941 255.185 165.933
3 0.0457643 0.293325 1.92753 2 500.299 204.134 266.826 147.953
4 -0.0935008 0.0687976 1.81936 2 448.648 262.093 239.279 189.962
5 -0.162337 -0.160049 1.79637 2 421.797 326.306 224.958 236.502
6 -0.109352 -0.38297 1.82221 2 442.568 387.871 236.036 281.124
7 -0.0740296 -0.460305 1.83283 2 456.066 408.822 243.235 296.308
8 0.0777721 0.0905254 2.09416 1 509.47 259.358 271.717 187.979
9 0.218606 -0.11432 2.21298 2 551.88 307.349 294.336 222.762
10 0.427314 -0.212847 2.22727 2 616.257 329.703 328.67 238.964
11 0.448889 -0.217163 2.21187 1 623.956 331.049 332.777 239.94
12 -0.0288974 -0.376191 1.96935 2 473.845 378.071 252.718 274.02
13 -0.0376916 -0.720049 1.9383 2 470.48 470.652 250.923 341.122
14 -0.117667 -0.921011 1.96971 2 442.514 519.905 236.008 376.82
15 -0.0417474 -0.955428 1.98422 1 469.362 526.993 250.326 381.957
16 0.0449759 -0.373325 2.0813 2 498.842 372.132 266.049 269.716
17 0.118431 -0.77019 2.24591 2 520.477 455.978 277.588 330.487
18 0.103106 -1.00173 2.31863 2 514.805 501.747 274.562 363.66
19 0.166101 -1.0441 2.32681 2 533.481 510.286 284.523 369.848
20 -0.0117578 0.127469 1.93528 2 479.782 247.91 255.884 179.682
21 -0.0500888 -0.53255 1.85038 2 465.243 427.622 248.129 309.934
22 -0.0500378 -0.426071 1.84089 2 465.201 398.728 248.107 288.993
23 0.504802 -0.268942 2.22515 2 640.623 342.63 341.666 248.333
24 0.467394 -0.200462 2.19693 2 630.749 327.539 336.399 237.395
1
0
0.463531 -0.0670703 0.878874 -0.0906663
0.464457 -0.0671657 0.878386 -0.0905956
0.462204 -0.0934125 0.872925 -0.125074
0 0 0 0
-0.234681 0.721178 -0.503792 0.413548
-0.0197996 0.969986 -0.151657 0.189035
-0.0751242 0.471021 0.104745 0.872654
-0.153835 0.473975 0.158227 0.852436
0.356341 0.693749 0.52321 0.34349
-0.219407 0.195161 0.283069 0.913042
-0.216728 0.74708 0.489884 0.393592
-0.502952 0.734417 0.408279 0.202433
0.380507 -0.556628 0.616685 -0.406299
-0.0467435 0.951578 0.00154525 -0.30383
0.0859239 0.977379 -0.181317 0.0668667
0 0 0 0
0.262135 0.630522 0.722317 0.109476
-0.0241342 0.293854 0.210183 0.932143
0.0367853 0.0320365 0.150233 0.987447
0 0 0 0
0.463927 -0.0811464 0.875751 -0.106053
0 0 0 0
0 0 0 0
0 0 0 0
0 0 0 0
