7600258
0 0.317001 -0.340355 2.0272 2 591.844 366.448 315.65 265.597
1 0.292404 -0.0431909 2.01989 2 583.578 292.039 311.242 211.666
2 0.266542 0.245238 1.9987 2 575.821 219.016 307.105 158.739
3 0.342142 0.353529 1.99363 2 602.431 191.13 321.296 138.529
4 0.183144 0.11916 1.88935 2 550.615 249.297 293.661 180.687
5 0.138868 -0.101197 1.84046 2 535.82 309.021 285.771 223.975
6 0.188881 -0.325731 1.82411 2 555.343 371.799 296.183 269.475
7 0.216556 -0.407748 1.82305 2 565.979 394.853 301.855 286.184
8 0.379489 0.126802 2.12988 1 606.718 251.027 323.583 181.941
9 0.429979 -0.172041 2.14713 1 622.057 321.871 331.764 233.288
10 0.463447 -0.459823 2.15006 2 633.046 390.06 337.624 282.71
11 0.469074 -0.476119 2.14752 2 635.071 394.078 338.704 285.622
12 0.267028 -0.333181 1.94788 2 578.504 368.02 308.536 266.736
13 0.20098 -0.656256 1.94493 2 555.536 453.198 296.286 328.471
14 0.141919 -0.887593 1.98891 2 533.46 509.032 284.512 368.94
15 0.2225 -0.83822 1.93181 1 563.861 502.718 300.726 364.363
16 0.35624 -0.335944 2.03763 2 604.623 364.944 322.465 264.506
17 0.356879 -0.653671 2.0897 2 602.264 440.667 321.208 319.389
18 0.29542 -0.891038 2.0952 2 581.775 498.313 310.28 361.17
19 0.327602 -0.79358 2.04491 2 595.075 479.282 317.374 347.377
20 0.273252 0.174328 2.00634 2 577.721 237.193 308.118 171.914
21 0.240976 -0.475068 1.82484 2 575.258 413.659 306.804 299.815
22 0.246292 -0.41441 1.79868 2 578.553 398.334 308.562 288.707
23 0.480397 -0.516814 2.13795 2 639.502 404.346 341.068 293.064
24 0.430265 -0.480322 2.127 2 623.87 396.143 332.73 287.119
1
1
0.383929 -0.0428147 0.922358 0.00453748
0.39996 -0.042729 0.915521 0.00528364
0.416915 -0.0649838 0.906159 -0.0289149
0 0 0 0
-0.267592 0.748196 -0.503393 0.3394
-0.0905442 0.976789 -0.113153 0.157738
-0.0757897 0.913069 0.086278 0.391302
-0.0704631 0.904508 0.145992 0.394446
0.247984 0.725679 0.546346 0.336749
-0.00359981 0.928699 0.0881502 0.360188
-0.0457421 -0.681353 -0.0357821 0.729647
-0.0697557 -0.670505 -0.165941 0.719737
0.370854 -0.603242 0.632946 -0.312963
-0.0414908 0.924034 -0.0918157 -0.368796
0.0504361 0.942446 -0.144961 -0.297049
0 0 0 0
0.0973211 0.66231 0.737924 0.0856863
0.0298672 0.378215 0.0754421 0.922155
0.121695 0.362904 -0.0356881 0.923156
0 0 0 0
0.416954 -0.0527785 0.90734 -0.00987485
0 0 0 0
0 0 0 0
0 0 0 0
0 0 0 0
