7625568
0 0.906013 -0.354149 2.60083 2 725.385 350.654 386.872 254.149
1 0.925076 -0.0710322 2.55258 2 735.06 295.399 392.032 214.101
2 0.937371 0.205797 2.49123 2 744.792 239.072 397.223 173.276
3 0.930466 0.346356 2.46745 2 745.449 209.585 397.573 151.904
4 0.828447 0.137267 2.60754 2 703.835 254.402 375.379 184.387
5 0.809967 -0.104115 2.7473 2 687.832 300.495 366.844 217.795
6 0.769759 -0.345853 2.73694 2 678.516 345.535 361.875 250.439
7 0.753514 -0.371173 2.72365 2 675.339 350.582 360.181 254.097
8 0.985556 0.119947 2.39663 2 769.167 255.668 410.222 185.305
9 0.974402 -0.0147741 2.21694 2 788.869 284.613 420.73 206.283
10 0.793836 -0.0866422 2.11395 2 744.234 302.114 396.925 218.968
11 0.683598 -0.147671 2.06794 2 712.844 317.594 380.184 230.188
12 0.851981 -0.350323 2.60726 2 710.31 349.699 378.832 253.457
13 0.847696 -0.656665 2.65745 2 705.16 407.302 376.085 295.207
14 0.916418 -0.948019 2.6809 2 721.048 461.69 384.559 334.627
15 0.877646 -1.02401 2.63831 2 714.599 479.233 381.119 347.341
16 0.936837 -0.348955 2.52793 2 740.91 351.639 395.152 254.863
17 0.938463 -0.618248 2.4274 2 752.171 411.233 401.158 298.056
18 0.905178 -0.892119 2.35234 2 750.52 474.531 400.277 343.934
19 0.862954 -0.93116 2.25125 2 749.221 491.833 399.585 356.474
20 0.935267 0.13754 2.50888 2 742.329 253.251 395.909 183.553
21 0.745514 -0.410571 2.71596 2 673.874 358.174 359.399 259.6
22 0.739398 -0.37284 2.71841 2 672.093 351.019 358.45 254.414
23 0.617985 -0.180416 2.0407 2 693.492 326.224 369.863 236.443
24 0.630189 -0.129312 2.07464 2 694.099 312.941 370.186 226.815
0
0
-0.359354 0.0613755 0.928804 -0.0664816
-0.40141 0.0643485 0.911418 -0.0636084
-0.445198 0.0700546 0.886375 -0.105971
0 0 0 0
0.290145 0.67129 -0.64411 -0.224295
-0.139177 -0.616905 0.221075 0.742417
0.0849518 -0.251754 0.000262449 0.964055
0.30753 -0.232833 -0.143104 0.911447
-0.351147 0.630317 0.553086 -0.416524
-0.446847 0.894183 -0.0276724 -0.000125224
0.57523 -0.492376 0.075704 0.648803
0.509733 -0.490699 0.112678 0.697632
-0.101267 -0.681713 0.724444 -0.0139035
-0.0262691 -0.400748 0.0770423 0.912565
-0.121762 -0.34973 -0.00380687 0.928896
0 0 0 0
-0.395724 0.565051 0.613309 -0.384672
-0.160596 0.882267 -0.0761414 0.435909
-0.0775735 0.822468 -0.122646 0.549988
0 0 0 0
-0.44536 0.0676018 0.889084 -0.0813273
0 0 0 0
0 0 0 0
0 0 0 0
0 0 0 0
