7599804
0 0.3192 -0.339709 2.0313 2 592.373 366.115 315.932 265.355
1 0.293958 -0.0432723 2.02397 2 583.907 292.038 311.417 211.665
2 0.267575 0.244626 2.00247 2 576.003 219.288 307.202 158.937
3 0.341335 0.353674 1.9974 2 601.925 191.266 321.027 138.627
4 0.183301 0.118816 1.89374 2 550.517 249.463 293.609 180.807
5 0.138001 -0.101487 1.84595 2 535.342 309.018 285.516 223.972
6 0.181645 -0.320622 1.82756 2 552.468 370.196 294.649 268.313
7 0.21024 -0.405692 1.82398 2 563.538 394.212 300.554 285.719
8 0.380514 0.1262 2.13364 1 606.833 251.223 323.644 182.083
9 0.431132 -0.172598 2.15093 1 622.184 321.931 331.831 233.331
10 0.454416 -0.420728 2.13468 2 631.128 381.478 336.601 276.49
11 0.463348 -0.461288 2.13397 2 634.151 391.24 338.214 283.565
12 0.269219 -0.331921 1.95072 2 579.141 367.565 308.875 266.406
13 0.201881 -0.654955 1.94644 2 555.799 452.72 296.426 328.125
14 0.142459 -0.886508 1.98923 2 533.64 508.717 284.608 368.711
15 0.223793 -0.838833 1.93234 1 564.304 502.82 300.962 364.437
16 0.358413 -0.336163 2.04316 2 605.03 364.772 322.683 264.382
17 0.360165 -0.653778 2.0929 2 603.172 440.45 321.692 319.232
18 0.295786 -0.89063 2.09545 2 581.884 498.188 310.338 361.08
19 0.263102 -0.802296 2.01565 2 574.492 484.361 306.396 351.058
20 0.274415 0.173815 2.01022 2 577.938 237.407 308.234 172.069
21 0.233955 -0.470182 1.81769 2 572.938 412.8 305.567 299.192
22 0.240397 -0.416398 1.7989 2 576.275 398.879 307.347 289.102
23 0.48027 -0.514223 2.12881 2 640.131 404.256 341.403 292.999
24 0.426614 -0.478429 2.1075 2 623.97 396.753 332.784 287.561
1
1
0.390806 -0.0438902 0.919411 0.00526014
0.402694 -0.0438183 0.914266 0.00582881
0.415351 -0.0661804 0.906774 -0.0294063
0 0 0 0
-0.2657 0.748878 -0.505083 0.336862
-0.08901 0.978404 -0.114107 0.147587
-0.0836568 0.86874 0.0654594 0.483743
-0.0971572 0.85819 0.13036 0.486905
0.248047 0.725956 0.545968 0.336718
-0.0162999 0.867167 0.0869359 0.4901
0.00703384 0.741936 0.0564973 -0.668049
0.0658882 0.739118 0.0861943 -0.664781
0.374613 -0.600619 0.632926 -0.313572
-0.0433471 0.926736 -0.0931887 -0.361382
0.0480736 0.943104 -0.144779 -0.295438
0 0 0 0
0.107514 0.668607 0.729075 0.0992713
0.0263632 0.371339 0.0730235 0.925246
0.0659459 0.878342 -0.114817 0.459329
0 0 0 0
0.415382 -0.053859 0.907996 -0.0100228
0 0 0 0
0 0 0 0
0 0 0 0
0 0 0 0
