7483847
0 1.09739 -0.329047 2.77896 2 757.831 341.639 404.176 247.615
1 1.10497 -0.0564723 2.74379 2 763.219 291.713 407.05 211.43
2 1.10841 0.213191 2.69613 2 769.102 240.853 410.188 174.567
3 1.10318 0.348554 2.64258 2 773.56 213.88 412.565 155.017
4 0.970734 0.149964 2.78809 2 725.126 253.795 386.734 183.947
5 0.924141 -0.0497668 2.89753 2 704.667 289.957 375.823 210.157
6 0.898705 -0.257779 2.91704 2 697.164 326.212 371.821 236.434
7 0.887542 -0.268887 2.90096 2 695.678 328.41 371.028 238.027
8 1.23386 0.106275 2.64797 2 807.216 260.722 430.515 188.968
9 1.30361 -0.126337 2.69921 2 818.961 305.101 436.779 221.133
10 1.30338 -0.335396 2.71746 2 816.607 344.2 435.524 249.471
11 1.27669 -0.401918 2.70279 2 811.563 357.102 432.833 258.823
12 1.01487 -0.315103 2.77877 2 737.122 339.051 393.132 245.74
13 0.929156 -0.640916 2.73307 2 719.741 400.889 383.862 290.559
14 0.921907 -0.910314 2.71565 2 719.455 452.323 383.709 327.837
15 0.87848 -0.983686 2.63578 2 715.091 471.66 381.382 341.852
16 1.1543 -0.335202 2.71341 2 779.077 344.274 415.508 249.525
17 1.14242 -0.675176 2.76292 2 770.782 405.948 411.084 294.226
18 1.12144 -0.913355 2.87569 2 754.386 443.283 402.339 321.285
19 1.06548 -0.951881 2.75741 2 751.821 457.303 400.971 331.447
20 1.10825 0.146197 2.71032 2 767.547 253.682 409.358 183.866
21 0.894974 -0.306558 2.88831 2 698.438 335.271 372.5 243
22 0.862224 -0.261816 2.87888 2 691.173 327.511 368.625 237.376
23 1.2553 -0.476356 2.70706 2 805.564 371.015 429.634 268.907
24 1.27507 -0.430353 2.65911 2 816.457 363.79 435.443 263.67
1
1
-0.221384 0.0276904 0.972981 -0.0594249
-0.233772 0.0284459 0.970079 -0.059067
-0.24666 0.0269459 0.963486 -0.100632
0 0 0 0
0.229121 0.686224 -0.677807 -0.13106
0.124807 0.750561 -0.234155 -0.605188
0.0287113 -0.504988 0.070779 0.85974
0.495136 -0.610579 -0.0897515 0.611537
-0.0961501 0.762289 0.594856 -0.236257
0.074267 0.96436 0.160854 0.19652
0.0423377 0.968991 0.0100504 0.243235
-0.0541312 0.947718 -0.206054 0.237576
-0.0483443 -0.64412 0.762221 -0.0423207
0.143981 -0.528157 0.010565 0.836784
0.0279758 -0.507928 -0.0209804 0.86069
0 0 0 0
-0.263284 0.655883 0.628743 -0.324316
0.0703436 0.843946 0.0238072 0.531262
0.205487 0.816641 0.0853967 0.532522
0 0 0 0
-0.246573 0.0279921 0.965638 -0.077207
0 0 0 0
0 0 0 0
0 0 0 0
0 0 0 0
