7509436
0 1.12261 -0.38958 2.84761 2 757.39 351.035 403.941 254.425
1 1.07009 -0.234865 2.62628 2 766.561 326.853 408.833 236.899
2 1.01275 -0.0948488 2.38946 2 777.956 301.472 414.91 218.503
3 0.98916 -0.0048994 2.32684 2 778.833 282.285 415.378 204.597
4 0.860808 -0.0830753 2.5115 2 721.317 298.067 384.702 216.035
5 0.801429 -0.231717 2.64633 2 693.502 325.793 369.868 236.13
6 0.794224 -0.451454 2.69159 2 688.276 366.672 367.08 265.759
7 0.813535 -0.514622 2.67035 2 695.029 379.46 370.682 275.028
8 1.14033 -0.123991 2.3884 2 815.152 307.71 434.748 223.024
9 1.24126 -0.295602 2.43266 2 837.607 343.185 446.724 248.736
10 1.22288 -0.509462 2.45634 2 828.842 386.939 442.049 280.448
11 1.21438 -0.594374 2.45536 2 826.427 404.555 440.761 293.216
12 1.03637 -0.377217 2.84824 2 736.203 348.771 392.642 252.784
13 0.867143 -0.634151 2.61483 2 713.948 404.977 380.772 293.522
14 0.962801 -0.939937 2.63969 2 736.854 462.886 392.989 335.493
15 0.922956 -1.02469 2.56432 2 733.31 484.922 391.099 351.465
16 1.1829 -0.393158 2.78202 2 778.937 353.355 415.433 256.107
17 1.04485 -0.595058 2.47122 2 777.23 404.115 414.523 292.897
18 1.0143 -0.947566 2.47544 2 767.55 476.164 409.36 345.117
19 0.97333 -1.03175 2.4007 2 764.082 499.712 407.511 362.184
20 1.02825 -0.132189 2.45142 2 774.901 308.734 413.281 223.766
21 0.798089 -0.580379 2.67799 2 690.471 391.721 368.251 283.914
22 0.846742 -0.523584 2.60442 2 709.32 383.754 378.304 278.14
23 1.21213 -0.668007 2.44664 2 826.768 420.23 440.943 304.577
24 1.20892 -0.571009 2.457 2 824.751 399.659 439.867 289.667
0
0
-0.185128 -0.0102807 0.864248 -0.467652
-0.183842 -0.0109763 0.864522 -0.467636
-0.181674 -0.0169342 0.848139 -0.497362
0 0 0 0
-0.500027 -0.572064 0.6189 -0.199197
0.222742 0.797456 -0.308658 -0.468166
0.100321 0.927451 0.0215934 0.359588
-0.197917 0.909129 0.0749724 0.358736
0.180941 0.494551 0.706452 -0.47287
0.0896089 0.955704 0.266936 0.0857037
0.0421277 -0.00966645 0.0553768 0.99753
0.0499211 -0.0121789 -0.00516931 0.998666
-0.35443 -0.580708 0.667328 -0.303034
0.341602 -0.322272 -0.225035 0.853703
-0.152456 -0.436747 -0.0314933 0.886012
0 0 0 0
0.0132323 0.477831 0.692648 -0.540131
-0.248801 0.704348 -0.427611 0.509059
0.0285581 0.837444 -0.032973 0.54478
0 0 0 0
-0.179039 -0.013216 0.846107 -0.50187
0 0 0 0
0 0 0 0
0 0 0 0
0 0 0 0
