7616151
0 0.656683 -0.986281 2.58391 2 660.271 476.07 352.144 345.049
1 0.709535 -0.778428 2.6481 2 669.743 431.195 357.196 312.524
2 0.753132 -0.568054 2.69479 2 677.531 388.648 361.35 281.687
3 0.714039 -0.472977 2.69213 2 667.493 370.671 355.996 268.657
4 0.691493 -0.680839 2.86005 1 651.369 402.503 347.397 291.728
5 0.580693 -0.777426 2.59851 1 638.831 433.785 340.71 314.402
6 0.528503 -1.04533 2.50831 1 630.129 493.956 336.069 358.012
7 0.519392 -1.05859 2.46535 1 630.102 500.394 336.054 362.679
8 0.890696 -0.515712 2.57696 2 723.623 383.322 385.932 277.827
9 0.758158 -0.448435 2.37198 2 705.463 377.619 376.247 273.693
10 0.56473 -0.249209 2.2771 2 655.306 336.851 349.496 244.145
11 0.450487 -0.145148 2.19114 2 625.739 314.826 333.728 228.182
12 0.615889 -0.993066 2.61566 2 647.308 475.026 345.231 344.293
13 0.563136 -0.735798 2.44795 2 643.405 434.515 343.149 314.93
14 0.541137 -1.04042 2.49592 1 634.364 494.006 338.328 358.049
15 0.464553 -1.06893 2.42131 2 617.045 506.552 329.091 367.142
16 0.681249 -0.956232 2.486 2 674.061 477.564 359.499 346.132
17 0.762142 -0.747129 2.26272 2 717.622 449.767 382.732 325.985
18 0.655194 -1.10915 2.13124 1 696.158 545.547 371.284 395.405
19 0.697204 -0.985908 2.13736 1 709.679 516.087 378.495 374.053
20 0.743203 -0.62082 2.68545 2 675.698 399.069 360.372 289.24
21 0.523422 -1.07389 2.43813 2 632.861 506.014 337.526 366.752
22 0.471403 -1.0465 2.45175 2 617.344 499.107 329.25 361.746
23 0.405649 -0.0935998 2.14733 2 614.139 303.314 327.541 219.838
24 0.46956 -0.117703 2.17867 2 632.619 308.632 337.397 223.692
0
0
-0.538064 0.02056 0.821415 0.187996
-0.510986 0.0266808 0.838527 0.187226
-0.489146 0.0372557 0.863035 0.12049
0 0 0 0
0.327872 0.62533 -0.485786 -0.515242
-0.307249 0.664407 -0.494599 0.468543
0.174726 -0.648384 -0.0590378 0.738636
0.503573 -0.574253 -0.319101 0.56109
-0.43227 0.497973 0.749718 -0.0555749
-0.586116 0.59734 -0.537887 0.10164
0.728534 -0.358445 0.555611 0.179031
0.727865 -0.431908 0.514241 0.138651
-0.0908047 -0.651157 0.653209 0.375588
0.899269 -0.235193 -0.32269 0.178524
0.00213823 -0.392582 0.0856409 0.915718
0 0 0 0
-0.582643 0.521329 0.550613 -0.29252
0.62208 -0.161804 0.665909 -0.378684
-0.136871 0.955477 -0.168623 0.199742
0 0 0 0
-0.486517 0.0333921 0.860028 0.150128
0 0 0 0
0 0 0 0
0 0 0 0
0 0 0 0
