7590712
0 0.929612 -1.01804 2.92335 2 704.56 458.983 375.765 332.665
1 1.00426 -0.804633 2.87716 2 726.108 423.977 387.258 307.293
2 1.07452 -0.59296 2.82815 2 747.52 388.236 398.677 281.388
3 1.12107 -0.495731 2.76014 2 765.731 372.897 408.39 270.271
4 0.95062 -0.593277 2.86129 2 714.297 386.992 380.958 280.487
5 0.865127 -0.766823 3.01906 1 682.592 410.768 364.049 297.719
6 0.849048 -0.992062 3.17922 2 669.171 440.458 356.891 319.238
7 0.834 -1.02407 3.21261 2 663.999 443.888 354.133 321.724
8 1.23684 -0.641503 2.79063 2 791.328 398.521 422.041 288.843
9 1.28638 -0.822627 2.86157 2 795.438 427.785 424.234 310.052
10 1.13289 -0.857976 2.61147 2 784.428 448.658 418.362 325.181
11 1.04343 -0.846605 2.52571 1 770.224 452.125 410.786 327.694
12 0.859552 -0.973847 2.90614 2 689.148 452.278 367.546 327.805
13 0.836099 -0.763158 2.6517 2 702.673 428.112 374.759 310.29
14 0.827336 -1.04396 2.66233 2 699.464 481.314 373.048 348.85
15 0.753014 -1.04657 2.56759 2 687.335 489.208 366.579 354.571
16 0.978761 -1.0404 2.87577 2 720 465.841 384 337.635
17 1.05818 -0.826095 2.53129 2 773.647 447.626 412.612 324.433
18 0.904464 -1.03375 2.40135 2 744.492 500.328 397.062 362.631
19 0.927111 -0.94433 2.33293 2 758.917 487.298 404.756 353.187
20 1.05783 -0.646169 2.84226 2 742.143 397.262 395.81 287.93
21 0.771147 -1.07158 3.2293 2 649.564 450.55 346.434 326.552
22 0.859545 -1.04582 3.19925 2 670.316 448.061 357.502 324.749
23 1.02875 -0.852083 2.44426 2 775.446 458.868 413.571 332.581
24 1.05841 -0.805051 2.52033 2 774.994 444.106 413.33 321.882
0
0
-0.138852 0.177654 0.971149 -0.0776417
-0.125516 0.176573 0.972963 -0.0800715
-0.117343 0.161697 0.974034 -0.106499
0 0 0 0
-0.134302 -0.53053 0.836914 0.00876901
0.31622 0.912875 -0.228933 -0.119385
0.282858 0.842116 0.114842 0.444571
0.410851 0.782631 0.0466513 0.46531
-0.054097 0.683551 0.713857 -0.142265
0.0960664 0.850405 0.199024 0.477464
-0.559072 0.748073 -0.357266 0.0136178
-0.561161 0.670759 -0.480402 -0.0662936
-0.0188107 -0.471947 0.872263 -0.126763
0.682136 -0.294595 -0.593954 0.30842
0.0057351 -0.437702 0.0238276 0.898786
0 0 0 0
-0.242446 0.762237 0.534704 -0.272593
0.465076 -0.162004 0.736818 -0.463204
-0.00278988 0.712236 -0.37547 0.593072
0 0 0 0
-0.112891 0.170587 0.975159 -0.0849715
0 0 0 0
0 0 0 0
0 0 0 0
0 0 0 0
