7576452
0 0.0959378 -0.339254 1.96312 2 517.619 368.805 276.064 267.305
1 0.0721645 -0.0443866 1.94704 2 509.415 292.733 271.688 212.169
2 0.0472404 0.241704 1.91801 2 500.899 217.425 267.146 157.587
3 0.112509 0.354298 1.91824 2 524.375 187.551 279.667 135.934
4 -0.0270897 0.116511 1.81065 2 473.677 248.678 252.628 180.239
5 -0.0670434 -0.106193 1.76314 2 457.829 311.663 244.176 225.889
6 -0.0216167 -0.327293 1.75068 2 475.449 375.994 253.573 272.515
7 0.00844541 -0.41119 1.74929 2 487.288 400.571 259.887 290.328
8 0.161394 0.123634 2.04982 1 538.082 250.701 286.977 181.704
9 0.216585 -0.164021 2.11566 2 554.375 320.452 295.667 232.259
10 0.294424 -0.371943 2.1116 2 580.14 370.622 309.408 268.621
11 0.321117 -0.424757 2.09628 2 589.732 384.166 314.524 278.438
12 0.0507968 -0.334682 1.87974 2 502.571 371.459 268.038 269.228
13 0.00519265 -0.664343 1.86122 2 485.889 463.167 259.141 335.697
14 -0.0415428 -0.886899 1.89253 2 468.728 520.441 249.988 377.209
15 0.0326405 -0.819125 1.8361 1 496.289 508.954 264.688 368.883
16 0.137427 -0.331813 1.97757 2 531.828 366.263 283.642 265.462
17 0.141512 -0.70197 2.04629 2 531.856 456.051 283.656 330.54
18 0.0921564 -0.940941 2.05651 2 515.045 514.787 274.691 373.11
19 0.154766 -0.858715 2.03379 2 536.743 496.731 286.263 360.024
20 0.0535541 0.171418 1.92753 2 503.054 236.23 268.295 171.216
21 0.0331471 -0.473928 1.7426 2 497.1 419.487 265.12 304.039
22 0.0285946 -0.372525 1.76536 2 495.125 388.279 264.067 281.419
23 0.3454 -0.469635 2.08299 2 598.557 395.871 319.23 286.922
24 0.289603 -0.440078 2.09009 2 579.627 388.188 309.134 281.354
1
2
0.409762 -0.0477839 0.910902 -0.00830808
0.416741 -0.0478462 0.907731 -0.00794114
0.423998 -0.0687747 0.902082 -0.0417631
0 0 0 0
-0.278656 0.742186 -0.491958 0.359844
-0.0858042 0.973725 -0.104868 0.18303
-0.102837 0.44155 0.0200116 0.891099
-0.156869 0.437628 0.068952 0.882677
0.246812 0.72959 0.546317 0.32912
-0.0334967 0.44267 0.140685 0.884946
-0.141269 -0.559237 -0.108901 0.809591
-0.117888 -0.529718 -0.232572 0.8071
0.382726 -0.599514 0.614496 -0.341319
-0.0500685 0.934477 -0.0545482 -0.34824
0.0314126 0.937826 -0.11941 -0.324402
0 0 0 0
0.136552 0.637603 0.751569 0.099797
0.0272674 0.351613 0.0876745 0.931632
0.102895 0.324465 -0.0132597 0.940191
0 0 0 0
0.424142 -0.0579048 0.903463 -0.0224661
0 0 0 0
0 0 0 0
0 0 0 0
0 0 0 0
