7570268
0 0.864157 -0.341577 2.62027 2 712.413 347.66 379.953 251.979
1 0.891291 -0.0561566 2.61484 2 719.99 292.154 383.995 211.749
2 0.914815 0.224583 2.59593 2 728.124 237.102 388.333 171.849
3 0.913488 0.364219 2.56893 2 730.446 208.893 389.571 151.402
4 0.78392 0.14891 2.6931 2 685.241 253.075 365.462 183.426
5 0.756513 -0.115071 2.79045 2 671.289 302.178 358.021 219.015
6 0.715748 -0.322306 2.76005 1 663.208 340.607 353.711 246.867
7 0.703168 -0.391539 2.75364 1 660.514 353.553 352.274 256.25
8 1.01024 0.120171 2.49943 2 764.257 256.676 407.604 186.035
9 1.014 -0.0407811 2.34481 1 783.943 290.089 418.103 210.252
10 0.88224 -0.213167 2.28298 2 751.909 328.852 401.018 238.347
11 0.819764 -0.274694 2.25815 2 735.599 343.259 392.32 248.79
12 0.799912 -0.334857 2.61937 2 695.361 346.331 370.859 251.016
13 0.731952 -0.644192 2.58076 2 680.535 408.519 362.952 296.089
14 0.686305 -0.931707 2.58194 2 668.363 465.427 356.46 337.335
15 0.629881 -1.01292 2.48204 2 659.996 489.522 351.998 354.799
16 0.906614 -0.339562 2.55445 2 729.959 349.01 389.311 252.958
17 0.954285 -0.628948 2.52826 2 745.814 408.207 397.767 295.863
18 0.943162 -0.920864 2.60483 2 735.03 461.595 392.016 334.558
19 0.930628 -1.0004 2.55618 2 736.213 480.75 392.647 348.441
20 0.909761 0.155207 2.60279 2 726.085 250.815 387.245 181.787
21 0.693055 -0.442187 2.73284 1 659.349 363.556 351.653 263.5
22 0.698922 -0.401248 2.74058 1 660.294 355.704 352.157 257.81
23 0.78115 -0.329526 2.26048 2 723.459 355.556 385.845 257.702
24 0.822996 -0.289286 2.22015 2 740.967 347.687 395.182 251.999
1
0
-0.269548 0.0481669 0.961774 0.00365907
-0.306201 0.0479914 0.950741 0.00550189
-0.345026 0.050966 0.936607 -0.0335754
0 0 0 0
0.208367 0.6854 -0.660511 -0.224802
-0.0721849 -0.620213 0.166969 0.763051
0.0867006 0.121638 -0.0829924 0.985292
0.0830899 0.124007 -0.0563987 0.987187
-0.252345 0.730426 0.56412 -0.290808
-0.35946 0.898718 0.101313 -0.229848
-0.0686771 0.912823 -0.336518 0.220893
-0.0592037 0.890919 -0.398655 0.209361
-0.0023326 -0.669224 0.742969 -0.0114522
0.123435 -0.488489 -0.000246236 0.863795
0.0645513 -0.548564 0.0449665 0.832399
0 0 0 0
-0.36503 0.624448 0.616124 -0.311782
-0.07869 0.868695 0.0491057 0.486585
0.10886 0.75013 0.0695687 0.648548
0 0 0 0
-0.344346 0.0506422 0.937403 -0.0116583
0 0 0 0
0 0 0 0
0 0 0 0
0 0 0 0
