7545644
0 0.215063 -0.343121 2.10996 2 554.193 363.669 295.57 263.582
1 0.182714 -0.0423132 2.08686 2 544.134 291.466 290.205 211.25
2 0.148903 0.249745 2.04999 2 533.937 219.526 284.766 159.109
3 0.230035 0.354051 2.05876 2 560.984 193.973 299.191 140.589
4 0.0761584 0.120579 1.9408 2 510.92 249.797 272.491 181.049
5 0.042946 -0.100979 1.8906 2 499.562 308.211 266.433 223.387
6 0.104892 -0.342823 1.88734 2 522.251 373.31 278.534 270.57
7 0.134319 -0.416764 1.89437 2 532.879 392.909 284.202 284.775
8 0.260586 0.125444 2.17662 1 566.317 252.036 302.036 182.672
9 0.23189 -0.140006 2.05415 1 561.615 315.713 299.528 228.824
10 0.330252 -0.379037 2.19565 1 587.729 368.851 313.455 267.338
11 0.341246 -0.433467 2.22527 2 589.824 380.166 314.573 275.539
12 0.168626 -0.33767 2.02674 2 541.279 365.676 288.682 265.037
13 0.118008 -0.681766 2.03053 2 524.2 452.293 279.573 327.816
14 0.0613051 -0.911874 2.08033 2 504.4 504.97 269.013 365.995
15 0.132802 -0.953082 2.07157 2 528.431 516.079 281.83 374.047
16 0.254412 -0.337531 2.1241 2 566.51 361.804 302.138 262.23
17 0.25812 -0.73528 2.16102 2 566.71 454.674 302.246 329.541
18 0.225847 -0.976447 2.1764 2 555.949 510.248 296.506 369.821
19 0.25855 -0.880173 2.11849 2 568.619 493.291 303.263 357.531
20 0.157588 0.177973 2.06141 2 536.526 237.524 286.147 172.154
21 0.156961 -0.482378 1.90313 2 540.931 410.055 288.497 297.202
22 0.095841 -0.406819 1.9066 2 518.626 389.501 276.601 282.305
23 0.352953 -0.478521 2.22309 2 593.637 390.632 316.606 283.125
24 0.343214 -0.403406 2.20691 2 591.292 374.045 315.355 271.103
1
1
0.409952 -0.0643763 0.909742 -0.0128266
0.415458 -0.0644529 0.907241 -0.0124361
0.421296 -0.0872074 0.901559 -0.0457842
0 0 0 0
-0.284 0.745189 -0.485693 0.357965
-0.0903665 0.964182 -0.0965657 0.229918
-0.104522 -0.502038 -0.0689413 0.855734
-0.18402 -0.504794 -0.0581182 0.841393
0.236883 0.741528 0.531951 0.333243
0.153515 -0.505437 -0.156819 0.834491
-0.0968604 0.269162 0.291606 0.912763
-0.0218664 0.258661 0.259008 0.930339
0.382799 -0.600141 0.618075 -0.333585
-0.0199426 0.936563 -0.0703943 -0.342778
0.0923228 0.982961 -0.12796 -0.094285
0 0 0 0
0.142319 0.650727 0.73892 0.101469
0.0118846 0.350614 0.0449445 0.935366
0.0734304 0.38429 0.00361529 0.92028
0 0 0 0
0.421433 -0.0753698 0.903289 -0.0279722
0 0 0 0
0 0 0 0
0 0 0 0
0 0 0 0
