7507311
0 0.163109 -0.361848 1.76359 2 547.757 385.361 292.137 279.304
1 0.129198 -0.0646443 1.74898 2 534.723 299.902 285.185 217.365
2 0.0973098 0.223322 1.71957 2 522.895 215.453 278.878 156.158
3 0.168846 0.334338 1.71929 2 551.686 182.523 294.233 132.29
4 0.0261906 0.0928815 1.61485 2 495.099 252.134 264.053 182.743
5 -0.00862859 -0.135788 1.57249 2 480.185 324.882 256.099 235.47
6 0.0393321 -0.359654 1.56346 2 501.314 398.005 267.368 288.468
7 0.0540038 -0.393556 1.5658 2 507.772 408.92 270.812 296.38
8 0.232469 0.100207 1.81758 1 571.958 253.297 305.044 183.587
9 0.203594 -0.166118 1.69505 1 566.633 330.85 302.204 239.795
10 0.309349 -0.351747 1.90371 2 596.132 375.068 317.937 271.844
11 0.340879 -0.42075 1.94549 2 605.045 391.191 322.691 283.53
12 0.107981 -0.355828 1.68286 2 528.214 388.526 281.714 281.599
13 0.0621033 -0.691774 1.66214 2 509.872 493.629 271.932 357.775
14 -0.00165546 -0.834318 1.69554 1 483.279 532.349 257.749 385.839
15 0.0554853 -0.800013 1.59278 2 508.113 537.51 270.994 389.58
16 0.212097 -0.35311 1.77569 2 566.372 382.176 302.065 276.996
17 0.201444 -0.720078 1.84388 2 559.719 480.491 298.517 348.253
18 0.0738176 -0.779116 1.62787 2 515.412 525.515 274.887 380.886
19 0.146004 -0.702003 1.51432 2 550.842 517.855 293.782 375.334
20 0.105608 0.152936 1.72909 2 525.95 236.462 280.507 171.384
21 0.0658373 -0.45929 1.5531 2 513.272 431.699 273.745 312.889
22 0.0457397 -0.445483 1.53871 2 504.508 428.502 269.071 310.573
23 0.370714 -0.474952 1.94808 2 615.603 405.321 328.321 293.771
24 0.330413 -0.450923 1.94108 2 601.632 399.384 320.87 289.468
1
0
0.355286 -0.0617064 0.932715 -0.00264415
0.359033 -0.0617165 0.931279 -0.00239603
0.363778 -0.0786454 0.927255 -0.0409675
0 0 0 0
-0.285944 0.764308 -0.469139 0.337606
-0.0756719 0.976634 -0.0897547 0.180011
0.0260528 0.903005 0.103899 -0.416063
0.114162 0.888627 0.170324 -0.410242
0.165709 0.77186 0.557857 0.256062
0.157951 -0.529979 -0.151687 0.819246
-0.399818 -0.577928 0.171323 0.690503
-0.308764 -0.590603 0.0793457 0.741321
0.359061 -0.614945 0.633884 -0.301843
-0.0553405 0.912196 -0.0495812 -0.402961
-0.0284252 0.799795 -0.22993 -0.553762
0 0 0 0
0.100038 0.639994 0.758489 0.0713794
-0.0338223 -0.501588 0.0864352 0.860113
0.032613 -0.433659 0.620009 -0.653043
0 0 0 0
0.363795 -0.0666476 0.928816 -0.0226244
0 0 0 0
0 0 0 0
0 0 0 0
0 0 0 0
