7628595
0 0.188025 -0.357987 1.92428 2 551.328 375.598 294.042 272.229
1 0.174392 -0.0620845 1.89762 2 547.13 297.76 291.803 215.812
2 0.160392 0.224956 1.85702 2 543.398 219.863 289.812 159.354
3 0.237771 0.333014 1.85189 2 572.514 189.943 305.341 137.668
4 0.0623697 0.104457 1.76578 2 508.226 251.302 271.054 182.14
5 0.0062038 -0.114338 1.7307 2 486.419 314.611 259.424 228.026
6 0.0708249 -0.33575 1.72318 2 512.285 380.031 273.219 275.441
7 0.0972387 -0.406173 1.72941 2 522.765 400.496 278.808 290.274
8 0.284102 0.103367 1.97501 2 582.967 254.703 310.916 184.605
9 0.330161 -0.17966 2.05889 2 594.425 325.444 317.027 235.878
10 0.35232 -0.417033 2.06543 2 601.785 383.84 320.952 278.202
11 0.380016 -0.472839 2.07505 2 610.578 397.144 325.642 287.845
12 0.1343 -0.353525 1.84597 2 534.11 378.36 284.859 274.23
13 0.0521623 -0.671823 1.83432 2 503.662 467.963 268.62 339.173
14 -0.0317793 -0.883582 1.90948 2 472.411 517.435 251.952 375.03
15 0.0527849 -0.91956 1.91178 1 503.109 526.729 268.325 381.766
16 0.235087 -0.34971 1.93372 2 567.801 372.989 302.827 270.338
17 0.204999 -0.684894 1.98289 2 555.583 457.301 296.311 331.446
18 0.115019 -0.90939 2.01189 2 523.619 511.962 279.263 371.063
19 0.200611 -0.803185 1.98007 1 554.228 488.239 295.588 353.869
20 0.164023 0.154466 1.86952 2 544.296 239.397 290.291 173.512
21 0.120092 -0.471097 1.7184 2 532.261 420.646 283.873 304.879
22 0.0616952 -0.398421 1.74633 2 508.332 397.043 271.11 287.772
23 0.388745 -0.522405 2.062 2 614.406 410.205 327.683 297.311
24 0.382789 -0.444402 2.03269 2 614.143 392.428 327.543 284.427
1
0
0.349426 -0.0371967 0.935608 -0.0340043
0.353104 -0.0373302 0.934226 -0.0338577
0.356192 -0.0550426 0.92996 -0.0726076
0 0 0 0
-0.219906 0.747568 -0.537453 0.322377
-0.0639515 0.983633 -0.13172 0.105004
-0.120822 -0.423327 -0.0753781 0.894715
-0.178513 -0.427923 -0.0396958 0.885121
0.226629 0.764989 0.544413 0.258934
0.0636401 0.77604 0.149305 0.609442
1.87996e-005 0.958081 0.0484932 0.282362
0.00893274 0.928436 0.239341 0.283976
0.331151 -0.607761 0.643275 -0.327358
-0.0670377 0.907899 -0.108026 -0.399444
0.157354 0.970008 -0.183954 -0.0220139
0 0 0 0
0.105411 0.643083 0.757533 0.038418
0.0702278 0.408273 0.0479978 0.908888
0.197288 0.376818 -0.0163847 0.904885
0 0 0 0
0.356786 -0.0452449 0.931658 -0.0516734
0 0 0 0
0 0 0 0
0 0 0 0
0 0 0 0
