7620709
0 0.0656271 -0.356077 1.89655 2 507.801 376.409 270.827 272.816
1 0.0490573 -0.0645302 1.86175 2 502.056 298.73 267.763 216.516
2 0.0330001 0.218695 1.81245 2 496.479 220.145 264.789 159.558
3 0.0909393 0.342005 1.8043 2 518.692 185.084 276.636 134.146
4 -0.059571 0.0953045 1.72026 2 460.165 253.202 245.421 183.517
5 -0.133084 -0.135291 1.67831 2 429.43 321.999 229.03 233.381
6 -0.111116 -0.377704 1.6515 2 437.523 397.355 233.346 287.998
7 -0.0972257 -0.430841 1.63717 2 442.928 414.998 236.228 300.785
8 0.191356 0.113845 1.97767 2 550.489 252.084 293.594 182.707
9 0.331325 -0.0202056 2.07197 2 594.043 286.151 316.823 207.398
10 0.544493 0.0379599 2.08035 2 664.736 271.937 354.526 197.096
11 0.54118 0.0363849 2.07698 2 663.92 272.307 354.091 197.365
12 0.0174981 -0.350048 1.81876 2 490.586 378.805 261.646 274.553
13 -0.0109345 -0.675695 1.81804 2 479.789 470.741 255.887 341.186
14 -0.0685718 -0.899613 1.88473 2 458.718 524.858 244.65 380.41
15 0.00442022 -0.937806 1.88252 1 485.585 535.438 258.979 388.078
16 0.111322 -0.348081 1.90493 2 524.226 373.865 279.587 270.972
17 0.149367 -0.713313 1.96585 2 536.611 466.244 286.193 337.927
18 0.0749785 -0.939673 2.00995 2 509.836 519.869 271.912 376.794
19 0.13183 -0.856668 1.95173 1 530.815 505.279 283.102 366.219
20 0.0369634 0.149139 1.82714 2 497.86 239.933 265.525 173.9
21 -0.0941472 -0.497777 1.62091 2 443.771 437.556 236.678 317.135
22 -0.127217 -0.422204 1.6105 2 429.375 414.505 229 300.428
23 0.54331 0.0382248 2.06577 2 665.625 271.806 355 197.001
24 0.533106 0.0421828 2.05325 2 663.28 270.77 353.749 196.25
0
0
0.360093 -0.0477257 0.930602 -0.0451044
0.371604 -0.0482813 0.926066 -0.0445092
0.382645 -0.0657666 0.917625 -0.0849781
0 0 0 0
-0.221197 0.744176 -0.52536 0.348239
-0.0749561 0.98173 -0.158126 0.0747304
-0.0324569 0.915197 0.0630807 -0.396713
-0.0683122 0.902755 0.16514 -0.391275
0.267012 0.716481 0.589866 0.259647
-0.357732 0.0104412 0.247073 0.900485
0.696844 0.31249 0.382012 -0.520409
0.282003 0.219607 -0.512147 0.780994
0.347229 -0.592785 0.64212 -0.340177
-0.0184978 0.914944 -0.0394212 -0.401224
0.133027 0.980489 -0.1306 -0.0623596
0 0 0 0
0.109594 0.643898 0.756835 0.0241912
-0.0136454 0.403082 0.0959767 0.910015
0.179465 0.37119 0.0267718 0.910656
0 0 0 0
0.383258 -0.0566548 0.919734 -0.0631804
0 0 0 0
0 0 0 0
0 0 0 0
0 0 0 0
