7549343
0 1.05446 -1.09443 3.13361 2 717.369 459.478 382.597 333.023
1 1.09805 -0.851389 3.20764 2 721.425 416.699 384.76 302.018
2 1.13264 -0.609062 3.26653 2 724.365 376.338 386.328 272.765
3 1.14507 -0.491847 3.27708 2 726.155 357.763 387.283 259.302
4 0.968569 -0.690558 3.30368 2 687.075 387.774 366.44 281.053
5 0.869521 -0.888021 3.35131 2 663.76 416.334 354.005 301.753
6 0.80247 -1.07395 3.26969 2 654.165 448.831 348.888 325.306
7 0.807819 -1.07352 3.25919 1 655.857 449.308 349.79 325.652
8 1.26006 -0.698455 3.18995 2 757.997 392.987 404.265 284.832
9 1.33502 -0.87476 3.09546 2 782.95 425.373 417.573 308.305
10 1.31367 -1.02307 2.93836 2 793.295 458.483 423.091 332.302
11 1.30803 -1.07349 2.88943 1 796.842 470.163 424.982 340.768
12 0.977542 -1.0843 3.13855 2 700.034 457.576 373.351 331.645
13 0.799162 -0.832481 2.74572 2 685.838 435.958 365.78 315.977
14 0.724266 -1.21034 2.62126 1 675.377 516.599 360.201 374.424
15 0.693191 -1.09874 2.51623 2 674.939 503.965 359.968 365.267
16 1.11029 -1.08276 3.06582 2 735.079 461.418 392.042 334.43
17 1.01477 -0.840792 2.66348 2 748.199 442.316 399.04 320.585
18 0.942797 -1.2194 2.54002 1 740.117 525.009 394.729 380.52
19 0.915773 -1.09299 2.45814 1 741.535 507.428 395.485 367.777
20 1.12502 -0.669796 3.25421 2 723.687 386.236 385.966 279.938
21 0.824299 -1.10781 3.24792 2 660 455.307 352 330
22 0.789266 -1.07148 3.23243 2 653.298 450.378 348.426 326.428
23 1.30585 -1.07253 2.87518 1 797.825 470.903 425.507 341.304
24 1.30573 -1.06604 2.86717 1 798.669 470.282 425.957 340.854
0
0
-0.246854 0.0465645 0.954188 0.162541
-0.213856 0.0521331 0.962122 0.160841
-0.182794 0.0421118 0.976195 0.108887
0 0 0 0
0.00695106 0.717613 -0.661202 -0.218622
-0.0662484 0.730813 -0.24233 -0.634664
-0.228269 0.943056 -0.114673 -0.213047
-0.566319 0.680754 0.444766 -0.134311
-0.230269 0.768653 0.594028 -0.0572704
-0.281849 0.892265 0.088813 0.341374
-0.286535 0.740126 -0.276285 0.542013
-0.276088 0.745437 -0.257135 0.549528
0.0892315 -0.648408 0.74645 0.120073
0.738719 -0.278375 -0.45425 0.412867
0.166852 -0.565098 -0.0738646 0.804592
0 0 0 0
-0.424839 0.632948 0.620765 -0.183137
0.501638 -0.373641 0.707728 -0.32844
-0.077992 0.81558 -0.161644 0.550107
0 0 0 0
-0.181653 0.0479312 0.972827 0.135326
0 0 0 0
0 0 0 0
0 0 0 0
0 0 0 0
