7546967
0 1.05001 -1.08249 3.11858 2 717.508 458.386 382.671 332.232
1 1.10304 -0.851604 3.20975 2 722.35 416.645 385.253 301.979
2 1.15159 -0.615523 3.27613 2 727.69 377.074 388.102 273.298
3 1.16777 -0.498366 3.28319 2 730.528 358.643 389.615 259.94
4 0.979897 -0.687183 3.2964 2 689.921 387.496 367.958 280.852
5 0.874102 -0.887394 3.34619 2 664.99 416.449 354.661 301.837
6 0.798891 -1.07464 3.27703 2 653.023 448.56 348.279 325.11
7 0.807546 -1.06895 3.25552 1 655.991 448.78 349.862 325.27
8 1.28137 -0.705136 3.20352 2 761.453 393.579 406.108 285.261
9 1.37588 -0.887898 3.17525 2 784.359 423.861 418.325 307.209
10 1.38625 -1.09081 3.118 1 791.594 459.341 422.183 332.924
11 1.39119 -1.15941 3.10235 1 793.93 471.303 423.429 341.594
12 0.971799 -1.07241 3.12869 2 699.443 456.192 373.036 330.642
13 0.801375 -0.832449 2.74221 2 686.658 436.152 366.218 316.117
14 0.716736 -1.20787 2.61266 1 674.014 516.897 359.474 374.64
15 0.691448 -1.0919 2.51168 2 674.813 502.988 359.9 364.559
16 1.10667 -1.07054 3.04476 2 735.994 460.616 392.53 333.848
17 1.01483 -0.844517 2.66569 2 747.992 442.895 398.929 321.004
18 0.927462 -1.22298 2.53782 1 736.209 525.975 392.645 381.22
19 0.906063 -1.0956 2.45596 1 739.048 508.186 394.159 368.326
20 1.14018 -0.674451 3.26046 2 726.467 386.77 387.449 280.325
21 0.791736 -1.07898 3.23997 2 653.436 451.167 348.499 327
22 0.790813 -1.06152 3.24647 2 652.887 448.071 348.206 324.755
23 1.3874 -1.16127 3.10045 1 793.28 471.727 423.083 341.901
24 1.38321 -1.15194 3.084 1 793.987 471.204 423.46 341.522
0
0
-0.269499 0.0520673 0.939236 0.206142
-0.205164 0.0659313 0.955354 0.202135
-0.146296 0.0731108 0.97651 0.140286
0 0 0 0
-0.0342165 0.707148 -0.678372 -0.196425
-0.0718644 0.726573 -0.251151 -0.635493
-0.188511 0.961545 -0.159869 -0.119738
-0.0962813 0.298696 0.78098 -0.539983
-0.222881 0.7736 0.592898 -0.0183864
-0.10734 0.956699 0.220195 0.157225
-0.13574 0.989354 0.0306511 -0.0425976
-0.110121 0.992276 0.0398569 -0.0409125
0.099062 -0.638352 0.744065 0.170469
0.738413 -0.287755 -0.449136 0.412577
0.18092 -0.569557 -0.0707157 0.798669
0 0 0 0
-0.457738 0.638229 0.595149 -0.17011
0.488133 -0.370533 0.715834 -0.334682
-0.0699481 0.80953 -0.179869 0.554451
0 0 0 0
-0.146051 0.0788646 0.974619 0.150223
0 0 0 0
0 0 0 0
0 0 0 0
0 0 0 0
