7576777
0 0.095995 -0.339226 1.96237 2 517.652 368.831 276.081 267.324
1 0.0717188 -0.044244 1.94663 2 509.264 292.699 271.607 212.144
2 0.0461998 0.242009 1.91769 2 500.528 217.334 266.948 157.521
3 0.112188 0.35432 1.91831 2 524.258 187.549 279.605 135.933
4 -0.0272064 0.116575 1.81038 2 473.631 248.655 252.603 180.222
5 -0.0667164 -0.105822 1.76263 2 457.949 311.566 244.24 225.819
6 -0.0204473 -0.326161 1.75053 2 475.909 375.672 253.818 272.282
7 0.0118453 -0.410738 1.75026 2 488.627 400.372 260.601 290.184
8 0.160329 0.12386 2.04943 1 537.735 250.639 286.792 181.66
9 0.216001 -0.165638 2.10856 2 554.423 320.973 295.692 232.637
10 0.291065 -0.374719 2.09983 2 579.579 371.798 309.109 269.474
11 0.311373 -0.423389 2.08514 2 587.063 384.376 313.1 278.591
12 0.0510198 -0.334712 1.87881 2 502.662 371.512 268.087 269.267
13 0.00562864 -0.66437 1.86069 2 486.052 463.227 259.228 335.74
14 -0.0416017 -0.886455 1.8922 2 468.704 520.363 249.976 377.152
15 0.0325824 -0.818687 1.83578 1 496.27 508.872 264.677 368.824
16 0.137366 -0.331741 1.9769 2 531.823 366.273 283.639 265.47
17 0.141545 -0.70196 2.04609 2 531.872 456.066 283.665 330.551
18 0.0912876 -0.940948 2.05421 2 514.787 515.05 274.553 373.302
19 0.153551 -0.860008 2.04014 2 536.166 496.382 285.955 359.771
20 0.0526705 0.171681 1.92719 2 502.742 236.153 268.129 171.161
21 0.0331831 -0.474975 1.74644 2 497.085 419.488 265.112 304.039
22 0.0431682 -0.421581 1.72656 2 501.216 405.242 267.315 293.714
23 0.33985 -0.476573 2.07454 2 597.184 398.048 318.498 288.5
24 0.280119 -0.438592 2.07361 2 577.226 388.671 307.854 281.703
1
2
0.411133 -0.0483107 0.910264 -0.00735378
0.417874 -0.0483639 0.907189 -0.0069952
0.424915 -0.0696954 0.901613 -0.0410354
0 0 0 0
-0.279967 0.742601 -0.490082 0.36053
-0.0864331 0.973377 -0.104325 0.184888
-0.073226 0.87209 0.0775554 0.47758
-0.0899977 0.857904 0.157455 0.480737
0.246353 0.729269 0.546322 0.330167
-0.0365835 0.460649 0.131324 0.877051
-0.12386 -0.599525 -0.120125 0.781536
-0.0726266 -0.573396 -0.22408 0.784685
0.384064 -0.599697 0.613394 -0.341477
-0.0493025 0.935071 -0.0545475 -0.34675
0.0314851 0.937546 -0.120787 -0.324694
0 0 0 0
0.136918 0.636881 0.751928 0.101194
0.027221 0.35016 0.0883082 0.932121
0.103065 0.33149 -0.0187123 0.937626
0 0 0 0
0.425046 -0.0587327 0.903001 -0.0218179
0 0 0 0
0 0 0 0
0 0 0 0
0 0 0 0
