7502101
0 0.147457 -0.370748 1.7682 2 541.485 387.646 288.792 280.961
1 0.129281 -0.0646056 1.75095 2 534.698 299.87 285.172 217.341
2 0.107464 0.229232 1.72044 2 526.943 213.738 281.036 154.914
3 0.180004 0.336889 1.72666 2 555.862 182.184 296.46 132.044
4 0.047545 0.0966928 1.60844 2 504.266 250.817 268.942 181.789
5 0.0289856 -0.133706 1.55754 2 496.747 324.626 264.932 235.284
6 0.12569 -0.417234 1.56707 2 539.386 416.607 287.672 301.951
7 0.13049 -0.458701 1.58039 2 541.062 428.925 288.567 310.879
8 0.24257 0.106092 1.81845 1 575.753 251.668 307.068 182.405
9 0.317935 -0.112558 1.94324 1 596.635 310.565 318.206 225.093
10 0.373512 -0.29039 2.06319 2 608.859 352.666 324.725 255.608
11 0.405539 -0.353377 2.08733 2 618.13 367.243 329.669 266.173
12 0.0968612 -0.35746 1.6896 2 523.495 388.582 279.198 281.639
13 0.075662 -0.695903 1.6628 2 515.518 494.819 274.943 358.638
14 -0.021287 -0.914402 1.71154 1 475.339 553.604 253.514 401.245
15 0.0234675 -0.783637 1.64903 1 493.829 523.79 263.375 379.636
16 0.192304 -0.369454 1.77736 2 558.617 386.759 297.929 280.318
17 0.199583 -0.72964 1.84727 2 558.886 482.78 298.072 349.912
18 0.080167 -0.767008 1.62164 2 518.251 522.652 276.4 378.811
19 0.155306 -0.689904 1.51088 2 555.268 514.312 296.143 372.766
20 0.113409 0.15731 1.73022 2 529.027 235.208 282.148 170.475
21 0.149387 -0.525651 1.61037 2 548.19 447.527 292.368 324.361
22 0.104328 -0.47852 1.54238 2 530.762 439.184 283.073 318.315
23 0.432123 -0.416184 2.09117 2 626.804 382.448 334.296 277.193
24 0.384867 -0.371701 2.10013 2 610.502 371.143 325.601 268.999
0
0
0.360108 -0.0377476 0.932017 -0.0155358
0.371637 -0.0379374 0.92748 -0.0150665
0.383271 -0.0636846 0.920268 -0.0464206
0 0 0 0
-0.315959 0.750153 -0.44681 0.371214
-0.094123 0.958681 -0.0664351 0.260111
0.0699405 0.929477 0.148716 -0.330249
0.163703 0.939488 0.00586583 -0.300882
0.167168 0.770978 0.562551 0.247354
0.28948 0.795127 -0.0136044 -0.532719
-0.237893 -0.391406 0.205288 0.864908
-0.270523 -0.363999 0.0710939 0.888407
0.363738 -0.576368 0.661861 -0.312146
-0.0487127 0.912818 -0.0125098 -0.405259
0.0192817 0.903615 -0.227624 -0.362347
0 0 0 0
0.0874817 0.694861 0.71167 0.0551474
-0.0580513 -0.515173 0.0767165 0.85167
0.0452993 -0.399399 0.652326 -0.642573
0 0 0 0
0.383695 -0.0507076 0.921603 -0.029232
0 0 0 0
0 0 0 0
0 0 0 0
0 0 0 0
