7570076
0 0.86075 -0.342214 2.61682 2 711.808 347.87 379.631 252.131
1 0.886735 -0.0576322 2.61157 2 719.07 292.455 383.504 211.967
2 0.909533 0.223041 2.59198 2 727.075 237.34 387.774 172.021
3 0.909601 0.362273 2.56518 2 729.75 209.176 389.2 151.608
4 0.776623 0.146835 2.67866 2 684.435 253.319 365.032 183.602
5 0.744264 -0.0947761 2.78309 2 668.714 298.523 356.647 216.366
6 0.712612 -0.304078 2.75984 1 662.414 337.245 353.288 244.431
7 0.706719 -0.337952 2.74224 1 662.104 343.897 353.122 249.252
8 0.999109 0.121475 2.49397 2 761.761 256.356 406.272 185.804
9 1.00598 -0.0352126 2.33485 2 782.834 288.909 417.512 209.397
10 0.846459 -0.185582 2.24617 2 745.195 323.357 397.438 234.365
11 0.787405 -0.244694 2.22789 2 728.879 337.218 388.736 244.411
12 0.796838 -0.336401 2.61578 2 694.835 346.721 370.579 251.299
13 0.727019 -0.645975 2.57464 2 679.674 409.175 362.493 296.564
14 0.680982 -0.928525 2.57551 2 667.389 465.255 355.941 337.211
15 0.617031 -1.00342 2.47311 2 657.034 488.322 350.418 353.929
16 0.902838 -0.339257 2.55097 2 729.263 349.04 388.94 252.979
17 0.951541 -0.626956 2.52282 2 745.624 408.078 397.666 295.769
18 0.941773 -0.919671 2.60029 2 735.097 461.675 392.052 334.616
19 0.956585 -0.995735 2.55331 2 743.481 479.997 396.523 347.896
20 0.90463 0.153639 2.59897 2 725.062 251.079 386.7 181.978
21 0.69658 -0.38878 2.72143 2 660.935 353.895 352.499 256.498
22 0.702411 -0.348072 2.72914 2 661.877 346.088 353.001 250.84
23 0.745072 -0.291801 2.22227 2 716.241 348.152 381.995 252.336
24 0.786762 -0.254068 2.1889 2 733.082 340.41 390.977 246.724
1
3
-0.270697 0.0462962 0.961545 0.00348057
-0.303159 0.0461515 0.951808 0.00504904
-0.3377 0.0500112 0.939262 -0.0352777
0 0 0 0
0.187761 0.694399 -0.664985 -0.200877
-0.0925082 -0.669586 0.189504 0.712169
0.0673005 0.122885 -0.0636238 0.98809
0.0529872 0.104232 -0.242223 0.963149
-0.268594 0.722107 0.562892 -0.299285
-0.380878 0.914918 0.0653347 -0.116573
-0.098752 0.870702 -0.415108 0.244566
-0.024657 0.893746 -0.392219 0.216273
-0.0013025 -0.674221 0.738428 -0.0121982
0.127637 -0.48704 -0.00243896 0.863999
0.067788 -0.524748 0.0437569 0.847426
0 0 0 0
-0.366063 0.6187 0.620405 -0.313538
-0.0828321 0.868776 0.0493041 0.485732
0.0916078 0.605333 0.0922094 0.785288
0 0 0 0
-0.337052 0.0497271 0.940072 -0.0137176
0 0 0 0
0 0 0 0
0 0 0 0
0 0 0 0
