7624619
0 0.911976 -0.352589 2.60853 2 726.26 350.145 387.339 253.78
1 0.926641 -0.0702397 2.55589 2 735.16 295.222 392.086 213.973
2 0.936416 0.206107 2.49168 2 744.477 239.016 397.055 173.236
3 0.927188 0.346618 2.46887 2 744.372 209.573 396.999 151.896
4 0.829157 0.138903 2.61056 2 703.769 254.114 375.344 184.178
5 0.813931 -0.100073 2.75411 2 688.328 299.701 367.108 217.219
6 0.784514 -0.343233 2.75343 2 681.075 344.671 363.24 249.813
7 0.769738 -0.370697 2.75591 2 677.181 349.685 361.163 253.447
8 0.980967 0.12285 2.3977 2 767.705 255.063 409.443 184.866
9 0.961979 -0.00620313 2.21409 2 785.358 282.641 418.858 204.854
10 0.724157 -0.126945 2.08994 2 723.963 312.17 386.113 226.257
11 0.624061 -0.166005 2.05828 2 693.734 322.273 369.992 233.579
12 0.858445 -0.34897 2.61458 2 711.396 349.245 379.411 253.128
13 0.852589 -0.657599 2.65922 2 706.294 407.4 376.69 295.278
14 0.918699 -0.947871 2.68206 2 721.534 461.583 384.818 334.549
15 0.877207 -1.02272 2.63785 2 714.526 479.018 381.08 347.186
16 0.941887 -0.347415 2.53594 2 741.482 351.108 395.457 254.478
17 0.943521 -0.616758 2.4342 2 752.863 410.557 401.527 297.566
18 0.907394 -0.889183 2.35444 2 750.94 473.728 400.502 343.351
19 0.872282 -0.923833 2.24781 2 752.481 490.482 401.323 355.495
20 0.934787 0.137877 2.50985 2 742.096 253.194 395.784 183.511
21 0.763192 -0.407515 2.74185 2 676.554 356.885 360.829 258.666
22 0.743112 -0.359903 2.73387 2 671.953 348.21 358.375 252.378
23 0.542878 -0.169586 2.03781 2 668.068 323.532 356.303 234.491
24 0.553479 -0.13613 2.01621 2 673.697 315.551 359.305 228.707
0
0
-0.360001 0.0571351 0.928056 -0.0764642
-0.40631 0.0609157 0.908736 -0.0734879
-0.454102 0.0697412 0.881383 -0.109964
0 0 0 0
0.300869 0.668019 -0.642647 -0.224128
-0.155082 -0.636505 0.219016 0.723079
0.0495212 -0.585886 0.0341849 0.808156
0.168448 -0.589862 0.180831 0.768757
-0.360962 0.616875 0.555183 -0.425373
-0.461977 0.883779 -0.00918698 -0.0736697
-0.454458 0.732613 -0.297087 -0.41047
-0.437443 0.692635 -0.366458 -0.441146
-0.105362 -0.682645 0.722777 -0.022098
-0.0202806 -0.401667 0.0694662 0.912922
-0.117914 -0.348701 -0.00307606 0.929782
0 0 0 0
-0.392408 0.559243 0.615542 -0.392902
-0.162249 0.881734 -0.0770505 0.436215
-0.0756376 0.795236 -0.135133 0.586189
0 0 0 0
-0.454436 0.0667323 0.883928 -0.0877847
0 0 0 0
0 0 0 0
0 0 0 0
0 0 0 0
