515034
0 -0.209123 -0.117168 2.4319 2 424.844 305.582 226.583 221.482
1 -0.251735 0.155725 2.32806 2 409.58 247.354 218.442 179.279
2 -0.288669 0.420008 2.21237 2 393.932 184.826 210.097 133.959
3 -0.264986 0.539138 2.19784 2 400.649 156.487 213.68 113.42
4 -0.322769 0.276355 2.15528 2 380.744 216.183 203.064 156.687
5 -0.300635 0.0423303 2.14135 2 387.352 271.202 206.588 196.563
6 -0.210457 -0.162423 2.22685 2 418.961 318.122 223.446 230.57
7 -0.170128 -0.224865 2.29591 2 432.992 330.779 230.929 239.744
8 -0.169876 0.352215 2.47472 2 436.703 209.116 232.908 151.564
9 -0.0137023 0.310392 2.60984 1 480.346 221.025 256.185 160.196
10 0.0273432 0.432137 2.4208 2 491.737 190.731 262.26 138.239
11 0.04356 0.48692 2.39337 2 496.503 178.01 264.802 129.019
12 -0.224938 -0.127244 2.33887 2 417.829 308.737 222.842 223.768
13 -0.204935 -0.556243 2.55062 2 428.517 391.939 228.543 284.072
14 -0.251893 -0.902188 2.7452 2 420.418 448.669 224.223 325.19
15 -0.168975 -0.932514 2.70007 2 440.61 457.239 234.992 331.401
16 -0.17394 -0.0966039 2.43845 2 434.936 301.245 231.966 218.338
17 -0.157295 -0.460118 2.47429 2 440.144 375.518 234.743 272.17
18 -0.153435 -0.847501 2.78677 2 445.868 436.021 237.796 316.022
19 -0.0596725 -0.884905 2.73516 1 468.857 445.982 250.057 323.241
20 -0.280009 0.355152 2.24342 2 397.923 200.914 212.226 145.62
21 -0.130845 -0.298176 2.32962 2 445.311 346.015 237.499 250.787
22 -0.163371 -0.273831 2.27148 2 434.469 342.248 231.717 248.056
23 0.0557499 0.553861 2.35254 2 500.31 161.657 266.832 117.166
24 0.037859 0.515251 2.37229 2 494.963 170.987 263.98 123.929
0
2
0.510809 -0.156229 0.837548 -0.114807
0.508485 -0.15591 0.838961 -0.11524
0.505837 -0.166891 0.831784 -0.156244
0 0 0 0
-0.227797 0.762348 -0.367056 0.481875
-0.0477873 0.889288 0.0284541 0.453953
0.237924 0.912941 0.126313 -0.306553
0.425685 0.862174 0.105245 -0.253717
0.400743 0.617188 0.577643 0.353288
-0.406325 0.123825 0.485444 0.764141
0.831002 -0.48069 -0.275236 0.0511613
0.910729 -0.255443 -0.320571 -0.0505629
-0.460211 0.595126 -0.484892 0.445994
0.226127 0.948829 -0.0300296 -0.218375
0.226149 0.929718 -0.126803 -0.261537
0 0 0 0
0.219315 0.499579 0.837265 -0.0361835
0.00814574 0.552103 0.0535007 0.832018
0.0942991 0.278229 0.319299 0.900969
0 0 0 0
0.506603 -0.159197 0.836508 -0.135142
0 0 0 0
0 0 0 0
0 0 0 0
0 0 0 0
