525323
0 -0.200435 -0.140994 2.42929 2 427.236 310.571 227.859 225.097
1 -0.224652 0.140692 2.31187 2 417.136 250.417 222.472 181.499
2 -0.245899 0.414326 2.18145 2 406.208 184.813 216.644 133.95
3 -0.22553 0.534687 2.16298 2 411.923 155.544 219.692 112.737
4 -0.281377 0.273692 2.13874 2 393.322 216.339 209.772 156.8
5 -0.218602 0.0275128 2.12179 2 413.126 274.651 220.334 199.063
6 -0.151441 -0.157737 2.20844 2 436.817 317.341 232.969 230.004
7 -0.127656 -0.225537 2.28542 2 445.548 331.145 237.626 240.009
8 -0.138343 0.30154 2.30281 1 442.617 214.906 236.062 155.761
9 -0.0759564 0.0701345 2.41165 1 462.323 266.512 246.572 193.164
10 -0.0700711 0.329693 2.54287 2 465 215.578 248 156.248
11 -0.0471657 0.361717 2.54092 2 471.183 209.128 251.298 151.573
12 -0.234851 -0.134648 2.36962 2 415.805 309.963 221.763 224.657
13 -0.192407 -0.547676 2.54694 2 431.839 390.374 230.314 282.938
14 -0.229177 -0.897566 2.73824 2 426.006 448.222 227.203 324.865
15 -0.117603 -0.919648 2.69687 2 453.758 454.982 242.004 329.765
16 -0.159665 -0.143399 2.41882 2 438.588 311.194 233.914 225.549
17 -0.281864 -0.495581 2.72206 1 412.563 373.579 220.034 270.765
18 -0.333345 -0.836068 2.81389 2 401.977 432.512 214.388 313.479
19 -0.21535 -0.87175 2.76891 2 430.128 441.554 229.401 320.032
20 -0.241006 0.347118 2.21628 2 409.026 201.797 218.147 146.259
21 -0.0801043 -0.301785 2.31262 2 460.127 347.273 245.401 251.699
22 -0.110538 -0.28724 2.26841 2 450.431 345.316 240.23 250.28
23 -0.00426491 0.433257 2.5534 2 482.806 195.231 257.497 141.501
24 -0.0827147 0.341782 2.5482 2 461.623 213.305 246.199 154.6
0
0
0.237361 -0.0865752 0.950644 -0.18011
0.304201 -0.0991338 0.931411 -0.173515
0.375966 -0.122157 0.89535 -0.205122
0 0 0 0
-0.233234 0.792899 -0.352179 0.439184
-0.104654 0.767722 0.0750009 0.627715
0.241856 0.935292 0.105861 -0.235643
0.419706 0.889274 0.0437305 -0.176424
0.25379 0.787671 0.524282 0.200733
-0.22688 -0.590477 0.0946644 0.768701
0.936249 0.220364 -0.263752 -0.0728835
0.912096 -0.112213 -0.272519 -0.284996
0.305477 -0.54792 0.672724 -0.392313
0.196717 0.838224 -0.0623835 -0.504768
0.233548 0.950865 -0.0927087 -0.180877
0 0 0 0
0.0516484 0.688554 0.684696 -0.233275
0.278343 0.432115 0.236817 0.824451
0.0971692 0.193819 0.113458 0.969598
0 0 0 0
0.376909 -0.116808 0.900269 -0.183877
0 0 0 0
0 0 0 0
0 0 0 0
0 0 0 0
