536796
0 0.78824 0.242923 3.17805 2 655.253 242.365 349.468 175.663
1 0.791734 0.535477 3.04251 2 664.005 191.604 354.136 138.872
2 0.793792 0.81834 2.89881 2 673.813 137.185 359.367 99.4296
3 0.7738 0.932425 2.87624 2 670.562 115.748 357.633 83.8929
4 0.701635 0.74188 3.10685 2 640.281 159.581 341.483 115.662
5 0.655494 0.54072 3.32723 2 619.999 198.632 330.666 143.966
6 0.584157 0.352313 3.43085 2 601.31 229.129 320.699 166.07
7 0.525713 0.301609 3.42107 2 589.8 236.527 314.56 171.432
8 0.853362 0.660017 2.87152 2 689.926 163.988 367.961 118.856
9 0.707123 0.645192 2.62725 2 670.447 156.001 357.572 113.067
10 0.538575 0.784959 2.54351 2 630.707 123.823 336.377 89.7456
11 0.490827 0.846444 2.52572 2 618.677 110.252 329.961 79.9093
12 0.743528 0.253891 3.21477 2 643.609 241.095 343.258 174.742
13 0.745378 -0.0688465 3.40302 2 635.027 291.478 338.681 211.26
14 0.823679 -0.371585 3.55745 2 643.835 334.284 343.378 242.285
15 0.783552 -0.454693 3.55785 2 636.032 346.149 339.217 250.884
16 0.817157 0.224456 3.06896 2 667.954 244.021 356.242 176.863
17 0.937732 -0.0572843 3.22817 2 684.791 290.239 365.222 210.361
18 1.18212 -0.326494 3.46479 2 720.295 329.243 384.157 238.631
19 1.19283 -0.41564 3.47608 2 721.719 342.174 384.917 248.003
20 0.79383 0.748812 2.93645 2 671.303 151.17 358.028 109.566
21 0.50891 0.264966 3.43619 2 585.935 242.14 312.499 175.5
22 0.547074 0.286348 3.42943 2 593.842 238.888 316.716 173.143
23 0.484766 0.933589 2.52812 2 616.95 92.7406 329.04 67.2171
24 0.510581 0.865482 2.4753 2 627.001 102.788 334.4 74.499
3
0
-0.50437 0.115913 0.836216 -0.181436
-0.479278 0.110466 0.850845 -0.184803
-0.451099 0.114052 0.858026 -0.21747
0 0 0 0
0.432611 0.66221 -0.543108 -0.281706
-0.141785 -0.485497 0.383112 0.772926
0.247648 0.390121 0.15114 0.873861
0.360835 0.323715 -0.211474 0.848696
-0.105774 0.789532 0.365874 -0.481234
-0.501842 0.708625 -0.471331 0.154445
0.402644 -0.449321 0.797484 0.00288218
0.414133 -0.337474 0.844675 0.0336035
-0.372592 -0.62727 0.674024 0.115751
-0.0649691 -0.231113 0.252767 0.93727
-0.172688 -0.256011 0.190128 0.931927
0 0 0 0
-0.376255 0.586937 0.526968 -0.486047
0.202525 0.935345 0.225995 0.181767
0.165647 0.836237 0.402835 0.333155
0 0 0 0
-0.45228 0.11022 0.862063 -0.200355
0 0 0 0
0 0 0 0
0 0 0 0
0 0 0 0
