528496
0 0.89997 0.237889 3.13191 2 682.668 242.56 364.09 175.804
1 0.911422 0.516773 3.03097 2 692.209 194.323 369.178 140.843
2 0.920764 0.789439 2.91899 2 702.737 143.183 374.793 103.777
3 0.887671 0.920108 2.85553 2 699.617 116.719 373.129 84.5961
4 0.756752 0.728827 3.09313 2 653.364 161.152 348.461 116.801
5 0.718256 0.517413 3.21945 2 638.119 199.491 340.33 144.589
6 0.625891 0.31355 3.27164 2 615.878 232.58 328.468 168.571
7 0.593311 0.266998 3.25438 2 609.617 239.599 325.129 173.658
8 0.99338 0.736343 2.84504 2 726.172 149.095 387.292 108.062
9 0.954153 0.562328 2.62873 2 735.721 172.028 392.385 124.683
10 0.74764 0.645243 2.55007 2 687.206 152.134 366.51 110.265
11 0.685998 0.684157 2.53105 2 671.832 143.334 358.31 103.886
12 0.844381 0.241597 3.14432 2 669.547 242.136 357.092 175.497
13 0.810995 -0.0945338 3.33032 2 652.057 295.629 347.764 214.268
14 0.860671 -0.392989 3.50473 2 653.62 338.217 348.598 245.135
15 0.795869 -0.450579 3.43533 2 643.995 347.883 343.464 252.141
16 0.939333 0.230108 3.05104 2 696.993 242.809 371.729 175.985
17 1.05868 -0.0809609 3.17902 2 714.514 294.185 381.074 213.221
18 1.28459 -0.348563 3.43344 2 743.331 332.999 396.443 241.353
19 1.21588 -0.406629 3.36519 2 734.401 342.843 391.68 248.488
20 0.919874 0.722713 2.94871 2 700.259 156.16 373.472 113.182
21 0.566003 0.218375 3.25524 2 603.75 247.201 322 179.168
22 0.608187 0.240621 3.2738 2 612.003 243.933 326.401 176.799
23 0.621922 0.703226 2.49029 2 657.05 137.189 350.427 99.4327
24 0.688174 0.684908 2.4802 2 676.326 140.328 360.707 101.708
3
0
-0.364596 0.0821261 0.914806 -0.153149
-0.365789 0.0823259 0.91433 -0.153042
-0.367149 0.0838479 0.906586 -0.190454
0 0 0 0
0.338023 0.678168 -0.632272 -0.161432
-0.0321405 -0.385578 0.273671 0.880569
0.234577 0.336707 0.0379518 0.911132
0.23459 0.269017 -0.230249 0.905308
-0.24763 0.546014 0.701427 -0.385419
-0.400928 0.878122 -0.170091 0.198057
0.16805 -0.562425 0.804613 -0.0896368
0.160781 -0.4885 0.855813 -0.0556948
-0.197887 -0.682726 0.702367 -0.0375057
-0.0588037 -0.387297 0.24637 0.886479
-0.178506 -0.415465 0.202065 0.868732
0 0 0 0
-0.330303 0.605197 0.589748 -0.420516
0.113977 0.907447 0.226342 0.335138
0.190482 0.830727 0.39321 0.344956
0 0 0 0
-0.366159 0.0883896 0.911001 -0.167904
0 0 0 0
0 0 0 0
0 0 0 0
0 0 0 0
