534436
0 1.10008 0.295056 3.28864 2 715.625 235.488 381.667 170.678
1 1.10217 0.560362 3.15442 2 726.203 190.582 387.309 138.131
2 1.09944 0.818285 3.00925 2 737.425 142.393 393.294 103.204
3 1.0566 0.935113 2.93856 2 733.381 118.776 391.137 86.0871
4 1.00448 0.7788 3.17943 2 703.026 156.227 374.947 113.231
5 0.988251 0.54893 3.37693 2 686.566 198.398 366.169 143.796
6 0.940427 0.346752 3.46875 2 671.386 230.357 358.073 166.96
7 0.923914 0.315193 3.47884 2 667.509 235.133 356.005 170.421
8 1.19294 0.725298 2.91923 2 767.435 154.386 409.299 111.897
9 1.18496 0.475028 2.79159 2 778.44 194.342 415.168 140.856
10 1.03152 0.56223 2.63136 2 755.913 172.135 403.154 124.761
11 1.03255 0.587427 2.64018 2 755.277 167.627 402.814 121.494
12 1.04734 0.3027 3.29721 2 703.846 234.446 375.385 169.923
13 0.993591 -0.0373279 3.42654 2 684.429 286.753 365.029 207.835
14 1.01431 -0.342294 3.60777 2 678.372 329.489 361.799 238.809
15 0.941092 -0.398329 3.5485 2 667.297 338.314 355.892 245.205
16 1.13018 0.281337 3.21225 2 727.728 236.558 388.121 171.454
17 1.21746 -0.0625588 3.31291 2 738.609 290.84 393.925 210.796
18 1.28244 -0.340418 3.53613 2 735.31 330.307 392.165 239.402
19 1.22259 -0.411872 3.55008 2 722.572 340.362 385.372 246.69
20 1.10099 0.754935 3.04758 2 734.574 154.758 391.773 112.166
21 0.917328 0.276644 3.50716 2 664.684 241.105 354.498 174.749
22 0.92349 0.284639 3.42017 2 670.585 238.883 357.645 173.139
23 1.01932 0.643538 2.58518 2 757.497 154.132 403.999 111.713
24 1.00621 0.627952 2.6685 2 745.548 161.082 397.625 116.75
0
2
-0.376235 0.0930865 0.896989 -0.212585
-0.40261 0.0993354 0.885465 -0.209737
-0.42808 0.109739 0.862804 -0.245507
0 0 0 0
0.442258 0.621929 -0.613735 -0.202338
-0.151039 -0.474327 0.313825 0.808527
0.219261 0.965297 -0.0829109 0.115116
0.174212 0.951952 -0.208387 0.141462
-0.210418 0.629316 0.602895 -0.442948
-0.205977 0.882865 -0.111081 0.407165
0.78435 -0.263389 -0.260201 0.497712
0.985594 0.167789 0.0120709 -0.0174659
-0.231132 -0.647781 0.7193 -0.0978023
-0.00194639 -0.385563 0.194105 0.902031
-0.131425 -0.377446 0.231572 0.886925
0 0 0 0
-0.326778 0.600363 0.557509 -0.471131
0.0882457 0.921508 0.161178 0.342136
0.303475 0.922604 0.156293 0.179657
0 0 0 0
-0.429119 0.107586 0.868402 -0.223963
0 0 0 0
0 0 0 0
0 0 0 0
0 0 0 0
