5716632
0 -0.877759 -0.450958 3.08095 2 286.798 355.747 152.959 257.84
1 -0.88322 -0.131168 3.02481 2 282.052 303.275 150.428 219.81
2 -0.880852 0.186145 2.96792 2 278.679 249.29 148.629 180.682
3 -0.843832 0.301041 2.98399 2 288.385 229.87 153.805 166.606
4 -0.90426 0.0623168 2.85508 2 264.796 270.097 141.225 195.763
5 -0.919464 -0.166235 2.79438 2 256.154 311.517 136.615 225.783
6 -0.877186 -0.400035 2.79359 2 266.5 354.185 142.133 256.708
7 -0.87695 -0.482717 2.80977 2 267.745 368.787 142.797 267.292
8 -0.818511 0.123155 3.19022 2 306.761 261.592 163.606 189.598
9 -0.65635 0.190579 3.30647 2 347.105 251.971 185.123 182.625
10 -0.663181 0.360802 3.16165 2 339.192 223.256 180.903 161.813
11 -0.675857 0.423582 3.13775 2 335.223 212.618 178.786 154.102
12 -0.88552 -0.44209 2.98632 2 278.682 356.622 148.63 258.475
13 -0.958621 -0.763307 2.94934 2 258.525 413.296 137.88 299.551
14 -1.06399 -1.13341 2.97202 2 235.816 475.719 125.768 344.795
15 -0.994325 -1.19846 2.92792 2 248.634 489.923 132.605 355.09
16 -0.851733 -0.450627 3.11185 2 294.607 354.928 157.123 257.247
17 -0.88426 -0.826516 3.15195 2 289.483 414.969 154.391 300.764
18 -0.942186 -1.13948 3.15556 2 276.82 465.549 147.638 337.424
19 -0.879666 -1.20273 3.15666 2 290.636 475.709 155.006 344.788
20 -0.883029 0.108112 2.98389 2 279.307 262.773 148.964 190.455
21 -0.867421 -0.568236 2.84024 2 272.341 383.219 145.249 277.752
22 -0.857681 -0.453411 2.87757 2 277.587 361.49 148.046 262.003
23 -0.69941 0.490191 3.10154 2 328.13 200.846 175.003 145.571
24 -0.675645 0.468309 3.134 2 335.051 205.263 178.694 148.772
0
0
0.595569 -0.0586433 0.798559 -0.0645131
0.605013 -0.0594055 0.791428 -0.063812
0.614829 -0.0514446 0.782083 -0.0876658
0 0 0 0
-0.373502 0.621127 -0.441569 0.528881
-0.106467 0.913057 -0.080081 0.38546
-0.088878 0.120221 0.00911149 0.988719
0.0087006 0.104187 0.0961251 0.989863
0.442799 0.556238 0.581925 0.394831
0.679326 0.0241112 -0.445633 -0.582535
0.93523 -0.345252 0.0774315 -0.0122493
0.974619 -0.186975 0.0963651 0.0766325
0.492488 -0.488182 0.551321 -0.463873
-0.0692985 0.984872 -0.103472 -0.120496
-0.00609899 0.957912 -0.141083 -0.249927
0 0 0 0
0.332283 0.652998 0.627442 0.263624
0.0498676 0.137774 0.046528 0.988113
0.0913572 -0.00304559 0.00598745 0.995796
0 0 0 0
0.61521 -0.0519166 0.783812 -0.0667827
0 0 0 0
0 0 0 0
0 0 0 0
0 0 0 0
