5697850
0 -0.876398 -0.449289 3.05616 2 285.495 356.078 152.264 258.08
1 -0.872236 -0.130838 3.00908 2 283.534 303.333 151.218 219.852
2 -0.863856 0.182258 2.95015 2 281.454 249.772 150.109 181.031
3 -0.814244 0.293874 2.97824 2 294.938 231.011 157.3 167.434
4 -0.911889 0.0598478 2.84359 2 262.027 270.493 139.748 196.05
5 -0.948026 -0.145605 2.76473 2 246.473 308.05 131.452 223.271
6 -0.891173 -0.396672 2.75995 2 260.288 354.47 138.82 256.915
7 -0.886652 -0.461518 2.77347 2 262.468 366.046 139.983 265.305
8 -0.775114 0.134144 3.13288 2 313.133 259.457 167.004 188.051
9 -0.599764 0.246556 3.18956 2 354.334 242 188.978 175.398
10 -0.494809 0.426893 3.11645 2 374.486 211.713 199.726 153.447
11 -0.487435 0.505774 3.1031 2 375.594 198.472 200.317 143.85
12 -0.893934 -0.443262 2.97428 2 275.868 357.137 147.13 258.848
13 -0.971626 -0.7645 2.91274 2 252.572 415.179 134.705 300.916
14 -1.06558 -1.1326 2.96702 2 235.034 475.901 125.351 344.927
15 -0.995932 -1.19869 2.93261 2 248.627 489.632 132.601 354.878
16 -0.837866 -0.445129 3.07297 2 295.338 354.947 157.514 257.261
17 -0.859798 -0.789871 3.11927 2 292.923 410.35 156.225 297.416
18 -0.878705 -1.13469 3.15942 2 291.007 464.556 155.204 336.703
19 -0.819521 -1.20249 3.15336 2 303.657 475.883 161.951 344.914
20 -0.866702 0.104723 2.96711 2 281.982 263.253 150.39 190.802
21 -0.869873 -0.525823 2.78362 2 267.426 377.525 142.627 273.625
22 -0.871821 -0.435875 2.84173 2 271.504 359.371 144.802 260.467
23 -0.479669 0.56548 3.09203 2 376.89 188.331 201.008 136.5
24 -0.471449 0.491173 3.10573 2 379.261 200.947 202.272 145.644
0
0
0.496474 -0.0308815 0.864925 -0.0668188
0.519136 -0.0326349 0.851516 -0.0659802
0.540623 -0.043295 0.834184 -0.0999435
0 0 0 0
-0.319267 0.652704 -0.486426 0.485218
-0.140693 0.919693 -0.139926 0.338808
-0.111487 0.072544 -0.00122076 0.991114
-0.0287891 0.0524963 0.104112 0.992762
0.417066 0.575653 0.634672 0.303102
0.756017 -0.10156 -0.434529 -0.478861
0.932066 -0.11806 0.1977 -0.279696
0.970952 -0.0712428 0.219455 -0.0633689
0.442436 -0.516261 0.583217 -0.444503
-0.118767 0.957598 -0.0900898 -0.246545
0.0407086 0.962584 -0.136907 -0.230284
0 0 0 0
0.201516 0.665195 0.713186 0.0909516
0.0477317 0.258397 0.0561603 0.963223
0.0332809 0.106778 0.0546129 0.992224
0 0 0 0
0.54173 -0.0381347 0.83585 -0.0801824
0 0 0 0
0 0 0 0
0 0 0 0
0 0 0 0
