5707962
0 -0.884667 -0.459795 3.06177 2 283.968 357.696 151.45 259.253
1 -0.87091 -0.138281 3.02031 2 284.591 304.504 151.782 220.7
2 -0.853378 0.178884 2.96869 2 285.196 250.552 152.104 181.597
3 -0.796035 0.282684 2.9872 2 299.767 233.08 159.876 168.933
4 -0.899797 0.0590606 2.86129 2 266.367 270.701 142.062 196.201
5 -0.92763 -0.150148 2.78818 2 253.601 308.647 135.254 223.703
6 -0.849315 -0.380892 2.79515 2 273.6 350.63 145.92 254.132
7 -0.844868 -0.460324 2.80611 2 275.459 364.803 146.912 264.404
8 -0.777444 0.130671 3.14588 2 313.33 260.108 167.109 188.523
9 -0.592946 0.258951 3.15974 2 354.592 239.638 189.116 173.687
10 -0.460178 0.421655 3.08815 2 381.24 211.954 203.328 153.622
11 -0.448794 0.512544 3.0672 2 383.03 196.395 204.283 142.344
12 -0.900849 -0.448745 2.9827 2 274.839 357.863 146.581 259.375
13 -0.961271 -0.765271 2.93921 2 257.116 414.097 137.129 300.132
14 -1.0629 -1.1351 2.96844 2 235.775 476.24 125.747 345.172
15 -0.991157 -1.19899 2.92789 2 249.377 490.022 133.001 355.161
16 -0.849324 -0.462148 3.07833 2 293.059 357.646 156.298 259.217
17 -0.878382 -0.817942 3.14332 2 290.254 413.939 154.802 300.017
18 -0.94105 -1.14052 3.15575 2 277.082 465.706 147.777 337.537
19 -0.876453 -1.20469 3.15074 2 290.981 476.391 155.19 345.282
20 -0.85866 0.100536 2.98375 2 285.001 264.069 152.001 191.394
21 -0.800147 -0.515476 2.80374 2 286.347 374.888 152.719 271.714
22 -0.898103 -0.482841 2.83568 2 264.534 368.016 141.085 266.733
23 -0.428459 0.579614 3.05544 2 387.188 184.882 206.5 134
24 -0.442694 0.485554 3.02783 2 383.125 199.83 204.333 144.834
0
0
0.498384 -0.0135793 0.864328 -0.0660853
0.527768 -0.0158405 0.846705 -0.0655801
0.555841 -0.0253418 0.825215 -0.0970529
0 0 0 0
-0.326387 0.638492 -0.490538 0.495148
-0.137508 0.932845 -0.112969 0.313257
-0.149368 -0.47913 -0.0664102 0.862388
-0.058681 -0.506643 0.0448426 0.858987
0.434929 0.567485 0.626741 0.309828
0.777539 -0.191175 -0.424645 -0.422566
0.115706 0.297367 0.923732 -0.211905
0.132812 0.045473 0.98285 -0.119581
0.448494 -0.489253 0.605539 -0.439098
-0.0887486 0.96118 -0.0735154 -0.250703
0.00558443 0.961992 -0.138693 -0.23517
0 0 0 0
0.193755 0.719721 0.657544 0.109983
0.0621803 0.257821 0.0764977 0.96115
0.0965353 0.0471537 0.0144309 0.994107
0 0 0 0
0.557072 -0.0213 0.826607 -0.077055
0 0 0 0
0 0 0 0
0 0 0 0
0 0 0 0
