1557217
0 1.47685 -0.196683 2.61038 2 875.33 319.565 466.843 231.616
1 1.46962 0.0889776 2.56685 2 879.958 263.568 469.311 191.031
2 1.45613 0.367857 2.51174 2 884.31 206.787 471.632 149.876
3 1.41947 0.486474 2.48062 2 878.925 181.605 468.76 131.625
4 1.36843 0.286871 2.66422 2 839.95 226.295 447.973 164.016
5 1.35612 0.0810447 2.7106 2 830.908 265.953 443.151 192.759
6 1.28005 -0.0686797 2.52269 2 835.792 295.102 445.756 213.886
7 1.26996 -0.13878 2.47921 2 839.082 309.767 447.51 224.515
8 1.52827 0.257497 2.43574 2 915.862 227.662 488.46 165.006
9 1.5532 0.0377189 2.41336 2 926.649 273.3 494.213 198.084
10 1.52145 -0.24389 2.34921 2 928.863 333.691 495.394 241.855
11 1.50093 -0.331466 2.3503 2 922.753 352.517 492.135 255.5
12 1.41736 -0.199518 2.62469 2 857.965 319.952 457.582 231.897
13 1.39358 -0.456223 2.61323 2 853.043 370.123 454.956 268.26
14 1.43979 -0.712852 2.66447 2 856.989 417.116 457.061 302.32
15 1.3538 -0.772636 2.59341 1 844.372 432.572 450.332 313.522
16 1.50063 -0.189198 2.53319 2 893.076 319.167 476.307 231.328
17 1.51526 -0.428987 2.40933 2 916.107 371.239 488.59 269.069
18 1.48483 -0.687248 2.47196 1 896.316 421.654 478.035 305.609
19 1.47478 -0.563841 2.40531 1 905.135 399.701 482.739 289.698
20 1.46067 0.299093 2.52756 2 883.266 221.045 471.075 160.21
21 1.23158 -0.171181 2.43239 2 835.011 317.116 445.339 229.841
22 1.28049 -0.175272 2.4851 2 841.132 317.186 448.604 229.892
23 1.50604 -0.402387 2.33615 2 926.238 368.166 493.994 266.841
24 1.46815 -0.36128 2.3778 2 909.001 358.176 484.801 259.601
2
0
-0.392731 0.0182238 0.916461 -0.0743641
-0.425058 0.0208555 0.901922 -0.0736693
-0.456973 0.0231153 0.881727 -0.114887
0 0 0 0
0.363183 0.670851 -0.575444 -0.294823
-0.0416419 -0.587242 0.106406 0.801305
0.021713 0.294715 -0.449979 0.842728
-0.0276491 0.308383 -0.278341 0.90921
-0.224689 0.705523 0.527397 -0.416658
-0.0630637 0.964683 0.0416405 0.252342
0.0880422 -0.32037 -0.0875215 0.939123
0.107095 -0.310965 0.0417538 0.943445
0.133521 0.722665 -0.677519 -0.0299218
0.0511139 -0.376974 -0.00317298 0.924807
-0.115869 -0.342058 0.0610195 0.930509
0 0 0 0
-0.412301 0.523782 0.613306 -0.423694
-0.167067 0.597511 -0.16883 0.765875
0.130994 0.918873 -0.00885807 0.372069
0 0 0 0
-0.457787 0.0237524 0.884016 -0.0915618
0 0 0 0
0 0 0 0
0 0 0 0
0 0 0 0
