1476146
0 0.135761 -0.0927241 2.11726 2 528.019 303.356 281.61 219.868
1 0.140226 0.235224 2.13601 2 529.114 225.471 282.194 163.418
2 0.143439 0.550227 2.14117 2 530.233 150.587 282.791 109.144
3 0.226594 0.655179 2.19036 2 555.539 128.908 296.288 93.4308
4 0.128372 0.39837 2.00779 2 528.038 180.55 281.62 130.86
5 0.236649 0.159294 1.92666 2 568.488 239.341 303.193 173.471
6 0.365228 0.0266178 2.03645 2 607.495 274.586 323.997 199.016
7 0.379934 -0.0133953 2.06998 2 610.402 284.491 325.548 206.195
8 0.311979 0.477066 2.43445 1 572.387 181.707 305.273 131.698
9 0.0891944 0.306783 2.32168 2 510.389 214.312 272.207 155.33
10 0.260256 0.111141 2.17634 2 566.218 255.361 301.983 185.082
11 0.365039 -0.00067157 2.074 1 605.181 281.375 322.763 203.937
12 0.108765 -0.0914552 2.0439 2 520.52 303.834 277.611 220.215
13 0.0217087 -0.462954 2.06409 2 491.212 395.06 261.98 286.334
14 0.274727 -0.753406 1.96639 1 580.846 476.732 309.785 345.529
15 0.285425 -0.838621 1.93299 1 586.397 502.691 312.745 364.343
16 0.158195 -0.0905882 2.11046 2 535.473 302.918 285.586 219.551
17 0.221153 -0.44295 2.00008 2 560.291 393.715 298.822 285.359
18 -0.0229159 -0.75395 2.00497 2 476.035 472.993 253.885 342.819
19 -0.0218566 -0.84028 1.96273 2 476.232 499.738 253.99 362.203
20 0.142823 0.473255 2.14221 2 529.957 169.048 282.644 122.524
21 0.395026 -0.0663043 2.12482 2 612.051 297.032 326.427 215.285
22 0.350931 0.00168901 2.0823 2 600.006 280.8 320.003 203.52
23 0.383236 -0.0262658 2.05909 2 612.187 287.678 326.5 208.505
24 0.374786 0.0028337 2.0284 2 611.25 280.503 326 203.304
0
1
0.448261 0.0188781 0.893421 0.0224648
0.498212 0.0201218 0.866559 0.0213579
0.553381 -0.000392815 0.832892 -0.0078174
0 0 0 0
-0.375078 0.694952 -0.342116 0.50923
-0.23789 0.817856 0.090878 0.516005
-0.342208 -0.0308771 0.272437 0.898731
-0.182651 -0.10733 0.312717 0.925919
0.33605 0.597984 0.626669 0.369826
0.379565 0.135584 -0.272447 0.873682
-0.239877 0.906831 0.337547 -0.0785967
-0.277427 0.892063 0.345882 -0.0873108
0.40967 -0.576491 0.58334 -0.399429
0.117575 0.16943 0.00664192 0.978481
-0.255297 -0.389944 -0.263407 0.844621
0 0 0 0
-0.129535 0.669561 0.727041 -0.0795029
-0.106615 0.146536 -0.135219 0.974103
0.310249 0.313574 -0.102173 0.891615
0 0 0 0
0.553703 0.0117501 0.832595 0.00782066
0 0 0 0
0 0 0 0
0 0 0 0
0 0 0 0
