1379404
0 1.46771 -0.194754 2.74756 2 854.024 317.345 455.479 230.007
1 1.48399 0.0953844 2.72959 2 860.508 263.401 458.938 190.909
2 1.49729 0.378044 2.70124 2 867.379 209.974 462.602 152.186
3 1.47604 0.491004 2.68793 2 863.659 188.268 460.618 136.454
4 1.39045 0.281981 2.83192 2 824.452 230.399 439.708 166.99
5 1.36821 0.0457411 2.88141 2 813.359 273.107 433.791 197.944
6 1.30312 -0.15456 2.83204 2 803.177 309.072 428.361 224.011
7 1.28209 -0.213936 2.78016 2 803.882 320.493 428.737 232.289
8 1.55376 0.262444 2.60449 2 895.726 230.031 477.72 166.724
9 1.5263 0.0244514 2.5759 2 893.303 276.385 476.428 200.32
10 1.5519 -0.223861 2.56177 2 901.862 325.57 480.993 235.968
11 1.53667 -0.290475 2.57066 2 896.45 338.587 478.107 245.403
12 1.40958 -0.197248 2.75843 2 838.218 317.689 447.049 230.257
13 1.36834 -0.458237 2.70582 2 834.362 367.559 444.993 266.402
14 1.37807 -0.72535 2.71743 2 834.722 417.068 445.185 302.285
15 1.33984 -0.800293 2.66016 2 832.05 434.207 443.76 314.707
16 1.49233 -0.1877 2.67345 2 870.266 316.965 464.142 229.732
17 1.56148 -0.444767 2.67167 2 887.284 365.747 473.218 265.088
18 1.57141 -0.69939 2.74418 1 878.492 410.423 468.529 297.469
19 1.56435 -0.578646 2.67188 2 887.438 391.033 473.3 283.416
20 1.49502 0.308331 2.71034 2 865.685 223.279 461.699 161.83
21 1.2541 -0.277751 2.76381 2 798.751 332.513 426.001 241.001
22 1.24825 -0.235384 2.75642 2 798.126 324.805 425.667 235.414
23 1.54927 -0.379873 2.5681 2 899.81 356.242 479.899 258.199
24 1.49438 -0.293289 2.5774 2 884.556 339.065 471.763 245.749
1
1
-0.385717 0.0377474 0.921675 -0.0176939
-0.418185 0.0383516 0.907405 -0.0163431
-0.452114 0.0437335 0.889457 -0.0504533
0 0 0 0
0.274045 0.694994 -0.586372 -0.31313
-0.013758 -0.515014 0.111797 0.849749
0.189928 -0.459752 -0.0309262 0.866948
0.287507 -0.45215 -0.231365 0.812016
-0.301278 0.720126 0.481668 -0.398304
0.0647224 -0.136972 -0.0510379 0.98714
-0.030884 -0.488326 -0.0497736 0.870693
0.0630737 -0.503092 0.112599 0.854542
0.0814529 0.720239 -0.687238 -0.0482203
0.109464 -0.387652 -0.0604586 0.913284
-0.0262418 -0.468707 0.0106443 0.8829
0 0 0 0
-0.439029 0.55166 0.593489 -0.388197
-0.0508193 0.923401 0.12081 0.360767
0.120663 0.916097 0.0699682 0.375913
0 0 0 0
-0.451926 0.0433774 0.890545 -0.0284787
0 0 0 0
0 0 0 0
0 0 0 0
0 0 0 0
