1384360
0 -0.015614 -0.161386 2.12415 2 478.905 319.628 255.416 231.662
1 0.0126534 0.2058 2.14833 2 488.005 232.756 260.269 168.698
2 0.0336745 0.547587 2.1658 2 494.693 152.746 263.836 110.708
3 0.127797 0.636801 2.2295 2 523.588 135.898 279.247 98.4969
4 -0.0133942 0.385123 2.01084 2 479.367 184.097 255.662 133.431
5 0.0141525 0.134226 1.91993 2 489.021 245.863 260.811 178.198
6 0.147037 -0.0366421 1.9181 2 536.635 290.871 286.205 210.819
7 0.171724 -0.0979214 1.92237 2 545.369 306.979 290.863 222.494
8 0.210311 0.360011 2.36383 1 545.235 204.022 290.792 147.872
9 -0.0127669 0.16894 2.384 1 480.277 245.381 256.148 177.849
10 0.13589 -0.0798734 2.40948 2 522.705 297.97 278.776 215.965
11 0.149751 -0.100809 2.41331 1 526.596 302.332 280.851 219.126
12 -0.054143 -0.145318 2.05628 2 465.863 316.944 248.461 229.717
13 0.0558875 -0.444707 1.97942 2 503.434 395.258 268.498 286.478
14 0.0177003 -0.786845 1.96873 2 490.191 485.141 261.435 351.624
15 0.102485 -0.831112 1.87754 1 521.825 507.186 278.307 367.602
16 0.0245742 -0.171347 2.11424 2 491.944 322.194 262.37 233.522
17 -0.100867 -0.511271 2.14831 2 451.549 402.087 240.826 291.428
18 -0.136241 -0.79894 2.12397 2 439.494 473.073 234.397 342.877
19 -0.049876 -0.842762 2.02989 1 466.915 493.103 249.021 357.394
20 0.0275513 0.464114 2.16387 2 492.737 172.373 262.793 124.934
21 0.204919 -0.152899 1.92752 2 557.093 321.366 297.116 232.922
22 0.114412 -0.139483 1.94816 2 524.323 317.423 279.639 230.064
23 0.153962 -0.123623 2.36216 2 528.75 307.677 282 223
24 0.146875 -0.0922128 2.40413 2 525.935 300.604 280.499 217.874
0
1
0.310386 0.0466402 0.949271 0.0192606
0.388136 0.0480784 0.92022 0.0153213
0.474895 0.0376928 0.879205 -0.00722175
0 0 0 0
-0.359828 0.722124 -0.383927 0.449066
-0.179679 0.956341 0.0104225 0.230258
-0.28206 -0.456481 -0.160517 0.828433
-0.180441 -0.497349 -0.0680005 0.845849
0.230309 0.755435 0.517304 0.329655
0.416264 -0.0206794 0.0472059 0.907782
-0.259803 0.0904729 0.0701842 0.958849
-0.277789 0.0828148 0.103412 0.951463
0.377297 -0.539907 0.677108 -0.328134
-0.0470159 0.907021 0.203812 -0.365462
-0.0356882 0.921715 -0.0452927 -0.383557
0 0 0 0
-0.100533 0.783063 0.610658 -0.0616597
0.1779 0.443235 -0.0365025 0.877817
0.0404541 0.379092 -0.0619805 0.922394
0 0 0 0
0.475685 0.0395733 0.878633 0.0126831
0 0 0 0
0 0 0 0
0 0 0 0
0 0 0 0
