1399439
0 0.0509766 -0.124116 2.09905 2 500.642 311.104 267.009 225.484
1 0.102374 0.217006 2.09518 2 517.556 228.802 276.03 165.832
2 0.151326 0.544828 2.07784 2 534.276 147.897 284.947 107.194
3 0.238104 0.646528 2.12359 2 561.559 126.156 299.498 91.4358
4 0.112902 0.384799 1.92553 2 524.382 179.826 279.67 130.335
5 0.129974 0.123912 1.82137 2 533.012 246.797 284.273 178.875
6 0.192754 -0.0813394 1.7782 2 558.501 304.358 297.867 220.595
7 0.188952 -0.14204 1.77483 2 557.196 321.724 297.171 233.181
8 0.300713 0.450269 2.26765 1 575.477 180.372 306.921 130.731
9 0.110925 0.221063 2.25614 1 517.762 231.636 276.14 167.887
10 0.156309 -0.0255843 2.09412 1 535.247 287.388 285.465 208.295
11 0.176303 -0.093407 2.08548 2 542.067 303.866 289.102 220.238
12 0.0187102 -0.115369 2.019 2 490.323 310.097 261.506 224.754
13 0.188341 -0.391532 1.93276 2 551.178 384.04 293.962 278.347
14 0.143176 -0.769579 1.94666 2 534.959 482.934 285.311 350.024
15 0.227895 -0.820575 1.86744 1 568.621 505.532 303.264 366.403
16 0.0812341 -0.128262 2.10163 2 510.516 312.069 272.275 226.183
17 0.127266 -0.501733 1.97475 2 528.47 410.344 281.851 297.412
18 -0.110382 -0.755601 2.0629 2 446.876 467.99 238.334 339.193
19 -0.138096 -0.835236 2.00517 2 436.187 493.815 232.633 357.91
20 0.13943 0.46469 2.08448 2 530.111 168.02 282.726 121.779
21 0.20185 -0.207721 1.78378 2 561.863 340.206 299.66 246.577
22 0.152638 -0.120394 1.84745 2 540.759 314.179 288.405 227.713
23 0.192312 -0.121551 2.06495 1 547.992 310.993 292.262 225.404
24 0.190993 -0.0963905 2.07598 1 547.206 304.7 291.843 220.842
0
1
0.4392 0.0645887 0.895261 -0.037948
0.475197 0.0629942 0.876685 -0.0405399
0.511803 0.0419611 0.854977 -0.0728718
0 0 0 0
-0.360619 0.675397 -0.38453 0.515683
-0.188763 0.932557 -0.0294801 0.306328
-0.12619 -0.169924 -0.123801 0.969472
0.0358717 -0.186849 -0.0213892 0.9815
0.342055 0.689148 0.594564 0.233595
0.313378 0.3078 -0.13026 0.888868
-0.17741 0.347691 -0.235551 0.890029
-0.154297 0.322108 -0.0116992 0.933971
0.369828 -0.527311 0.643152 -0.414157
-0.0738382 0.931985 0.287803 -0.207657
-0.00417449 0.931975 -0.062 -0.357156
0 0 0 0
0.0358014 0.753066 0.656565 0.0230755
-0.100358 0.265353 -0.14034 0.948589
0.368941 0.537276 -0.100255 0.751775
0 0 0 0
0.513541 0.0525109 0.854588 -0.056545
0 0 0 0
0 0 0 0
0 0 0 0
0 0 0 0
