1548747
0 0.0864434 -0.120823 2.05073 2 512.921 311.001 273.558 225.409
1 0.102221 0.220295 2.08461 2 517.678 227.736 276.095 165.06
2 0.116159 0.5478 2.10518 2 522.073 148.938 278.439 107.948
3 0.220672 0.628872 2.1645 2 554.482 133.317 295.724 96.6265
4 0.0606746 0.387095 1.94516 2 505.457 180.273 269.577 130.659
5 0.091164 0.148989 1.85224 2 517.788 240.526 276.153 174.33
6 0.201794 -0.035751 1.86215 2 558.467 290.924 297.849 210.858
7 0.220146 -0.0823784 1.87824 2 564.574 303.409 301.106 219.907
8 0.284904 0.474559 2.39851 1 565.913 180.758 301.82 131.011
9 0.257563 0.284692 2.21175 1 564.157 215.979 300.884 156.539
10 0.23255 0.0664368 2.0079 1 563.609 264.466 300.591 191.681
11 0.207065 -0.068937 1.88015 2 559.691 299.764 298.502 217.265
12 0.0560793 -0.115516 1.96924 2 503.522 310.868 268.545 225.313
13 0.18929 -0.365846 1.95356 1 550.766 376.227 293.742 272.684
14 0.194445 -0.760024 1.91332 2 554.437 483.927 295.7 350.743
15 0.286183 -0.794146 1.82827 1 592.552 502.957 316.028 364.536
16 0.113269 -0.121556 2.05467 2 521.841 311.127 278.315 225.501
17 0.0732288 -0.465026 1.96418 2 509.688 401.449 271.833 290.965
18 -0.0973061 -0.773851 2.02369 2 450.624 476.273 240.333 345.196
19 -0.0898982 -0.859687 1.97682 2 452.409 503.206 241.285 364.717
20 0.112894 0.467727 2.10232 2 521.005 168.262 277.869 121.954
21 0.252196 -0.147462 1.89141 2 575.736 320.7 307.059 232.439
22 0.176499 -0.0712805 1.87927 2 548.522 300.398 292.545 217.724
23 0.222327 -0.124071 1.86687 2 565.891 314.856 301.808 228.204
24 0.253237 -0.0839379 1.855 2 577.897 304.123 308.212 220.424
1
1
0.470071 0.0435916 0.880941 0.0327876
0.493648 0.0444597 0.867949 0.0316005
0.518797 0.0266653 0.854469 0.00467498
0 0 0 0
-0.330744 0.710871 -0.414405 0.462104
-0.193412 0.917018 -0.00896112 0.348696
-0.241835 -0.487054 -0.11403 0.831439
-0.236053 -0.52278 0.0359973 0.818342
0.344346 0.599872 0.625617 0.360808
0.214044 -0.402606 -0.315589 0.832164
-0.286558 0.788502 -0.231849 0.492337
-0.274509 0.791194 -0.253674 0.484052
0.412657 -0.560958 0.600146 -0.393529
0.0231531 0.948111 0.242368 -0.204467
-0.0452111 0.933504 0.024156 -0.354884
0 0 0 0
0.0191812 0.711562 0.697224 0.0848022
0.00838225 0.345635 -0.139546 0.927897
0.259452 0.430167 -0.0329093 0.864036
0 0 0 0
0.519052 0.0369199 0.853727 0.0193196
0 0 0 0
0 0 0 0
0 0 0 0
0 0 0 0
