1502029
0 0.640877 -0.0784016 2.26253 2 679.757 298.837 362.537 216.593
1 0.605085 0.216447 2.25753 2 669.227 232.443 356.921 168.472
2 0.56471 0.509728 2.24047 2 658.483 165.289 351.191 119.8
3 0.645796 0.616583 2.26009 2 682.074 142.021 363.773 102.935
4 0.497536 0.35145 2.13494 2 645.047 197.477 344.025 143.129
5 0.484058 0.126191 2.07748 2 644.775 250.361 343.88 181.458
6 0.673065 -0.0129386 2.06872 2 709.147 284.396 378.212 206.126
7 0.720278 -0.0442934 2.07694 2 724.143 292.079 386.21 211.695
8 0.730742 0.437094 2.53353 1 683.653 193.315 364.615 140.112
9 0.498255 0.256383 2.47174 1 623.021 228.556 332.278 165.654
10 0.543305 0.00938811 2.31185 1 646.127 279.149 344.601 202.323
11 0.543732 -0.0454594 2.26677 1 649.514 291.396 346.408 211.2
12 0.594296 -0.0822474 2.19874 2 670.714 300.23 357.714 217.602
13 0.568126 -0.416159 2.07667 2 673.386 383.316 359.139 277.823
14 0.392488 -0.732249 2.00918 2 619.441 467.209 330.368 338.627
15 0.436628 -0.793763 1.89849 1 643.499 494.635 343.199 358.505
16 0.667112 -0.0697237 2.25498 2 688.537 296.945 367.22 215.221
17 0.810877 -0.415309 2.28124 1 730.429 374.102 389.562 271.144
18 0.529617 -0.696737 2.26861 2 645.793 437.876 344.423 317.366
19 0.563805 -0.814056 2.24209 2 658.406 466.557 351.15 338.154
20 0.573316 0.437318 2.24796 2 660.453 182.144 352.242 132.015
21 0.764049 -0.095054 2.08449 2 737.959 304.464 393.578 220.671
22 0.658745 -0.125614 2.09977 2 701.056 311.673 373.897 225.897
23 0.603493 -0.0535101 2.22028 1 671.765 293.464 358.274 212.699
24 0.574683 -0.0657519 2.29944 1 656.516 295.739 350.142 214.347
3
1
0.319928 -0.0598751 0.94548 0.0113593
0.390639 -0.0588424 0.918524 0.0158628
0.468009 -0.0760457 0.880269 -0.0176141
0 0 0 0
-0.248403 0.792347 -0.414083 0.37285
-0.122369 0.989905 -0.0368139 0.061315
-0.354624 -0.519125 -0.279357 0.725749
-0.418608 -0.544344 -0.225875 0.690968
0.319853 0.584835 0.630357 0.397885
0.396844 0.193406 -0.205435 0.873444
-0.11535 0.125773 -0.267947 0.948198
-0.0568606 0.149924 -0.332427 0.929399
-0.339079 0.659347 -0.600592 0.299295
-0.171207 0.869587 0.0484744 -0.460604
-0.196586 0.860575 -0.178087 -0.434798
0 0 0 0
-0.0915809 0.582208 0.801925 -0.0977921
-0.196704 -0.0377547 0.0281506 0.979331
0.378402 0.0981833 -0.0577174 0.918608
0 0 0 0
0.466686 -0.0730743 0.881281 0.0144
0 0 0 0
0 0 0 0
0 0 0 0
0 0 0 0
