1506116
0 1.27185 -0.159647 2.8689 2 791.511 309.618 422.139 224.407
1 1.28355 0.112831 2.88242 2 792.887 261.228 422.873 189.334
2 1.28445 0.391051 2.88451 2 792.878 212.003 422.868 153.657
3 1.25945 0.508287 2.89834 2 785.415 191.686 418.888 138.931
4 1.16639 0.268518 3.01773 2 751.953 235.812 401.042 170.913
5 1.1317 0.0254366 3.02298 2 743.412 276.92 396.487 200.707
6 1.06585 -0.167662 2.94846 2 734.441 310.205 391.702 224.832
7 1.04603 -0.222367 2.90345 2 733.608 320.263 391.258 232.123
8 1.33845 0.314884 2.79107 2 816.56 223.632 435.499 162.085
9 1.23614 0.181536 2.53979 2 821.531 244.731 438.15 177.378
10 1.04906 0.129845 2.43365 2 782.989 253.975 417.594 184.078
11 1.00901 0.132353 2.43669 2 771.165 253.489 411.288 183.725
12 1.21967 -0.172183 2.87701 2 778.029 311.759 414.949 225.959
13 1.22972 -0.514698 2.84772 2 783.532 373.477 417.884 270.691
14 1.29682 -0.789825 2.85094 2 799.149 422.47 426.213 306.2
15 1.25633 -0.895233 2.78763 2 795.989 444.825 424.528 322.403
16 1.29488 -0.143447 2.79502 2 805.357 307.41 429.524 222.807
17 1.31178 -0.421114 2.62857 2 829.85 362.919 442.586 263.039
18 1.26431 -0.679551 2.68054 2 810.749 410.461 432.4 297.496
19 1.26158 -0.65508 2.56221 1 824.839 411.459 439.914 298.22
20 1.28307 0.320424 2.88342 2 792.667 224.48 422.756 162.7
21 1.00836 -0.268208 2.85787 2 728.437 329.062 388.5 238.499
22 1.05074 -0.227434 2.86517 2 738.126 321.694 393.667 233.159
23 0.952034 0.122799 2.41324 2 757.5 255.248 404 185
24 1.02533 0.138193 2.40254 2 780 251.85 416 182.538
0
0
-0.403614 0.0096266 0.914343 0.0313103
-0.426239 0.00884457 0.904017 0.0315402
-0.449597 0.00525502 0.893144 0.01133
0 0 0 0
0.245367 0.725784 -0.547501 -0.336564
0.0542798 -0.530191 0.0467278 0.844848
-0.0826056 0.858074 -0.22059 0.456318
-0.21623 0.815985 -0.285363 0.453852
-0.345668 0.634601 0.595671 -0.350673
-0.505448 0.845461 -0.154821 -0.0758124
-0.292993 0.78518 -0.545271 0.018086
0.0790484 -0.673098 0.724504 0.125639
0.0311243 0.780303 -0.619301 -0.0813885
0.00180861 -0.361647 -0.045032 0.931225
-0.112399 -0.380736 -0.0404641 0.916935
0 0 0 0
-0.473895 0.516162 0.614713 -0.362115
-0.177108 0.560842 -0.200918 0.783404
0.132564 0.728834 0.000587003 0.671735
0 0 0 0
-0.449581 -0.00212992 0.893235 0.0016274
0 0 0 0
0 0 0 0
0 0 0 0
0 0 0 0
