1396227
0 1.28669 -0.194963 2.7241 2 811.616 317.744 432.862 230.296
1 1.31363 0.0982747 2.73232 2 817.454 262.852 435.976 190.511
2 1.33476 0.384587 2.72949 2 823.028 209.321 438.948 151.713
3 1.31027 0.513097 2.7372 2 815.828 185.58 435.108 134.506
4 1.22561 0.276307 2.86628 2 780.59 232.001 416.314 168.151
5 1.21661 0.000657762 2.94018 2 770.942 281.097 411.169 203.735
6 1.17144 -0.204553 2.89184 2 764.895 317.309 407.944 229.981
7 1.17134 -0.244227 2.88779 2 765.278 324.373 408.148 235.101
8 1.40231 0.266741 2.61624 2 855.185 229.25 456.099 166.157
9 1.44415 0.0359578 2.56209 2 874.019 274.064 466.144 198.638
10 1.4086 -0.169573 2.50555 2 872.956 315.67 465.576 228.793
11 1.39238 -0.245967 2.50635 2 868.394 331.184 463.144 240.037
12 1.23259 -0.200582 2.73599 2 796.502 318.637 424.801 230.944
13 1.21263 -0.492656 2.71972 2 793.242 373.673 423.062 270.833
14 1.24804 -0.781577 2.68833 2 805.458 429.365 429.577 311.198
15 1.16235 -0.820458 2.59639 2 793.984 442.242 423.458 320.531
16 1.30963 -0.184599 2.64726 2 827.042 316.796 441.089 229.609
17 1.36209 -0.467511 2.55419 2 852.995 374.417 454.931 271.372
18 1.43394 -0.724002 2.52436 1 874.976 426.488 466.654 309.112
19 1.35712 -0.774114 2.43077 1 868.033 442.42 462.951 320.66
20 1.33053 0.313949 2.73225 2 821.668 222.574 438.223 161.319
21 1.16148 -0.306878 2.87283 2 764.376 335.73 407.667 243.333
22 1.14249 -0.269886 2.8536 2 761.625 329.477 406.2 238.8
23 1.38978 -0.325924 2.49004 2 870.003 347.83 464.001 252.102
24 1.34583 -0.242399 2.48921 2 858.357 330.832 457.791 239.782
1
0
-0.417498 0.0357352 0.907417 0.0318301
-0.433983 0.0351486 0.899649 0.0324768
-0.452029 0.0354993 0.891288 -0.00383069
0 0 0 0
0.259626 0.691932 -0.569764 -0.359435
-0.0605787 -0.559716 0.116714 0.818185
-0.148248 0.889926 -0.046265 -0.428851
-0.0462878 0.898019 0.0211703 -0.437003
-0.307408 0.730549 0.491925 -0.360289
-0.119207 0.987469 0.0801182 0.0653957
-0.154012 0.730611 0.0275323 -0.664628
-0.0677241 0.724889 -0.0796531 -0.680886
0.0572334 0.735579 -0.668031 -0.0968634
0.041604 -0.347234 -0.014196 0.936748
-0.0359958 -0.374793 -0.0726586 0.923556
0 0 0 0
-0.475316 0.546627 0.581511 -0.370294
-0.177489 0.920227 0.0271764 0.347767
-0.103747 0.91417 0.103729 0.37785
0 0 0 0
-0.451536 0.0349517 0.891396 0.0175082
0 0 0 0
0 0 0 0
0 0 0 0
0 0 0 0
