1378455
0 1.26641 -0.193253 2.71079 2 808.047 317.603 430.958 230.194
1 1.29366 0.103325 2.7198 2 813.913 261.818 434.087 189.762
2 1.31569 0.392729 2.71802 2 819.619 207.483 437.13 150.381
3 1.30161 0.517479 2.73289 2 814.168 184.608 434.223 133.801
4 1.2165 0.266246 2.85808 2 779.224 233.658 415.586 169.352
5 1.21143 -0.00988976 2.93042 2 770.669 282.933 411.023 205.066
6 1.15963 -0.210405 2.86757 2 764.417 318.656 407.689 230.957
7 1.15285 -0.253983 2.85163 2 764.347 326.666 407.652 236.763
8 1.37784 0.27359 2.60249 2 850.719 227.622 453.717 164.977
9 1.43645 0.074984 2.53863 2 875.47 266.172 466.917 192.918
10 1.40254 -0.134211 2.48804 2 874.006 308.676 466.136 223.724
11 1.37388 -0.1736 2.48498 2 866.677 316.796 462.228 229.609
12 1.21408 -0.200264 2.72404 2 793.158 318.741 423.018 231.019
13 1.20688 -0.500174 2.71624 2 792.171 375.205 422.491 271.943
14 1.25011 -0.793929 2.67447 2 807.577 432.448 430.708 313.432
15 1.16244 -0.833133 2.58532 2 795.267 445.393 424.143 322.815
16 1.28871 -0.181586 2.63273 2 823.453 316.411 439.175 229.331
17 1.31255 -0.431644 2.49802 2 847.753 369.246 452.135 267.624
18 1.38815 -0.687584 2.49538 1 867.432 420.981 462.63 305.122
19 1.31145 -0.749342 2.41441 1 858.236 438.577 457.726 317.875
20 1.31117 0.321339 2.72048 2 818.218 220.93 436.383 160.127
21 1.13331 -0.304035 2.82698 2 762.003 336.099 406.401 243.6
22 1.14495 -0.257802 2.80527 2 767.042 328.114 409.089 237.813
23 1.34283 -0.246915 2.42103 2 867.783 333.145 462.817 241.459
24 1.36622 -0.183193 2.4889 2 864.003 318.709 460.802 230.996
1
1
-0.431131 0.0347628 0.901 0.0334091
-0.450372 0.0340377 0.891538 0.0341476
-0.471402 0.0359688 0.881184 -0.000271206
0 0 0 0
0.260463 0.708159 -0.524917 -0.393868
-0.0626349 -0.54444 0.111684 0.828968
-0.146016 0.981335 -0.124206 0.0153019
-0.170986 0.9818 -0.078277 0.0265619
-0.318357 0.72661 0.482179 -0.371739
-0.141225 0.976842 0.147634 -0.0635636
0.0792749 -0.0055399 -0.116836 0.989967
0.308551 0.00893932 -0.0359088 0.950488
0.0653999 0.742963 -0.65675 -0.111394
0.0156468 -0.332463 -0.00827856 0.94295
-0.0426489 -0.355724 -0.0912771 0.929145
0 0 0 0
-0.481589 0.539911 0.582408 -0.370633
-0.239203 0.877484 -0.0642896 0.410694
-0.0553062 0.925713 0.132072 0.350078
0 0 0 0
-0.470931 0.0345966 0.881258 0.0202561
0 0 0 0
0 0 0 0
0 0 0 0
0 0 0 0
