1430229
0 0.366256 -0.118023 2.01857 2 608.981 310.857 324.79 225.305
1 0.349375 0.213679 2.04021 2 601.992 228.089 321.062 165.316
2 0.325746 0.528279 2.04416 2 594.176 149.679 316.894 108.485
3 0.393532 0.64515 2.07521 2 615.352 122.703 328.188 88.9337
4 0.276303 0.367599 1.90448 2 584.093 183.178 311.516 132.765
5 0.29962 0.137332 1.82747 2 596.894 243.119 318.344 176.209
6 0.467784 0.00775401 1.84826 2 658.715 279.079 351.315 202.273
7 0.502815 -0.0369561 1.86043 2 670.687 291.31 357.7 211.137
8 0.477512 0.421508 2.27886 1 628.772 187.147 335.345 135.641
9 0.612719 0.570613 2.32313 1 666.686 155.989 355.566 113.059
10 0.621804 0.769279 2.23598 1 676.879 105.58 361.002 76.5228
11 0.625879 0.836475 2.21089 1 680.342 88.0756 362.849 63.836
12 0.32871 -0.11225 1.95174 2 599.962 310.361 319.98 224.945
13 0.278056 -0.416822 1.91654 2 584.163 391.746 311.553 283.932
14 0.140712 -0.778187 1.90741 2 535.122 489.427 285.398 354.73
15 0.205025 -0.843817 1.81833 1 562.174 518.094 299.826 375.508
16 0.390018 -0.115921 2.01034 2 617.688 310.459 329.434 225.016
17 0.423125 -0.452322 2.14619 1 620.252 388.424 330.801 281.524
18 0.437898 -0.742414 2.1259 2 626.799 459.416 334.293 332.978
19 0.526469 -0.773985 2.03897 1 663.088 474.995 353.647 344.27
20 0.332269 0.451762 2.04581 2 596.182 168.931 317.964 122.439
21 0.532976 -0.105616 1.87696 2 680.268 309.836 362.81 224.565
22 0.508489 -0.101029 1.84413 2 674.53 309.073 359.749 224.012
23 0.609863 0.861525 2.20065 1 676.198 81.3765 360.639 58.9806
24 0.606313 0.85651 2.18784 1 676.198 81.3765 360.639 58.9806
3
0
0.373273 -0.0113892 0.926804 0.0396604
0.432401 -0.0088017 0.900737 0.0403137
0.497437 -0.0422123 0.866391 0.0118385
0 0 0 0
-0.318319 0.749267 -0.395581 0.425192
-0.166455 0.967529 0.0168042 0.189467
0.303376 0.723735 0.322853 -0.52909
0.276304 0.76719 0.197004 -0.544302
0.312639 0.6442 0.589492 0.373848
0.8488 -0.0372964 -0.375883 -0.369946
0.874064 -0.192819 -0.439873 0.0731024
0.877872 -0.171376 -0.443866 0.0543437
0.393958 -0.59949 0.61834 -0.321036
-0.0843991 0.91598 -0.0531698 -0.388627
-0.0820566 0.904215 -0.161294 -0.386841
0 0 0 0
-0.138393 0.669988 0.722827 -0.0973869
0.0345378 0.396696 0.192624 0.896847
-0.0366501 0.376015 -0.0227529 0.925609
0 0 0 0
0.497195 -0.0252553 0.866819 0.0280201
0 0 0 0
0 0 0 0
0 0 0 0
0 0 0 0
