1374024
0 0.0435917 -0.147436 2.06401 2 498.469 317.329 265.85 229.996
1 0.0359279 0.201622 2.0927 2 495.758 232.476 264.404 168.495
2 0.0290669 0.536026 2.10673 2 493.484 151.926 263.191 110.114
3 0.102431 0.64589 2.15159 2 516.885 128.423 275.672 93.0792
4 -0.00190967 0.37502 1.96107 2 483.286 184.246 257.752 133.539
5 0.0459417 0.138336 1.87081 2 500.832 243.82 267.11 176.717
6 0.193559 -0.0202367 1.85917 2 555.533 286.717 296.284 207.809
7 0.25771 -0.079238 1.86294 2 579.151 302.749 308.881 219.428
8 0.125266 0.372138 2.16802 1 523.758 194.203 279.338 140.756
9 0.0631437 0.124732 2.00168 1 505.631 249.705 269.67 180.983
10 0.0817395 -0.163444 1.93978 1 512.921 323.829 273.558 234.707
11 0.118429 -0.198306 1.92877 1 526.184 333.242 280.631 241.529
12 0.0057646 -0.142095 1.98594 2 485.951 317.388 259.174 230.038
13 0.138207 -0.405436 1.96199 2 532.539 386.082 284.021 279.827
14 0.0949191 -0.790621 1.98275 2 517.153 484.677 275.815 351.287
15 0.180223 -0.837551 1.89752 1 549.848 506.542 293.252 367.135
16 0.0813566 -0.147488 2.0634 2 511.053 317.357 272.561 230.016
17 -0.0880222 -0.456724 2.14145 2 455.609 389.445 242.992 282.264
18 -0.216206 -0.778345 2.1185 2 413.215 468.609 220.382 339.642
19 -0.149232 -0.842658 2.0215 1 432.75 493.975 230.8 358.027
20 0.030745 0.454312 2.10563 2 494.026 171.721 263.481 124.461
21 0.296915 -0.133485 1.88037 2 592.703 317.186 316.108 229.892
22 0.245946 -0.118325 1.83809 2 576.043 313.811 307.223 227.446
23 0.162928 -0.277136 1.92049 2 542.373 354.328 289.266 256.812
24 0.158229 -0.149088 1.92817 2 540.384 320.334 288.205 232.174
1
1
0.388888 0.00586521 0.920308 0.0420072
0.401064 0.006422 0.915068 0.0419257
0.415509 -0.00655055 0.909506 0.0103656
0 0 0 0
-0.393748 0.762547 -0.330284 0.392935
-0.194229 0.959113 0.0566906 0.1979
0.205252 0.727716 0.304021 -0.579545
0.26271 0.727207 0.304674 -0.556172
0.0972401 0.831321 0.443745 0.320219
0.222645 -0.419655 -0.210276 0.854461
-0.0828437 0.527904 -0.0725196 0.842137
-0.376083 0.566022 0.148378 0.718445
0.403802 -0.590331 0.606354 -0.347545
0.00120849 0.955795 0.234046 -0.177977
0.00379179 0.924658 -0.0618433 -0.375724
0 0 0 0
-0.0345638 0.707225 0.705765 0.0231243
0.267581 0.352183 0.0154176 0.896733
0.159185 0.391041 -0.105865 0.9003
0 0 0 0
0.415479 0.00130862 0.909186 0.0275098
0 0 0 0
0 0 0 0
0 0 0 0
0 0 0 0
