1375131
0 0.419248 -0.131706 2.11768 2 620.447 312.763 330.905 226.686
1 0.385153 0.202181 2.11681 2 609.39 232.759 325.008 168.701
2 0.35004 0.526912 2.1041 2 599.011 153.768 319.473 111.449
3 0.406625 0.649354 2.13705 2 615.776 126.309 328.414 91.5474
4 0.290153 0.367372 1.98539 2 584.808 187.25 311.897 135.716
5 0.271628 0.146173 1.90279 2 582.237 242.293 310.527 175.61
6 0.411313 -0.0256703 1.8352 2 638.562 288.311 340.566 208.964
7 0.48107 -0.0818521 1.81877 2 666.688 304.089 355.567 220.4
8 0.445108 0.36306 2.16512 1 625.968 195.975 333.849 142.04
9 0.373514 0.137461 1.97191 1 614.522 245.852 327.745 178.191
10 0.462453 -0.133686 2.01152 1 642.627 314.963 342.734 228.281
11 0.446831 -0.17891 1.98335 2 639.462 327.028 341.046 237.025
12 0.366979 -0.124605 2.05656 2 606.906 311.93 323.683 226.083
13 0.274848 -0.438363 1.982 2 579.734 393.618 309.191 285.289
14 0.141153 -0.760178 1.98564 2 533.239 476.514 284.394 345.371
15 0.188958 -0.826996 1.88104 1 553.647 505.651 295.278 366.489
16 0.456638 -0.133987 2.10284 2 633.761 313.555 338.006 227.261
17 0.488436 -0.483689 2.17173 2 639.581 394.614 341.11 286.011
18 0.448894 -0.768908 2.19936 2 625.495 459.61 333.597 333.119
19 0.517558 -0.822582 2.10352 2 654.651 480.841 349.147 348.507
20 0.359006 0.447429 2.10946 2 601.545 173.371 320.824 125.657
21 0.528598 -0.128303 1.81241 2 685.661 317.237 365.686 229.929
22 0.463194 -0.118912 1.79888 2 661.828 314.812 352.975 228.171
23 0.441665 -0.259393 1.96274 2 639.375 348.378 341 252.499
24 0.475726 -0.16007 2.01463 2 646.984 321.575 345.058 233.073
1
1
0.236706 -0.0497166 0.970248 0.0108006
0.29321 -0.0489975 0.954693 0.0136982
0.359245 -0.0643465 0.930956 -0.0110929
0 0 0 0
-0.315069 0.79891 -0.393753 0.327769
-0.177994 0.983198 -0.0366605 -0.0172087
0.112732 0.670012 0.340885 -0.649748
0.214348 0.662096 0.381542 -0.608367
0.0977653 0.851663 0.415607 0.303946
0.263866 -0.416242 -0.247354 0.834226
-0.138177 0.210273 0.101606 0.96248
0.0490971 0.321636 -0.300556 0.896552
0.331933 -0.622908 0.658634 -0.260781
-0.169628 0.835793 -0.0590302 -0.518838
-0.0879296 0.863775 -0.174799 -0.464335
0 0 0 0
-0.116127 0.711202 0.676916 -0.149971
0.0119344 0.515156 0.105948 0.850439
0.0827923 0.446577 0.0121034 0.890824
0 0 0 0
0.358945 -0.0548806 0.93173 0.00515386
0 0 0 0
0 0 0 0
0 0 0 0
0 0 0 0
