1403718
0 -0.0230356 -0.147639 2.10649 2 476.443 316.648 254.103 229.502
1 0.0374397 0.205313 2.11762 2 496.11 232.167 264.592 168.272
2 0.0971167 0.544566 2.11313 2 515.7 150.233 275.04 108.887
3 0.196199 0.629415 2.17905 2 546.231 134.204 291.323 97.2689
4 0.0434218 0.379085 1.95083 2 499.296 182.667 266.291 132.395
5 0.0244136 0.110404 1.83303 2 493.107 250.761 262.99 181.748
6 0.0625343 -0.100265 1.78539 2 508.021 309.603 270.945 224.396
7 0.0603193 -0.142584 1.77375 2 507.329 321.865 270.575 233.283
8 0.246743 0.450106 2.30298 1 557.86 182.008 297.525 131.917
9 0.0573687 0.221031 2.29116 1 501.169 232.411 267.29 168.448
10 0.185123 -0.0373162 2.22788 1 541.063 289.681 288.567 209.957
11 0.224026 -0.0899434 2.25544 1 552.248 301.386 294.532 218.441
12 -0.0519707 -0.140415 2.03678 2 466.424 316.069 248.759 229.082
13 0.139301 -0.415386 1.93644 2 533.583 390.103 284.578 282.741
14 0.0995353 -0.783392 1.93576 2 519.616 487.73 277.128 353.5
15 0.184322 -0.832315 1.85279 1 552.974 510.539 294.919 370.032
16 0.00691606 -0.149623 2.09851 2 486.221 317.261 259.318 229.946
17 0.0322193 -0.468128 2.00081 2 495.069 400.014 264.037 289.925
18 -0.159369 -0.769337 2.04707 2 429.99 472.914 229.328 342.762
19 -0.14744 -0.855057 2.00358 2 432.908 499.056 230.884 361.709
20 0.0824144 0.461601 2.11682 2 510.811 170.532 272.432 123.6
21 0.0684332 -0.209673 1.77379 2 510.492 341.037 272.262 247.179
22 0.108553 -0.16366 1.84633 2 524.379 326.056 279.669 236.321
23 0.236259 -0.127552 2.23519 1 556.65 310.09 296.88 224.749
24 0.224548 -0.113119 2.25818 1 552.33 306.556 294.576 222.188
0
1
0.390231 0.0840546 0.916679 -0.0188305
0.443996 0.0827876 0.891879 -0.0237904
0.500296 0.0646676 0.861141 -0.0629129
0 0 0 0
-0.343878 0.681599 -0.404891 0.503224
-0.183243 0.926105 -0.0972568 0.315107
-0.11222 0.24534 -0.0845276 0.959203
-0.0115734 0.267258 -0.135603 0.953966
0.345712 0.685797 0.597798 0.22979
0.334437 0.0961282 -0.0555844 0.935854
-0.210847 -0.100487 -0.133337 0.963155
-0.321273 -0.138912 0.161959 0.922636
0.365411 -0.530952 0.643516 -0.412859
-0.0899757 0.925454 0.314176 -0.191657
-0.0204702 0.929756 -0.0497555 -0.364223
0 0 0 0
-0.113952 0.726187 0.674591 -0.0677841
-0.0769037 0.267309 -0.13206 0.951416
0.282302 0.365019 -0.0437755 0.886087
0 0 0 0
0.502172 0.0741389 0.860404 -0.045069
0 0 0 0
0 0 0 0
0 0 0 0
0 0 0 0
