1473708
0 0.150115 -0.100156 2.12304 2 532.551 305.068 284.027 221.109
1 0.163071 0.230404 2.13701 2 536.451 226.633 286.107 164.261
2 0.17384 0.54814 2.13804 2 540.129 150.877 288.069 109.354
3 0.264808 0.646007 2.19631 2 567.388 131.441 302.607 95.2664
4 0.150206 0.396051 2.00636 2 535.577 181.056 285.641 131.227
5 0.274289 0.150221 1.928 2 581.903 241.738 310.348 175.208
6 0.401851 0.0316031 2.04007 2 619.716 273.354 330.515 198.123
7 0.411194 0.00282726 2.06904 2 620.932 280.518 331.164 203.315
8 0.342198 0.474981 2.4313 1 581.1 181.991 309.92 131.904
9 0.133671 0.266519 2.37773 1 522.624 224.479 278.733 162.699
10 0.0147656 -0.000334198 2.3886 1 488.202 281.281 260.374 203.869
11 -0.0246298 -0.0888054 2.39637 1 476.897 299.941 254.345 217.393
12 0.123138 -0.098132 2.04243 2 525.386 305.506 280.206 221.426
13 0.313721 -0.331939 2.00154 1 592.092 365.403 315.782 264.839
14 0.28434 -0.724962 2.01353 1 581.852 464.877 310.321 336.936
15 0.3734 -0.77035 1.9384 1 617.593 484.085 329.383 350.858
16 0.171067 -0.0985677 2.12579 2 539.269 304.663 287.61 220.815
17 0.212017 -0.454275 2.00978 2 556.789 396.042 296.954 287.046
18 -0.0262221 -0.75249 2.00711 2 474.902 472.414 253.281 342.399
19 -0.0303623 -0.837569 1.95504 2 473.184 499.89 252.365 362.314
20 0.171423 0.470438 2.14005 2 539.23 169.591 287.589 122.917
21 0.434202 -0.0554111 2.10391 2 626.243 294.572 333.996 213.502
22 0.376837 0.01859 2.06575 2 609.624 276.649 325.133 200.511
23 -0.0257896 -0.163709 2.39325 1 476.553 315.796 254.161 228.884
24 -0.0251078 -0.166677 2.35977 1 476.646 316.924 254.211 229.702
0
1
0.500374 0.0275084 0.865331 0.00847292
0.523422 0.0277259 0.851587 0.00773145
0.547761 0.00594666 0.836391 -0.0192991
0 0 0 0
-0.358835 0.69484 -0.361158 0.507937
-0.240085 0.814931 0.114194 0.514982
-0.413418 -0.225501 0.206742 0.857608
-0.254229 -0.345648 0.303195 0.850863
0.38096 0.624335 0.60133 0.32168
0.389741 -0.268232 0.0172194 0.880827
0.0573607 0.960884 -0.200781 0.18193
0.0778745 0.961161 -0.19656 0.177396
0.411001 -0.562064 0.585644 -0.41495
-0.032499 0.933944 0.338966 -0.108605
0.0016688 0.939924 -0.0402403 -0.338999
0 0 0 0
0.0340688 0.677702 0.732336 0.0569529
-0.0783819 0.15061 -0.146012 0.974604
0.303141 0.367434 -0.132168 0.869269
0 0 0 0
0.548304 0.0180009 0.836074 -0.00425808
0 0 0 0
0 0 0 0
0 0 0 0
0 0 0 0
