9071837
0 1.30219 0.433349 3.5478 2 738.404 218.902 393.816 158.657
1 1.27388 0.705296 3.40277 2 743.642 175.412 396.609 127.136
2 1.24182 0.966885 3.24275 2 749.589 129.02 399.781 93.5121
3 1.17354 1.0744 3.23081 2 735.889 111.487 392.474 80.804
4 1.18807 0.878368 3.3863 1 727.343 148.801 387.916 107.849
5 1.17441 0.625486 3.52078 1 715.153 190.602 381.415 138.146
6 1.18483 0.50679 3.69563 2 706.008 211.321 376.538 153.162
7 1.19057 0.441143 3.68464 1 707.724 220.199 377.453 159.597
8 1.28097 0.825234 3.17028 2 764.241 148.34 407.595 107.515
9 1.12651 0.649634 3.09499 1 736.417 174.08 392.756 126.171
10 0.881452 0.561292 3.04053 2 684.716 187.14 365.182 135.636
11 0.807507 0.54306 3.02607 1 668.633 189.82 356.604 137.579
12 1.26534 0.436817 3.55243 2 730.83 218.498 389.776 158.364
13 1.27688 0.204251 3.83068 2 714.751 254.045 381.2 184.128
14 1.37791 -0.156443 3.94199 2 726.075 301.439 387.24 218.479
15 1.25903 -0.232298 3.89428 2 707.75 311.595 377.467 225.84
16 1.3123 0.422134 3.46996 2 746.185 219.14 397.965 158.83
17 1.39903 0.0131938 3.67254 2 748.009 279.378 398.938 202.49
18 1.43265 -0.265563 3.79182 2 745.868 316.936 397.796 229.711
19 1.39967 -0.35716 3.73861 2 743.492 329.944 396.529 239.139
20 1.25068 0.902895 3.28526 2 748.057 140.913 398.964 102.132
21 1.20725 0.395658 3.68851 2 710.62 226.548 378.997 164.199
22 1.16045 0.444061 3.6112 2 706.496 218.548 376.798 158.4
23 0.741652 0.497586 2.99311 2 655.313 196.614 349.5 142.503
24 0.784235 0.563444 3.01831 2 663.762 186.151 354.007 134.92
0
0
-0.475905 0.0775981 0.844299 -0.233777
-0.483291 0.0796452 0.840093 -0.233088
-0.484684 0.0941431 0.823902 -0.278215
0 0 0 0
0.393746 0.730124 -0.49388 -0.260704
0.20145 0.74524 0.13589 0.620942
0.458052 0.85114 -0.0984757 -0.236753
-0.0715673 0.972972 0.0597052 -0.211281
-0.278401 0.6791 0.386107 -0.558782
-0.169666 0.925873 -0.337406 -0.0114275
0.492847 -0.567062 0.301871 0.58687
0.521077 -0.542391 0.332986 0.568692
-0.226495 -0.66174 0.703703 -0.124908
0.179271 0.416933 0.38389 0.80415
-0.160479 -0.215057 0.112803 0.956699
0 0 0 0
-0.406481 0.541086 0.51387 -0.527197
0.192847 0.937479 0.1505 0.247574
0.14013 0.831259 0.153222 0.515651
0 0 0 0
-0.488158 0.0888761 0.830233 -0.254001
0 0 0 0
0 0 0 0
0 0 0 0
0 0 0 0
