9083195
0 0.194618 0.0896163 2.84331 2 530.991 265.274 283.195 192.267
1 0.165325 0.360443 2.72677 2 525.68 214.274 280.362 155.303
2 0.134755 0.624539 2.59635 2 519.785 159.021 277.219 115.256
3 0.198446 0.725924 2.59425 2 536.842 138.856 286.315 100.641
4 0.0807177 0.464649 2.53525 2 505.892 188.296 269.809 136.474
5 0.115103 0.211586 2.55528 2 514.919 239.329 274.624 173.462
6 0.273251 0.0478839 2.68542 2 553.911 272.19 295.419 197.28
7 0.294668 -0.00413399 2.72205 2 558.386 281.979 297.806 204.375
8 0.260926 0.550125 2.91421 1 545.688 185.438 291.034 134.403
9 0.318737 0.407889 3.02529 1 556.511 212.889 296.806 154.299
10 0.346981 0.141688 3.04886 1 562.23 257.691 299.856 186.771
11 0.356818 0.0535056 3.06074 1 564.128 272.364 300.868 197.406
12 0.164527 0.0832103 2.76939 2 524.775 266.02 279.88 192.808
13 0.148604 -0.336916 2.94112 2 518.709 339.189 276.645 245.84
14 0.104759 -0.682615 3.07212 2 507.48 393.999 270.656 285.565
15 0.190939 -0.743925 3.03541 2 527.391 405.736 281.275 294.072
16 0.220797 0.096395 2.83871 2 537.412 264.038 286.62 191.371
17 0.232418 -0.293215 2.89719 1 539.139 332.439 287.541 240.947
18 0.239533 -0.646863 3.22344 2 535.199 383.038 285.439 277.621
19 0.270093 -0.640727 3.28922 2 540.576 380.046 288.307 275.452
20 0.142446 0.55944 2.63139 2 521.292 173.312 278.023 125.614
21 0.332052 -0.0516733 2.74833 2 567.052 290.726 302.428 210.714
22 0.249221 -0.0219797 2.74638 2 546.329 285.259 291.375 206.751
23 0.35439 0.0380111 3.03959 1 564.135 274.883 300.872 199.231
24 0.360343 0.0568267 3.04897 1 565.235 271.779 301.459 196.982
3
1
0.41153 -0.130407 0.887513 -0.161116
0.452153 -0.137722 0.867521 -0.15491
0.491139 -0.169477 0.83468 -0.182674
0 0 0 0
-0.182969 0.769239 -0.383738 0.47701
0.0132066 0.934133 0.0767699 0.34832
-0.427153 -0.446795 0.0732568 0.782655
-0.302282 -0.526582 0.145452 0.781141
0.426996 0.625046 0.549992 0.352846
0.168853 0.77612 0.310183 0.522411
-0.0407899 0.235842 0.0551662 0.969366
-0.037939 0.234407 0.0776694 0.968288
-0.373015 0.605733 -0.56644 0.416045
0.176074 0.926372 -0.0803303 -0.323077
0.15714 0.947518 -0.104918 -0.257894
0 0 0 0
0.0980356 0.586445 0.783549 -0.180342
0.0345755 0.618771 0.0675161 0.781901
-0.188751 -0.465405 0.311306 0.806759
0 0 0 0
0.493426 -0.157475 0.839648 -0.163476
0 0 0 0
0 0 0 0
0 0 0 0
0 0 0 0
