9077906
0 0.189397 0.0861699 2.82182 2 530.076 265.77 282.707 192.627
1 0.160041 0.354635 2.69774 2 524.78 214.646 279.882 155.572
2 0.132351 0.615626 2.56283 2 519.606 159.191 277.123 115.379
3 0.189394 0.709672 2.56668 2 534.965 140.568 285.315 101.881
4 0.0908604 0.453381 2.50483 2 508.947 189.452 271.438 137.312
5 0.146576 0.217754 2.52132 2 523.924 237.519 279.426 172.151
6 0.303417 0.172767 2.68372 2 561.728 248.625 299.588 180.2
7 0.34742 0.195974 2.7399 1 571.216 244.991 304.648 177.566
8 0.269499 0.515922 2.86027 1 548.907 189.715 292.75 137.503
9 0.319523 0.315223 2.89436 2 559.945 226.047 298.637 163.836
10 0.379339 0.180197 2.74968 2 578.912 248.019 308.753 179.761
11 0.39974 0.135607 2.7055 1 585.661 255.822 312.353 185.417
12 0.159964 0.0821129 2.74242 2 524.033 266.073 279.484 192.846
13 0.153504 -0.335937 2.93042 2 519.987 339.233 277.326 245.871
14 0.104365 -0.682005 3.06906 2 507.414 394.011 270.621 285.573
15 0.189252 -0.743504 3.03378 2 527.03 405.731 281.083 294.068
16 0.213931 0.0883832 2.82704 2 535.961 265.401 285.846 192.359
17 0.21569 -0.305852 2.86717 1 535.706 335.208 285.71 242.954
18 0.243281 -0.603335 3.24189 1 535.682 375.604 285.697 272.233
19 0.271905 -0.605466 3.34708 2 539.947 372.954 287.972 270.312
20 0.138744 0.551689 2.59873 2 520.778 173.471 277.748 125.73
21 0.402999 0.198012 2.78021 2 583.75 245.13 311.334 177.667
22 0.332257 0.22217 2.7164 2 568.133 239.793 303.004 173.799
23 0.370962 0.13942 2.65132 1 580.251 254.58 309.467 184.516
24 0.389047 0.113389 2.70312 1 583.012 259.967 310.94 188.42
1
1
0.444427 -0.142557 0.868406 -0.16743
0.465007 -0.146508 0.857563 -0.163983
0.484134 -0.165258 0.836622 -0.195878
0 0 0 0
-0.202591 0.773941 -0.343407 0.491979
-0.0159639 0.906182 0.119534 0.405327
-0.25076 0.273456 0.58259 0.723139
-0.270281 0.187046 0.762623 0.557108
0.394136 0.667489 0.53287 0.339359
-0.0393428 0.637066 0.140545 0.756866
-0.112477 -0.107536 -0.400996 0.902766
-0.121996 -0.113996 -0.383815 0.908189
-0.394485 0.594443 -0.566087 0.412995
0.19832 0.934466 -0.0685866 -0.287642
0.164175 0.945834 -0.113524 -0.256041
0 0 0 0
0.220946 0.672298 0.703656 -0.0637732
0.0356753 0.732606 0.0360829 0.678759
-0.269253 -0.503147 0.342251 0.746465
0 0 0 0
0.485536 -0.157671 0.842001 -0.174439
0 0 0 0
0 0 0 0
0 0 0 0
0 0 0 0
