9044030
0 0.204045 0.057509 2.87611 2 532.706 271.1 284.11 196.49
1 0.174039 0.36218 2.76398 2 527.288 214.857 281.22 155.725
2 0.152551 0.649951 2.6302 2 524.006 155.652 279.47 112.814
3 0.207739 0.747018 2.64493 2 538.263 137.512 287.074 99.6672
4 0.0981421 0.491255 2.55743 2 510.404 183.797 272.215 133.214
5 0.130419 0.218081 2.57587 2 518.762 238.385 276.673 172.778
6 0.201706 -0.00194501 2.62016 2 536.857 281.586 286.324 204.09
7 0.201643 -0.0743053 2.62773 2 536.692 295.51 286.236 214.182
8 0.24048 0.420218 2.66291 1 546.166 201.219 291.289 145.841
9 0.329499 0.489098 2.88955 1 562.564 195.35 300.034 141.587
10 0.545861 0.549483 3.02701 1 608.484 188.969 324.525 136.962
11 0.599958 0.566894 3.03179 1 620.686 186.143 331.033 134.914
12 0.148246 0.0615974 2.8149 2 520.137 270.149 277.406 195.8
13 0.164879 -0.357255 2.9129 2 522.898 343.3 278.879 248.819
14 0.0958673 -0.712901 3.01436 2 505.906 401.317 269.816 290.869
15 0.183215 -0.76594 2.98404 2 526.367 411.676 280.729 298.377
16 0.254512 0.0519305 2.86262 2 545.066 272.036 290.702 197.168
17 0.482057 -0.38105 3.00276 1 594.626 345.583 317.134 250.474
18 0.30628 -0.7515 3.20337 1 549.976 400.409 293.32 290.211
19 0.228912 -0.761106 3.04469 2 535.884 408.258 285.805 295.9
20 0.153199 0.580059 2.66543 2 523.605 170.743 279.256 123.752
21 0.225463 -0.126576 2.64338 2 542.588 305.432 289.38 221.373
22 0.22349 -0.0613919 2.60792 2 542.856 293.116 289.523 212.447
23 0.649421 0.573205 3.01657 1 632.78 184.551 337.483 133.76
24 0.62189 0.597427 2.99533 1 627.485 179.75 334.659 130.28
3
0
0.174033 -0.0769905 0.967964 -0.1638
0.174249 -0.077027 0.967925 -0.163783
0.179725 -0.0469174 0.956118 -0.226576
0 0 0 0
-0.32797 0.855162 -0.311377 0.253333
0.0154426 0.956497 0.0657831 0.283808
-0.0350657 0.71913 0.177766 0.670836
0.0359974 0.684047 0.0376528 0.727575
-0.0356769 0.962415 0.244808 0.112043
-0.152907 0.108802 0.782764 0.593349
-0.277216 0.372408 0.733347 0.496655
-0.398555 0.48507 0.702712 0.334747
0.224844 -0.599705 0.688546 -0.340151
0.105183 0.815353 -0.0494742 -0.567176
0.114896 0.965524 -0.118917 -0.201051
0 0 0 0
0.0344505 0.707633 0.667623 -0.228799
-0.208866 0.141413 0.175759 0.95157
0.302008 0.816642 -0.055022 0.488733
0 0 0 0
0.174464 -0.0812814 0.96094 -0.198872
0 0 0 0
0 0 0 0
0 0 0 0
0 0 0 0
