9084220
0 1.32139 0.450231 3.60177 2 738.291 217.443 393.755 157.6
1 1.33735 0.707325 3.4483 2 753.003 176.5 401.601 127.925
2 1.35192 0.95674 3.27633 2 770.086 132.208 410.712 95.8225
3 1.36091 1.05971 3.19939 2 778.634 112.364 415.271 81.4397
4 1.20496 0.923985 3.39204 2 730.399 142.152 389.546 103.03
5 1.1264 0.749458 3.6013 2 700.734 175.076 373.725 126.893
6 1.09543 0.542563 3.65157 2 691.649 205.514 368.88 148.954
7 1.10713 0.495909 3.65738 2 693.515 212.14 369.875 153.756
8 1.46729 0.823183 3.28553 2 793.59 153.385 423.248 111.172
9 1.53871 0.581349 3.3406 2 803.428 192.393 428.495 139.444
10 1.59105 0.372774 3.31019 2 817.322 223.737 435.905 162.161
11 1.61822 0.292392 3.2711 2 827.014 235.598 441.074 170.758
12 1.25448 0.453779 3.59252 2 725.95 216.798 387.173 157.132
13 1.31195 0.112639 3.81414 2 722.169 266.161 385.157 192.91
14 1.38922 -0.15468 3.93712 2 728.386 301.237 388.473 218.333
15 1.32568 -0.242463 3.91749 2 718.305 312.75 383.096 226.677
16 1.3636 0.437911 3.5438 2 750.79 218.155 400.421 158.116
17 1.4125 0.0686287 3.70636 2 748.123 271.766 398.999 196.972
18 1.40766 -0.250166 3.79865 2 740.793 314.798 395.089 228.161
19 1.39258 -0.32959 3.70703 2 744.374 326.565 397 236.69
20 1.34922 0.895379 3.32167 2 765.699 143.628 408.373 104.099
21 1.09264 0.449635 3.67561 2 689.682 218.915 367.831 158.666
22 1.13466 0.484617 3.60256 2 702.062 212.664 374.433 154.136
23 1.62138 0.224401 3.20808 2 834.382 245.523 445.004 177.951
24 1.64816 0.280307 3.22126 2 838.635 236.823 447.272 171.646
1
0
-0.198645 0.0817645 0.943004 -0.254162
-0.214272 0.0859723 0.939577 -0.252769
-0.230056 0.0938055 0.921385 -0.298873
0 0 0 0
-0.348689 -0.641975 0.682748 -0.0117944
0.233486 0.715372 -0.371171 -0.544021
0.137565 0.899038 -0.0164943 0.415373
0.00201577 0.893873 0.136052 0.427173
0.0619923 0.791301 0.493751 -0.35526
-0.0151892 0.725077 0.17688 0.665392
-0.123652 0.845854 0.0672452 0.514509
-0.263304 0.834202 0.0215199 0.484061
-0.145402 -0.6491 0.710695 -0.228997
-0.208832 -0.496591 0.20303 0.817659
-0.182228 -0.26028 0.165685 0.933593
0 0 0 0
-0.220708 0.634587 0.605498 -0.426566
0.141102 0.828831 0.160602 0.517046
0.110277 0.743241 0.0872339 0.654081
0 0 0 0
-0.22882 0.0963572 0.928341 -0.276657
0 0 0 0
0 0 0 0
0 0 0 0
0 0 0 0
