9037237
0 0.0209054 0.0263023 2.82137 2 489.045 276.5 260.824 200.403
1 0.063658 0.325173 2.69899 2 500.178 220.237 266.762 159.624
2 0.0973841 0.619341 2.56301 2 510.185 158.467 272.099 114.855
3 0.147547 0.719111 2.56457 2 523.727 138.579 279.321 100.44
4 0.0617978 0.453986 2.49927 2 500.991 189.129 267.195 137.078
5 0.109842 0.197659 2.51546 2 513.97 241.469 274.117 175.014
6 0.201535 -0.0269326 2.5764 2 537.711 286.497 286.779 207.649
7 0.21454 -0.100239 2.5929 2 540.827 300.763 288.441 217.989
8 0.207649 0.366027 2.5576 1 539.857 208.703 287.924 151.265
9 0.259403 0.437366 2.79012 1 548.003 201.75 292.268 146.226
10 0.402178 0.504934 2.9921 1 576.65 195.575 307.547 141.75
11 0.451996 0.503895 3.02092 1 587.167 196.543 313.156 142.452
12 -0.0377684 0.0592527 2.74181 2 474.496 270.289 253.064 195.902
13 0.113449 -0.367178 2.8972 2 510.895 345.366 272.477 250.317
14 0.0892717 -0.70873 3.01518 2 504.389 400.575 269.007 290.331
15 0.177952 -0.765372 2.98834 2 525.088 411.387 280.047 298.168
16 0.0783962 -0.00700238 2.82122 2 503.042 282.465 268.289 204.727
17 0.020335 -0.238252 3.08335 1 488.489 320.283 260.527 232.137
18 0.0638319 -0.719598 3.09248 1 498.2 399.362 265.706 289.452
19 0.204144 -0.756695 3.06423 2 529.962 406.694 282.647 294.766
20 0.0903385 0.546445 2.6002 2 507.914 174.577 270.887 126.531
21 0.242211 -0.154565 2.62081 2 547.501 311.05 292.001 225.445
22 0.247379 -0.0955791 2.57715 2 549.948 299.973 293.305 217.416
23 0.50588 0.496997 3.05327 1 598.279 198.564 319.082 143.917
24 0.479858 0.481506 3.0411 1 592.8 200.843 316.16 145.569
0
0
0.176804 0.0312763 0.963044 -0.20077
0.16687 0.0333437 0.964815 -0.200438
0.148192 0.00808075 0.960093 -0.237055
0 0 0 0
-0.359208 0.886501 -0.200842 0.211536
-0.00552457 0.92363 0.0973206 0.370683
-0.0745394 0.587963 0.213277 0.776696
-0.00276117 0.597389 0.139084 0.789794
-0.114461 0.953564 0.275133 0.0437837
-0.0845992 0.0675351 0.797676 0.593292
0.791559 0.461739 -0.0720478 -0.393751
0.698575 0.40419 0.0544817 -0.587924
0.202522 -0.453544 0.785556 -0.369031
0.230585 0.787727 0.0337154 -0.570246
0.154011 0.962361 -0.0687882 -0.213098
0 0 0 0
0.098099 0.84906 0.489636 -0.172426
0.28009 0.742023 -0.308613 -0.525081
-0.0438003 0.104653 0.0141238 0.993443
0 0 0 0
0.151524 0.0231633 0.964811 -0.213646
0 0 0 0
0 0 0 0
0 0 0 0
0 0 0 0
