9069681
0 1.31956 0.478099 3.62996 2 735.963 214.023 392.513 155.121
1 1.32467 0.73614 3.48649 2 747.526 173.431 398.681 125.701
2 1.32665 0.984147 3.32562 2 760.621 130.187 405.664 94.3576
3 1.3173 1.10209 3.25006 2 764.846 108.286 407.918 78.4839
4 1.19095 0.951319 3.4643 2 722.445 141.03 385.304 102.216
5 1.1376 0.763235 3.65661 2 699.572 174.762 373.105 126.665
6 1.08912 0.558101 3.69626 2 687.934 204.296 366.898 148.071
7 1.09693 0.522841 3.70489 2 688.9 209.33 367.413 151.72
8 1.44895 0.860981 3.30074 2 788.322 148.128 420.438 107.361
9 1.54302 0.639217 3.32588 2 805.688 183.136 429.7 132.734
10 1.61227 0.392495 3.29152 2 823.623 220.364 439.266 159.717
11 1.61723 0.316659 3.26728 2 827.196 231.756 441.171 167.974
12 1.25449 0.480513 3.62305 2 723.909 213.579 386.085 154.799
13 1.33128 0.111115 3.83449 2 724.418 266.442 386.356 193.114
14 1.38295 -0.152037 3.9449 2 726.789 300.855 387.621 218.056
15 1.31686 -0.249147 3.91429 2 716.925 313.645 382.36 227.326
16 1.35896 0.466051 3.5694 2 747.966 214.586 398.915 155.529
17 1.39804 0.0950318 3.70758 2 745.313 268.138 397.5 194.343
18 1.4082 -0.23152 3.81336 2 739.888 312.173 394.607 226.259
19 1.37127 -0.324046 3.72115 2 739.376 325.626 394.334 236.009
20 1.32693 0.923297 3.36807 2 757.249 141.281 403.866 102.398
21 1.09037 0.468374 3.71504 2 687.064 217.011 366.434 157.287
22 1.06461 0.524602 3.69809 2 683.183 208.971 364.364 151.459
23 1.60639 0.241139 3.23533 2 828.276 243.177 441.747 176.252
24 1.64858 0.316092 3.23657 2 837.052 231.393 446.427 167.711
1
0
-0.225823 0.0672416 0.941241 -0.241967
-0.259982 0.0760168 0.932384 -0.239356
-0.292983 0.0902322 0.907867 -0.286002
0 0 0 0
-0.386176 -0.643436 0.658643 0.055202
0.188942 0.637534 -0.348383 -0.660667
0.0641724 -0.417192 0.132929 0.896751
-0.147071 -0.428633 0.0597813 0.889421
-0.00717541 0.739954 0.54393 -0.395672
-0.0583229 0.834807 0.196939 0.510793
-0.134698 0.793968 0.0687674 0.588848
-0.14278 0.797025 -0.0654129 0.58317
-0.143499 -0.661618 0.705576 -0.209363
-0.206176 -0.478507 0.174483 0.835511
-0.149391 -0.31599 0.154914 0.924032
0 0 0 0
-0.239176 0.623227 0.600458 -0.440265
0.125938 0.843504 0.133599 0.50477
0.117965 0.802424 0.10308 0.575825
0 0 0 0
-0.293207 0.0900135 0.914623 -0.263423
0 0 0 0
0 0 0 0
0 0 0 0
0 0 0 0
