9040925
0 0.109613 0.0306888 2.76138 2 511.222 275.594 272.652 199.746
1 0.103095 0.321788 2.64993 2 510.717 219.747 272.383 159.27
2 0.0958427 0.603944 2.52537 2 510.152 159.745 272.081 115.781
3 0.124719 0.705647 2.5237 2 518.116 138.994 276.328 100.741
4 0.0802365 0.444826 2.46814 2 506.352 189.849 270.054 137.6
5 0.168426 0.215132 2.47802 2 530.69 237.285 283.035 171.981
6 0.29206 0.183964 2.61876 1 560.677 245.651 299.028 178.044
7 0.287252 0.215587 2.70196 1 557.093 240.82 297.116 174.543
8 0.207223 0.360559 2.53676 1 540.2 209.201 288.106 151.626
9 0.232001 0.157933 2.51813 2 547.307 249.477 291.897 180.818
10 0.284634 0.2796 2.73979 2 555.449 229.534 296.239 166.363
11 0.290977 0.297153 2.7775 1 556.058 227.029 296.564 164.548
12 0.0552354 0.0349401 2.70301 2 497.991 274.678 265.595 199.083
13 0.120635 -0.349289 2.88106 2 512.759 342.576 273.471 248.294
14 0.0868908 -0.708773 3.01127 2 503.87 400.738 268.731 290.449
15 0.179569 -0.765624 2.98657 2 525.487 411.509 280.26 298.256
16 0.161981 0.0253695 2.74364 2 524.517 276.536 279.742 200.43
17 0.0263226 -0.286952 3.07724 2 489.836 328.376 261.246 238.002
18 0.0236827 -0.766615 3.14853 1 489.149 404.883 260.879 293.454
19 0.167283 -0.75998 3.07754 2 521.489 406.681 278.127 294.757
20 0.0976187 0.534756 2.55883 2 510.262 175.173 272.14 126.963
21 0.295653 0.224708 2.71962 2 558.75 239.381 298 173.5
22 0.281984 0.210833 2.66986 2 556.613 241.237 296.86 174.845
23 0.28314 0.336947 2.81028 2 553.31 220.479 295.099 159.8
24 0.262861 0.322809 2.7655 2 549.375 222.094 293 160.971
1
1
0.150014 -0.0382392 0.971771 -0.178032
0.161487 -0.0403403 0.96993 -0.177568
0.176366 -0.0520658 0.958582 -0.217496
0 0 0 0
-0.353815 0.895354 -0.161148 0.217227
-0.0634731 0.878636 0.171956 0.440909
0.634437 0.465763 -0.12422 -0.604254
0.637587 0.46 -0.52045 -0.333189
-0.0839535 0.954379 0.268641 0.0997249
-0.022253 -0.586176 -0.0724858 0.806628
-0.464187 -0.170905 0.721159 0.485027
-0.442961 -0.204009 0.715789 0.499812
0.200669 -0.589904 0.69738 -0.354128
0.217585 0.778108 -0.0656697 -0.58557
0.160027 0.964307 -0.0781058 -0.195965
0 0 0 0
0.0087073 0.697917 0.672341 -0.246564
0.244804 0.773638 -0.335377 -0.478621
0.0190762 0.222101 0.0712497 0.97223
0 0 0 0
0.177271 -0.0481821 0.963409 -0.195182
0 0 0 0
0 0 0 0
0 0 0 0
0 0 0 0
