9044111
0 1.31249 0.488553 3.64034 2 733.887 212.753 391.407 154.2
1 1.30245 0.76688 3.51005 2 741.357 169.688 395.39 122.987
2 1.28294 1.03729 3.36807 2 748.161 124.023 399.019 89.8899
3 1.23012 1.15571 3.34538 2 738.939 104.932 394.101 76.0531
4 1.20846 0.953942 3.50895 2 722.871 142.433 385.531 103.233
5 1.19862 0.723812 3.63676 1 712.43 179.687 379.963 130.235
6 1.19157 0.570593 3.77269 2 702.719 204.126 374.784 147.948
7 1.18965 0.525744 3.78579 1 701.572 210.444 374.172 152.527
8 1.32959 0.900656 3.30322 2 763.156 142.041 407.016 102.949
9 1.17443 0.71759 3.23115 2 736.08 167.853 392.576 121.657
10 0.944855 0.64704 3.17427 2 690.184 177.29 368.098 128.498
11 0.854111 0.624013 3.14863 2 671.768 180.241 358.276 130.636
12 1.26878 0.492601 3.64419 2 725.249 212.275 386.799 153.854
13 1.2922 0.240736 3.86914 2 715.213 249.508 381.447 180.84
14 1.37301 -0.113607 3.94173 1 725.215 295.9 386.781 214.464
15 1.42265 -0.205341 3.83346 2 741.162 308.529 395.287 223.617
16 1.33124 0.475563 3.56951 2 742.544 213.236 396.023 154.55
17 1.42161 0.0229491 3.70811 2 749.711 278.054 399.846 201.53
18 1.38517 -0.251389 3.79648 2 736.802 314.977 392.961 228.291
19 1.39258 -0.341309 3.71289 2 743.964 328.103 396.781 237.805
20 1.28832 0.971114 3.40635 2 746.33 135.68 398.043 98.3392
21 1.1818 0.48479 3.78237 2 700.294 215.908 373.49 156.487
22 1.1748 0.539922 3.7896 2 698.625 208.613 372.6 151.2
23 0.79293 0.588933 3.12503 2 659.526 185.256 351.747 134.271
24 0.805527 0.566156 3.13262 2 661.873 189.195 352.999 137.126
0
0
-0.413056 0.0767072 0.884299 -0.203755
-0.438287 0.0825284 0.872069 -0.201468
-0.462234 0.0919556 0.847402 -0.244527
0 0 0 0
0.374243 0.717123 -0.542657 -0.226275
0.19087 0.684367 0.163594 0.684433
-0.0178571 -0.0952695 0.354798 0.929905
0.00623815 -0.10046 0.142849 0.984613
-0.248384 0.698302 0.412906 -0.529329
-0.141318 0.929494 -0.338701 0.0367793
0.485515 0.297058 -0.348358 0.744768
0.494131 0.28289 -0.37043 0.733887
-0.192643 -0.663461 0.713319 -0.117828
-0.0200011 0.044619 0.357171 0.932758
0.145946 0.778352 0.0256675 -0.61009
0 0 0 0
-0.360942 0.578449 0.531446 -0.502676
0.107509 0.932025 0.137246 0.317702
0.148518 0.640128 0.076039 0.749931
0 0 0 0
-0.465811 0.0835904 0.853226 -0.219178
0 0 0 0
0 0 0 0
0 0 0 0
0 0 0 0
