9069098
0 1.32453 0.481115 3.62709 2 737.12 213.544 393.131 154.773
1 1.32736 0.75235 3.50209 2 746.887 171.548 398.34 124.335
2 1.32508 1.01336 3.36468 2 757.089 127.506 403.781 92.415
3 1.32606 1.13162 3.29075 2 763.206 105.855 407.043 76.7223
4 1.17812 0.951358 3.47545 2 719.114 141.477 383.527 102.541
5 1.12207 0.755615 3.64877 2 697.068 175.608 371.769 127.279
6 1.08892 0.545007 3.67516 2 689.069 205.669 367.503 149.066
7 1.09798 0.497184 3.68738 2 690.062 212.535 368.033 154.043
8 1.46077 0.889385 3.33879 2 787.296 145.309 419.891 105.318
9 1.55469 0.672511 3.36342 2 804.493 179.182 429.063 129.869
10 1.62101 0.393238 3.31103 2 823.455 220.608 439.176 159.893
11 1.64148 0.340514 3.29673 2 829.198 228.51 442.239 165.621
12 1.25633 0.481617 3.61767 2 724.626 213.321 386.467 154.612
13 1.31679 0.115599 3.84481 2 721.132 265.889 384.604 192.713
14 1.39525 -0.216208 3.87105 2 733.699 309.688 391.306 224.458
15 1.28982 -0.291395 3.78308 2 720.102 320.468 384.055 232.271
16 1.36781 0.471795 3.56933 2 749.703 213.76 399.842 154.931
17 1.403 0.0807929 3.72788 2 744.806 270.157 397.23 195.806
18 1.4034 -0.256448 3.79766 2 740.077 315.65 394.708 228.779
19 1.38857 -0.337623 3.70666 2 743.648 327.674 396.612 237.494
20 1.32595 0.949512 3.40158 2 754.359 138.725 402.325 100.546
21 1.10806 0.427915 3.6886 2 691.854 222.132 368.989 160.998
22 1.05349 0.474836 3.68614 2 681.696 215.627 363.571 156.284
23 1.64692 0.277017 3.2635 2 833.845 237.904 444.718 172.43
24 1.5929 0.37078 3.25327 2 823.498 223.053 439.199 161.666
1
0
-0.195947 0.0477323 0.956911 -0.20892
-0.214407 0.0517618 0.952945 -0.207959
-0.232531 0.0564171 0.937444 -0.252874
0 0 0 0
0.303225 0.702963 -0.643148 -0.0160569
0.185262 0.695137 -0.315674 -0.618719
0.0378656 -0.48277 0.0915909 0.870121
-0.140131 -0.486379 0.0622946 0.860185
-0.00619445 0.755405 0.559069 -0.341712
-0.0544672 0.848538 0.201692 0.486145
-0.0619455 0.962776 0.132668 -0.227208
-0.0814152 0.950031 0.203643 -0.222132
-0.103263 -0.676429 0.702125 -0.196979
-0.197803 -0.475759 0.200388 0.83329
-0.121875 -0.321914 -0.00091945 0.938891
0 0 0 0
-0.224071 0.627535 0.6211 -0.412585
0.137377 0.823754 0.1392 0.532147
0.0765105 0.751015 0.067228 0.652383
0 0 0 0
-0.2338 0.052978 0.943817 -0.227467
0 0 0 0
0 0 0 0
0 0 0 0
0 0 0 0
