9069180
0 0.186308 0.077602 2.82807 2 529.222 267.337 282.252 193.762
1 0.153603 0.350235 2.70172 2 523.077 215.573 278.974 156.245
2 0.121083 0.614969 2.56198 2 516.581 159.285 275.51 115.447
3 0.167896 0.718725 2.55604 2 529.367 138.168 282.329 100.142
4 0.0782275 0.452764 2.50448 2 505.475 189.567 269.586 137.396
5 0.120452 0.197638 2.53208 2 516.653 241.733 275.548 175.205
6 0.224597 -0.00274395 2.62608 2 542.735 281.739 289.459 204.201
7 0.24165 -0.0644226 2.6732 2 546.092 293.4 291.249 212.652
8 0.258281 0.515267 2.85943 1 546.218 189.81 291.316 137.572
9 0.336635 0.373755 2.96024 1 562.266 217.233 299.875 157.447
10 0.322929 0.116501 2.9762 1 558.57 261.403 297.904 189.462
11 0.326349 0.0491184 3.00746 1 558.568 272.947 297.903 197.829
12 0.154825 0.0738756 2.7603 2 522.492 267.68 278.662 194.011
13 0.147681 -0.343115 2.92646 2 518.668 340.555 276.623 246.83
14 0.103039 -0.686481 3.07075 2 507.105 394.693 270.456 286.068
15 0.189673 -0.744829 3.0342 2 527.121 405.938 281.131 294.218
16 0.213128 0.0792986 2.82037 2 535.887 266.993 285.807 193.513
17 0.212852 -0.313143 2.88141 1 534.773 336.223 285.212 243.69
18 0.232781 -0.610465 3.25671 1 533.224 376.285 284.386 272.726
19 0.271609 -0.603158 3.35307 2 539.784 372.438 287.885 269.938
20 0.129309 0.550112 2.59929 2 518.265 173.808 276.408 125.973
21 0.284947 -0.120779 2.7078 2 556.319 303.781 296.703 220.176
22 0.194956 -0.0438121 2.68613 2 533.829 289.458 284.709 209.795
23 0.327699 0.0239711 3.01478 1 558.694 277.188 297.97 200.902
24 0.319064 0.0645959 2.96911 1 557.844 270.203 297.517 195.84
0
1
0.356802 -0.130045 0.90757 -0.179159
0.417484 -0.141887 0.881304 -0.169934
0.478943 -0.176678 0.837512 -0.194865
0 0 0 0
-0.200553 0.774489 -0.352822 0.485244
0.017402 0.916913 0.0958809 0.387007
-0.285407 -0.383802 0.0946008 0.873092
-0.243694 -0.425731 0.22921 0.840731
0.394986 0.665902 0.533301 0.340809
0.176952 0.861716 0.312188 0.358708
0.0264508 0.987149 -0.0310346 -0.154514
0.216276 0.962913 -0.0122481 -0.160852
0.332403 -0.584294 0.603823 -0.428376
0.170639 0.905643 -0.0803446 -0.379788
0.173681 0.94428 -0.11027 -0.256926
0 0 0 0
0.0609853 0.640578 0.72569 -0.243546
0.0563976 0.726486 0.0525309 0.682845
-0.238105 -0.451311 0.364812 0.778804
0 0 0 0
0.481548 -0.163946 0.842911 -0.175311
0 0 0 0
0 0 0 0
0 0 0 0
0 0 0 0
