9058830
0 1.27148 0.488178 3.64363 2 725.803 212.883 387.095 154.295
1 1.2776 0.769196 3.51819 2 735.847 169.617 392.452 122.936
2 1.27849 1.04321 3.38341 2 746.058 123.838 397.898 89.7559
3 1.2373 1.17041 3.35137 2 739.949 103.023 394.64 74.6697
4 1.17922 0.963983 3.54416 2 714.759 142.374 381.205 103.191
5 1.16266 0.752159 3.71922 1 700.601 178.079 373.654 129.069
6 1.14631 0.544428 3.76705 2 694.646 207.578 370.478 150.45
7 1.1381 0.493826 3.77884 1 692.432 214.647 369.297 155.573
8 1.36634 0.899802 3.32012 2 769.387 142.893 410.34 103.567
9 1.42007 0.671927 3.35109 2 777.939 178.853 414.901 129.63
10 1.3551 0.442689 3.39042 2 761.183 214.568 405.964 155.516
11 1.31113 0.385126 3.41441 2 750.227 223.658 400.121 162.104
12 1.21991 0.496582 3.64439 2 715.875 211.742 381.8 153.468
13 1.2717 0.198748 3.86219 2 711.91 254.995 379.685 184.817
14 1.35986 -0.170561 3.97359 2 720.96 303.085 384.512 219.672
15 1.3538 -0.253247 3.83696 2 728.398 314.858 388.479 228.205
16 1.29996 0.470724 3.57609 2 735.959 214.063 392.512 155.15
17 1.3935 0.0520092 3.72193 2 743.44 274.084 396.501 198.653
18 1.39258 -0.235936 3.80447 2 737.622 312.835 393.399 226.739
19 1.34961 -0.335693 3.72852 2 734.814 327.125 391.901 237.096
20 1.27912 0.975843 3.41904 2 743.492 135.512 396.529 98.2172
21 1.13847 0.450953 3.75613 2 693.746 220.063 369.998 159.499
22 1.11564 0.497508 3.76183 2 689.219 213.855 367.584 154.999
23 1.29994 0.326797 3.43117 2 746.619 232.621 398.197 168.601
24 1.30892 0.361951 3.36412 2 753.768 226.309 402.009 164.026
1
1
-0.351182 0.0842999 0.912774 -0.190809
-0.37873 0.0900535 0.901692 -0.188162
-0.407039 0.0972034 0.881056 -0.220477
0 0 0 0
0.379382 0.698806 -0.564918 -0.220471
-0.212578 -0.655337 0.264762 0.674718
-0.0147962 -0.43542 0.118136 0.89232
0.0203555 -0.439409 0.136345 0.887646
-0.148783 0.739914 0.477616 -0.449749
0.0709761 0.990286 0.111849 -0.0422507
0.102027 0.976028 -0.12233 0.148308
0.219207 0.922056 -0.273391 0.16437
-0.164708 -0.634439 0.743828 -0.130685
-0.187753 -0.370315 0.255075 0.873242
-0.179643 -0.649189 0.0327091 0.738385
0 0 0 0
-0.307865 0.623778 0.537961 -0.476149
0.111887 0.907512 0.159597 0.372065
0.116888 0.825832 0.0754872 0.54648
0 0 0 0
-0.407658 0.0958044 0.885781 -0.200074
0 0 0 0
0 0 0 0
0 0 0 0
0 0 0 0
