9056650
0 1.24631 0.439905 3.56585 2 726.167 218.302 387.289 158.222
1 1.22436 0.713452 3.41382 2 732.703 174.551 390.775 126.512
2 1.2001 0.981086 3.25632 2 739.62 127.415 394.464 92.3485
3 1.13269 1.09653 3.24353 2 726.187 108.656 387.3 78.7523
4 1.15518 0.913938 3.40807 2 719.087 144.323 383.513 104.603
5 1.14686 0.697644 3.57834 1 706.085 181.781 376.579 131.752
6 1.13002 0.471659 3.5964 2 701.529 214.386 374.149 155.384
7 1.12975 0.450333 3.5984 1 701.342 217.448 374.049 157.603
8 1.24735 0.832292 3.19046 2 755.181 148.041 402.763 107.298
9 1.28344 0.593804 3.22316 2 760.193 187.165 405.437 135.655
10 1.17874 0.402335 3.2934 2 732.03 218.904 390.416 158.658
11 1.12736 0.340216 3.31146 2 719.793 228.84 383.89 165.86
12 1.20922 0.44485 3.58171 2 717.857 217.893 382.857 157.926
13 1.27653 0.123936 3.85331 2 713.301 264.826 380.427 191.942
14 1.32171 -0.225784 3.9671 2 714.642 310.209 381.142 224.835
15 1.38888 -0.275908 3.8391 2 734.653 317.858 391.815 230.379
16 1.25946 0.424939 3.48393 2 734.541 218.997 391.755 158.726
17 1.37015 0.0292736 3.67567 2 742.292 277.149 395.889 200.874
18 1.38617 -0.268601 3.78725 2 737.612 317.379 393.393 230.032
19 1.36668 -0.350977 3.70435 2 739.69 329.537 394.501 238.844
20 1.20617 0.915169 3.29768 2 737.708 139.537 393.444 101.134
21 1.142 0.421932 3.63858 2 701.25 222.134 374 161
22 1.1207 0.453755 3.6175 2 698.438 217.309 372.5 157.503
23 1.10024 0.301166 3.34541 2 711.694 235.34 379.57 170.571
24 1.09713 0.33637 3.27142 2 716.248 228.805 381.999 165.835
1
1
-0.493016 0.096508 0.832409 -0.233918
-0.508598 0.100894 0.82298 -0.23206
-0.520704 0.11558 0.806923 -0.253739
0 0 0 0
0.46146 0.648143 -0.53103 -0.291502
-0.21043 -0.641542 0.251051 0.693626
0.0364872 -0.0153581 0.0403419 0.998401
0.00552307 -0.013709 0.0467843 0.998796
-0.223369 0.685779 0.396908 -0.567694
0.0787251 0.981694 0.0625405 -0.161768
0.0468478 0.871917 -0.283211 -0.396684
-0.0251593 0.858558 -0.351292 -0.372612
-0.324673 -0.662026 0.674867 -0.0294103
-0.165176 -0.229099 0.309608 0.90795
0.164438 0.828995 -0.0322965 -0.533558
0 0 0 0
-0.389714 0.557006 0.509286 -0.527727
0.185284 0.943772 0.17127 0.213613
0.122446 0.765154 0.1318 0.618203
0 0 0 0
-0.524255 0.106035 0.810648 -0.238249
0 0 0 0
0 0 0 0
0 0 0 0
0 0 0 0
