9033386
0 1.40175 0.566384 3.76032 2 742.452 204.354 395.974 148.113
1 1.39397 0.845879 3.64758 2 749.083 162.826 399.511 118.014
2 1.38055 1.11928 3.52621 2 755.449 119.243 402.906 86.4254
3 1.33178 1.23686 3.49162 2 748.349 100.524 399.119 72.8582
4 1.28877 1.04912 3.62369 2 730.694 133.412 389.703 96.6948
5 1.21099 0.859456 3.73073 1 709.029 163.669 378.149 118.625
6 1.17269 0.748745 3.5479 1 713.119 173.544 380.33 125.782
7 1.17559 0.723776 3.52155 1 715.403 176.356 381.548 127.821
8 1.485 0.994035 3.47624 2 780.121 135.33 416.065 98.0854
9 1.55203 0.795801 3.48744 2 792.586 164.763 422.713 119.418
10 1.27418 0.732871 3.46654 2 738.915 173.302 394.088 125.607
11 1.21502 0.730283 3.47801 1 726.225 174.061 387.32 126.157
12 1.33831 0.556954 3.76373 2 730.45 205.726 389.573 149.107
13 1.4049 0.134598 4.00649 2 726.847 264.087 387.652 191.407
14 1.45708 -0.132746 4.08849 2 730.852 297.762 389.788 215.814
15 1.33833 -0.196618 4.0046 2 715.354 306.226 381.522 221.949
16 1.4403 0.566672 3.69006 2 754.684 202.832 402.498 147.01
17 1.50361 0.145103 3.87374 2 753.057 262.101 401.631 189.968
18 1.55882 -0.144169 4.04479 2 751.126 299.393 400.601 216.996
19 1.55143 -0.220594 3.90166 2 759.688 310.06 405.167 224.727
20 1.38479 1.052 3.5583 2 753.893 130.314 402.076 94.4497
21 1.20154 0.701555 3.47452 2 723.751 178.184 386 129.145
22 1.21491 0.687395 3.47925 2 726.091 180.4 387.249 130.751
23 1.17733 0.713695 3.50833 2 716.621 177.426 382.198 128.596
24 1.21149 0.717963 3.4928 2 724.481 176.322 386.39 127.795
1
1
-0.269059 0.0395699 0.944007 -0.186792
-0.293515 0.0444137 0.936692 -0.1857
-0.318216 0.0444332 0.921582 -0.217834
0 0 0 0
0.317662 0.710159 -0.621868 -0.0896919
0.0370547 0.651859 -0.297593 -0.696524
-0.146042 0.421059 -0.473022 0.76002
-0.213913 0.408024 -0.333746 0.822418
-0.102643 0.737938 0.534072 -0.399599
0.0208678 0.985666 0.16307 0.037876
0.618686 0.0468938 -0.0841363 0.779712
0.691457 0.116152 0.0207473 0.712717
0.142548 0.746796 -0.637401 0.125282
-0.183772 -0.459428 0.191637 0.847602
-0.134878 -0.313522 0.1091 0.9336
0 0 0 0
-0.285391 0.560049 0.648343 -0.429592
0.145014 0.859324 0.157724 0.464388
0.135017 0.707436 0.238895 0.651332
0 0 0 0
-0.318433 0.04624 0.925759 -0.198579
0 0 0 0
0 0 0 0
0 0 0 0
0 0 0 0
