9080049
0 0.200176 0.0745707 2.85214 2 532.184 267.991 283.831 194.236
1 0.163714 0.346491 2.72136 2 525.35 216.745 280.187 157.094
2 0.127603 0.610104 2.57878 2 518.11 161.049 276.325 116.726
3 0.189413 0.706532 2.57077 2 534.886 141.42 285.272 102.499
4 0.0723703 0.45979 2.52358 2 503.713 188.847 268.647 136.874
5 0.0997476 0.211935 2.54219 2 510.926 239.045 272.494 173.257
6 0.246494 0.130185 2.67155 2 547.39 256.558 291.941 185.95
7 0.299973 0.129242 2.73447 2 559.4 257.292 298.347 186.482
8 0.264763 0.510452 2.87621 1 547.405 191.197 291.949 138.577
9 0.385701 0.548173 3.00787 1 572.407 188.707 305.284 136.773
10 0.602074 0.563719 2.98217 1 623.472 185.089 332.518 134.15
11 0.660658 0.580228 2.97832 1 637.341 182.084 339.915 131.972
12 0.166991 0.0747178 2.77553 2 525.294 267.601 280.157 193.953
13 0.154282 -0.336425 2.93831 2 520.072 339.161 277.372 245.819
14 0.104556 -0.68153 3.07047 2 507.446 393.879 270.638 285.478
15 0.188759 -0.743214 3.03496 2 526.901 405.633 281.014 293.997
16 0.228149 0.0725816 2.8544 2 538.888 268.352 287.407 194.498
17 0.218806 -0.31982 2.90114 1 535.842 337.017 285.783 244.265
18 0.228307 -0.634854 3.26281 2 532.197 379.918 283.838 275.36
19 0.289205 -0.64557 3.31112 2 544.186 380.142 290.233 275.522
20 0.136617 0.545549 2.61663 2 519.961 175.413 277.313 127.137
21 0.365335 0.108091 2.77034 2 574.688 261.457 306.5 189.501
22 0.248048 0.0768781 2.72519 2 546.523 266.942 291.479 193.476
23 0.715169 0.584152 2.95785 1 651.238 180.667 347.327 130.945
24 0.660858 0.632837 2.97424 1 637.66 172.904 340.086 125.318
0
0
0.38727 -0.144489 0.892954 -0.178265
0.424304 -0.151824 0.875963 -0.172062
0.459021 -0.178737 0.847069 -0.199566
0 0 0 0
-0.185706 0.770106 -0.404188 0.457255
0.0152125 0.931875 0.0645669 0.356662
-0.553603 -0.5802 -0.0270366 0.596791
0.70274 0.555514 0.0212203 -0.443972
0.400246 0.66921 0.528795 0.335167
-0.259104 0.246953 0.732182 0.579473
0.574749 -0.482042 -0.453041 -0.481719
0.6115 -0.416885 -0.511285 -0.436878
0.347694 -0.563089 0.616434 -0.426672
0.170248 0.919609 -0.0794884 -0.344989
0.156601 0.947168 -0.112757 -0.256194
0 0 0 0
0.175275 0.719932 0.658733 -0.130564
0.051144 0.724668 0.0321384 0.686446
-0.0861302 -0.165762 0.405263 0.894911
0 0 0 0
0.461112 -0.167737 0.852463 -0.180407
0 0 0 0
0 0 0 0
0 0 0 0
0 0 0 0
