9080648
0 1.30034 0.466079 3.59905 2 734.41 215.154 391.685 155.941
1 1.27159 0.736798 3.46045 2 738.847 172.532 394.052 125.049
2 1.23928 0.999492 3.30896 2 743.754 127.029 396.669 92.0687
3 1.18488 1.10993 3.27344 2 734.998 108.168 391.999 78.3986
4 1.17479 0.920757 3.45373 2 719.917 145.125 383.956 105.185
5 1.14998 0.691121 3.52306 1 710.212 181.153 378.78 131.297
6 1.17093 0.533148 3.69283 1 703.568 207.631 375.236 150.488
7 1.16415 0.454338 3.6919 1 702.291 218.509 374.555 158.372
8 1.28701 0.859263 3.23997 2 759.513 145.834 405.074 105.698
9 1.12767 0.715012 3.15205 2 732.11 165.429 390.459 119.9
10 0.893804 0.622844 3.06633 2 685.88 177.67 365.803 128.772
11 0.827586 0.610138 3.03049 1 673.048 178.628 358.959 129.467
12 1.25928 0.47127 3.60259 2 726.207 214.499 387.311 155.466
13 1.27286 0.209143 3.85445 2 712.587 253.568 380.046 183.782
14 1.36356 -0.167131 3.95254 2 722.887 302.761 385.54 219.437
15 1.27497 -0.264453 3.87579 1 711.713 315.973 379.58 229.013
16 1.31549 0.451878 3.52725 2 742.538 215.849 396.02 156.445
17 1.39599 0.0498203 3.70958 2 744.781 274.361 397.217 198.853
18 1.4229 -0.250301 3.79817 2 743.628 314.823 396.602 228.18
19 1.30614 -0.322169 3.73063 2 726.524 325.237 387.48 235.728
20 1.24808 0.935064 3.34909 2 742.49 138.681 395.995 100.514
21 1.17088 0.404815 3.73032 2 701.251 225.929 374 163.75
22 1.15387 0.44378 3.69767 2 700 220.069 373.333 159.503
23 0.749355 0.573659 2.98246 2 657.811 183.275 350.833 132.835
24 0.770717 0.57139 2.99186 2 662.229 183.956 353.189 133.329
1
0
-0.440166 0.0626888 0.865643 -0.230189
-0.461163 0.0682885 0.854641 -0.22859
-0.478217 0.0842599 0.832397 -0.267065
0 0 0 0
0.403736 0.710076 -0.530422 -0.226808
0.148564 0.802602 0.0425491 0.57615
-0.1455 -0.225377 0.373639 0.887935
0.0431461 -0.207602 0.00314562 0.977256
-0.246385 0.68197 0.406871 -0.555578
-0.197802 0.899852 -0.387673 0.0291706
0.429683 0.295513 -0.376635 0.765631
0.443474 0.238418 -0.469179 0.725506
-0.209825 -0.648562 0.720039 -0.129938
-0.00531435 0.0367679 0.373743 0.926788
-0.152286 -0.353561 0.0749911 0.919881
0 0 0 0
-0.359696 0.55792 0.524993 -0.53266
0.171707 0.929386 0.150135 0.290202
0.123364 0.944328 0.0836687 0.2933
0 0 0 0
-0.481251 0.0793903 0.837874 -0.245074
0 0 0 0
0 0 0 0
0 0 0 0
0 0 0 0
