9059274
0 1.27256 0.493084 3.65052 2 725.551 212.327 386.961 153.892
1 1.27922 0.772671 3.52365 2 735.776 169.286 392.414 122.696
2 1.28094 1.0452 3.38726 2 746.259 123.717 398.005 89.6685
3 1.23929 1.17144 3.35473 2 740.104 103.044 394.722 74.6852
4 1.18533 0.970944 3.54536 2 715.881 141.416 381.803 102.497
5 1.16679 0.752814 3.71452 1 701.653 177.855 374.215 128.907
6 1.14714 0.533626 3.76302 2 695.02 208.963 370.677 151.454
7 1.14442 0.502981 3.78128 2 693.469 213.452 369.85 154.707
8 1.36665 0.901894 3.32362 2 769.151 142.717 410.214 103.439
9 1.41883 0.676276 3.35149 2 777.647 178.203 414.745 129.159
10 1.34107 0.439209 3.39105 2 758.248 215.108 404.399 155.907
11 1.29829 0.39219 3.41138 2 747.84 222.553 398.848 161.303
12 1.22132 0.502011 3.65238 2 715.636 211.136 381.672 153.029
13 1.2726 0.199136 3.86993 2 711.613 254.997 379.527 184.818
14 1.37392 -0.156521 3.98572 2 722.694 301.224 385.437 218.323
15 1.30794 -0.25967 3.91397 2 715.354 315.016 381.522 228.319
16 1.30035 0.475039 3.5812 2 735.674 213.545 392.36 154.774
17 1.3893 0.0714261 3.72119 2 742.705 271.422 396.109 196.723
18 1.39387 -0.239918 3.8048 2 737.838 313.367 393.514 227.124
19 1.33691 -0.338135 3.73047 2 732.304 327.431 390.562 237.318
20 1.28135 0.978194 3.42326 2 743.626 135.341 396.601 98.0933
21 1.14519 0.452989 3.76504 2 694.492 219.93 370.396 159.402
22 1.11875 0.498687 3.77087 2 689.298 213.857 367.625 155.001
23 1.27277 0.335154 3.40279 2 743.254 230.967 396.402 167.402
24 1.27675 0.423967 3.45638 2 740.044 218.635 394.69 158.464
1
3
-0.362984 0.0887953 0.907442 -0.192113
-0.388 0.0940869 0.89703 -0.189578
-0.413456 0.101469 0.877218 -0.221915
0 0 0 0
0.386229 0.688755 -0.572292 -0.221192
-0.198494 -0.655346 0.257625 0.681727
0.0116329 -0.279395 0.116341 0.953031
-0.0330084 -0.258344 0.265712 0.928206
-0.151905 0.737538 0.474875 -0.455473
0.0653906 0.990729 0.109894 -0.0458607
0.148563 -0.0884766 0.0932629 0.980512
0.325609 -0.107547 0.204312 0.91688
-0.175441 -0.631423 0.744963 -0.124722
-0.181357 -0.358968 0.254557 0.879462
-0.183832 -0.396375 0.0854697 0.895426
0 0 0 0
-0.313946 0.622077 0.532926 -0.48005
0.113995 0.912661 0.156632 0.359891
0.110273 0.862528 0.0706907 0.488761
0 0 0 0
-0.414051 0.100047 0.881934 -0.201855
0 0 0 0
0 0 0 0
0 0 0 0
0 0 0 0
