9075829
0 0.149867 0.0797178 2.80238 2 520.697 266.83 277.705 193.395
1 0.13478 0.354284 2.69078 2 518.422 214.546 276.492 155.5
2 0.131589 0.622086 2.56798 2 519.332 158.149 276.977 114.624
3 0.182925 0.721543 2.57534 2 533.061 138.682 284.299 100.515
4 0.0974902 0.459136 2.5046 2 510.775 188.27 272.413 136.456
5 0.158831 0.226834 2.51852 2 527.319 235.641 281.237 170.789
6 0.303182 0.17733 2.68229 2 561.711 247.746 299.579 179.563
7 0.340113 0.199161 2.7571 1 568.842 244.634 303.382 177.308
8 0.268737 0.52237 2.86543 1 548.61 188.734 292.592 136.792
9 0.320887 0.275364 2.87218 1 560.843 232.66 299.116 168.629
10 0.323873 0.153742 2.70367 2 566.364 252.425 302.061 182.954
11 0.276119 0.162386 2.64951 1 555.63 250.194 296.336 181.337
12 0.120978 0.073893 2.72029 2 514.507 267.48 274.404 193.866
13 0.150282 -0.336037 2.93382 2 519.189 339.182 276.901 245.835
14 0.103842 -0.680838 3.06726 2 507.31 393.883 270.566 285.481
15 0.189194 -0.743391 3.03426 2 527.01 405.692 281.072 294.04
16 0.174805 0.0833887 2.80961 2 526.705 266.205 280.909 192.942
17 0.0997004 -0.288968 2.90107 1 507.584 331.603 270.712 240.341
18 0.204224 -0.570787 3.27445 2 526.925 369.581 281.027 267.867
19 0.308966 -0.627069 3.215 1 550.233 380.192 293.458 275.558
20 0.129445 0.556439 2.60198 2 518.269 172.677 276.41 125.154
21 0.370466 0.231897 2.78932 2 575.383 239.099 306.871 173.296
22 0.327133 0.157645 2.73467 2 566.251 252.029 302 182.667
23 0.2634 0.15811 2.61863 2 553.129 250.657 295.002 181.673
24 0.261972 0.146264 2.64025 2 552.185 253.18 294.499 183.501
1
1
0.468025 -0.114191 0.862295 -0.156078
0.489617 -0.11809 0.85022 -0.153149
0.513768 -0.112448 0.824533 -0.208669
0 0 0 0
-0.235559 0.750983 -0.316614 0.529426
-0.029866 0.891861 0.128402 0.432671
0.595415 0.713986 0.186826 -0.31749
0.777786 0.588665 0.147054 -0.164005
0.393166 0.671025 0.537242 0.326368
-0.0585734 0.746049 0.0867655 0.65761
0.130869 -0.270899 -0.436211 0.848061
0.505299 -0.0127546 -0.551456 0.663631
-0.38291 0.586961 -0.565674 0.434593
0.236876 0.930573 -0.0364513 -0.276759
0.160605 0.949496 -0.107446 -0.247222
0 0 0 0
0.236289 0.655324 0.717048 -0.0236544
0.151439 0.851061 -0.0235699 0.502202
0.0495232 0.332389 0.451196 0.826733
0 0 0 0
0.513671 -0.118336 0.83294 -0.168377
0 0 0 0
0 0 0 0
0 0 0 0
0 0 0 0
