85867256
0 0.947304 0.183017 2.92145 2 708.422 249.3 377.825 180.689
1 0.957523 0.437865 2.81378 2 719.801 201.85 383.894 146.298
2 0.963611 0.685673 2.69546 2 731.959 151.355 390.378 109.7
3 0.914199 0.792062 2.6372 2 724.452 127.885 386.374 92.6896
4 0.868432 0.651046 2.86996 2 693.689 165.512 369.967 119.961
5 0.85895 0.397105 3.02647 2 680.317 214.41 362.836 155.402
6 0.824042 0.184704 3.0899 2 668.23 250.817 356.389 181.789
7 0.820529 0.136123 3.08727 2 667.576 258.795 356.04 187.571
8 1.05219 0.557474 2.62023 2 762.547 172.597 406.692 125.096
9 1.08912 0.333981 2.63944 2 770.197 216.621 410.771 157.004
10 1.02698 0.0986843 2.69177 2 748.426 262.51 399.16 190.264
11 1.00124 0.0285225 2.71948 2 739.086 275.863 394.179 199.941
12 0.897605 0.192022 2.93263 2 695.722 247.875 371.052 179.657
13 0.955596 -0.193863 3.16598 2 692.753 312.38 369.468 226.409
14 1.03288 -0.508635 3.34419 2 697.847 358.717 372.185 259.993
15 1.00221 -0.562806 3.35437 2 690.856 366.708 368.457 265.785
16 0.976081 0.169661 2.84476 2 721.598 250.816 384.852 181.788
17 1.06727 -0.230239 3.0043 2 730.098 320.284 389.385 232.137
18 1.15578 -0.541521 3.20868 2 733.716 367.32 391.315 266.229
19 1.10798 -0.601563 3.18614 2 725.071 377.541 386.705 273.636
20 0.962861 0.624793 2.72701 2 728.862 164.272 388.726 119.062
21 0.820015 0.0788625 3.11794 2 665.623 268.355 354.999 194.5
22 0.832896 0.120511 3.05012 2 672.655 261.12 358.749 189.256
23 0.991261 -0.0412368 2.7632 2 732.489 288.819 390.661 209.332
24 1.04498 0.00903821 2.70257 2 752.005 279.505 401.07 202.581
1
1
-0.401125 0.0984108 0.894074 -0.173338
-0.424517 0.102939 0.883207 -0.170687
-0.446999 0.113919 0.862618 -0.207616
0 0 0 0
-0.42787 -0.602959 0.626626 0.246388
-0.1314 -0.513057 0.239375 0.81376
0.162661 0.908236 -0.0166536 0.385191
-0.0106089 0.918588 -0.0437397 0.392647
-0.164162 0.717739 0.50536 -0.450015
0.0547494 0.983344 0.0738655 -0.156782
0.165434 0.619868 0.00334467 0.767062
0.242425 0.615183 0.0329002 0.749465
-0.2271 -0.640588 0.731754 -0.0510788
-0.152763 -0.325449 0.228697 0.904679
-0.151161 -0.170118 0.227263 0.946869
0 0 0 0
-0.345906 0.60726 0.547611 -0.460115
0.140959 0.923783 0.160627 0.317732
0.22353 0.897183 0.208328 0.318897
0 0 0 0
-0.447876 0.110652 0.867625 -0.185445
0 0 0 0
0 0 0 0
0 0 0 0
0 0 0 0
