85850881
0 0.979372 0.176975 2.90954 2 717.05 250.216 382.427 181.353
1 0.994914 0.424424 2.79102 2 731.08 203.637 389.909 147.593
2 1.00484 0.665155 2.66264 2 745.771 153.682 397.745 111.387
3 0.958524 0.774288 2.60049 2 739.657 129.219 394.484 93.6563
4 0.902542 0.644525 2.83929 2 704.337 165.404 375.647 119.882
5 0.882228 0.432935 2.9972 2 687.704 207.637 366.775 150.493
6 0.843707 0.213599 3.05763 2 674.691 245.678 359.835 178.064
7 0.842318 0.154355 3.06513 2 673.878 255.601 359.402 185.256
8 1.08808 0.534239 2.59674 2 774.649 176.185 413.146 127.696
9 1.126 0.312145 2.62345 2 781.716 220.471 416.915 159.794
10 1.05641 0.0883895 2.68876 2 756.37 264.439 403.397 191.662
11 1.02169 0.0256395 2.71704 2 744.578 276.398 397.108 200.33
12 0.927696 0.186465 2.92226 2 703.671 248.714 375.291 180.265
13 0.970516 -0.161269 3.17224 2 695.609 307.09 370.991 222.575
14 1.02763 -0.472071 3.38502 2 694.132 352.257 370.204 255.311
15 0.988708 -0.527847 3.38726 2 686.019 360.591 365.877 261.352
16 1.00896 0.163567 2.83168 2 730.819 251.762 389.77 182.474
17 1.10323 -0.212943 3.01483 2 737.558 317.23 393.364 229.924
18 1.18424 -0.520673 3.25151 2 736.496 362.915 392.798 263.036
19 1.13387 -0.57873 3.20804 2 729.027 373.254 388.814 270.529
20 1.00327 0.605983 2.69663 2 742.047 166.5 395.758 120.677
21 0.83871 0.098817 3.08116 2 672.046 264.904 358.425 191.999
22 0.857956 0.116646 3.00513 2 681.324 261.465 363.373 189.506
23 0.996885 -0.0505765 2.75545 2 734.622 290.569 391.798 210.6
24 0.9994 0.0592868 2.73407 2 737.244 270.154 393.197 195.804
1
1
-0.393724 0.115892 0.891739 -0.190662
-0.418011 0.121073 0.880616 -0.187414
-0.442475 0.128629 0.85888 -0.223597
0 0 0 0
-0.436348 -0.585709 0.646029 0.221793
-0.162815 -0.587025 0.271956 0.744938
0.150586 0.950286 -0.0452478 0.268763
0.063685 0.95989 0.00600069 0.272983
-0.151285 0.726347 0.486826 -0.461013
0.0729854 0.979317 0.0723247 -0.174298
0.0891512 -0.341068 0.179267 0.91847
0.151541 -0.34196 0.26463 0.888858
-0.247944 -0.639566 0.725464 -0.0563996
-0.154065 -0.326622 0.268877 0.892909
-0.152738 -0.249754 0.26222 0.919529
0 0 0 0
-0.348132 0.610121 0.547121 -0.455209
0.171942 0.917124 0.1783 0.312295
0.243924 0.858718 0.229173 0.388052
0 0 0 0
-0.44285 0.126878 0.864375 -0.201597
0 0 0 0
0 0 0 0
0 0 0 0
0 0 0 0
