85851168
0 0.972599 0.179383 2.91719 2 714.811 249.88 381.233 181.109
1 0.988256 0.42719 2.79819 2 728.783 203.336 388.684 147.375
2 0.998938 0.668162 2.66917 2 743.596 153.419 396.584 111.196
3 0.95215 0.777559 2.60678 2 737.347 128.943 393.252 93.4564
4 0.898637 0.647638 2.84356 2 703.05 165.021 374.96 119.605
5 0.876819 0.410413 3.01661 2 685.109 211.928 365.391 153.603
6 0.838 0.193454 3.06471 2 672.938 249.108 358.9 180.55
7 0.837499 0.147932 3.06509 2 672.781 256.668 358.816 186.029
8 1.08315 0.538781 2.60308 2 772.63 175.549 412.069 127.236
9 1.11832 0.31623 2.63034 2 778.907 219.838 415.417 159.336
10 1.04873 0.0893023 2.69317 2 753.928 264.294 402.095 191.557
11 1.01401 0.0245855 2.72323 2 742.008 276.607 395.737 200.481
12 0.921537 0.188267 2.92937 2 701.665 248.482 374.221 180.097
13 0.972193 -0.160382 3.18401 2 695.187 306.853 370.766 222.403
14 1.02988 -0.473708 3.38476 2 694.614 352.511 370.461 255.495
15 0.987466 -0.527431 3.38738 2 685.755 360.525 365.736 261.304
16 1.00176 0.16659 2.83979 2 728.338 251.306 388.447 182.143
17 1.09944 -0.214047 3.02197 2 736.079 317.33 392.575 229.996
18 1.17821 -0.519111 3.24144 2 735.989 362.922 392.527 263.041
19 1.13411 -0.581624 3.20627 2 729.218 373.767 388.916 270.901
20 0.997129 0.608959 2.70333 2 739.827 166.225 394.574 120.477
21 0.842997 0.0945938 3.06315 2 674.137 265.507 359.54 192.436
22 0.851936 0.130061 2.99965 2 680.292 259.155 362.822 187.832
23 0.988202 -0.0476844 2.76007 2 731.999 290.018 390.399 210.201
24 0.987155 0.05362 2.73856 2 733.698 271.229 391.306 196.583
1
1
-0.392797 0.116046 0.892022 -0.191155
-0.417141 0.121251 0.880901 -0.187897
-0.441273 0.130346 0.859183 -0.223813
0 0 0 0
-0.437722 -0.583601 0.646906 0.222084
-0.160897 -0.588389 0.266984 0.746076
0.125257 0.961721 -0.0586519 0.236564
0.00547792 0.969217 -0.00429454 0.246111
-0.151219 0.724469 0.4925 -0.457955
0.0723104 0.981642 0.0668914 -0.163324
0.0963714 -0.307152 0.169114 0.931542
0.153678 -0.305766 0.261964 0.902366
-0.24517 -0.642653 0.723412 -0.0597079
-0.163226 -0.324693 0.268947 0.891964
-0.140715 -0.215625 0.253316 0.932489
0 0 0 0
-0.3509 0.608496 0.548131 -0.454042
0.167936 0.917555 0.180025 0.31222
0.229665 0.861995 0.223632 0.392692
0 0 0 0
-0.441749 0.128108 0.864703 -0.201828
0 0 0 0
0 0 0 0
0 0 0 0
0 0 0 0
