85841734
0 0.977676 0.236167 3.04148 2 706.478 241.657 376.788 175.15
1 0.987619 0.501644 2.93833 2 716.917 194.139 382.356 140.709
2 0.992965 0.759685 2.82413 2 727.876 143.89 388.201 104.29
3 0.940708 0.865677 2.79445 2 717.5 123.065 382.667 89.196
4 0.922941 0.710839 3.00464 2 696.905 160.524 371.683 116.346
5 0.909677 0.466816 3.17927 2 681.974 206.437 363.719 149.623
6 0.886018 0.25872 3.25839 2 671.906 240.826 358.35 174.547
7 0.875464 0.207364 3.25588 2 669.767 248.825 357.209 180.345
8 1.05737 0.61724 2.74029 2 751.647 166.224 400.878 120.477
9 1.07607 0.388367 2.75054 2 755.298 209.149 402.826 151.588
10 0.99648 0.151378 2.83496 2 727.45 253.992 387.974 184.09
11 0.978216 0.104982 2.85829 2 720.964 262.494 384.514 190.252
12 0.935768 0.248006 3.05294 2 696.053 239.847 371.228 173.838
13 1.01614 -0.121751 3.35049 2 693.737 299.707 369.993 217.223
14 1.10727 -0.420968 3.47502 2 704.599 342.937 375.786 248.556
15 1.06218 -0.451761 3.53383 2 692.003 346.323 369.068 251.01
16 0.999027 0.21741 2.96483 2 717.312 243.842 382.566 176.733
17 1.08868 -0.167134 3.15888 2 722.657 308.176 385.417 223.362
18 1.19521 -0.488899 3.32764 2 732.958 356.16 390.911 258.14
19 1.15151 -0.552639 3.28694 2 726.828 366.981 387.641 265.983
20 0.992424 0.696254 2.85469 2 725.1 156.721 386.72 113.589
21 0.876852 0.154408 3.27217 2 669.109 257.219 356.858 186.429
22 0.90095 0.146474 3.173 2 680.246 257.728 362.798 186.798
23 0.951082 0.0352344 2.90165 2 710.839 275.026 379.114 199.335
24 1.02922 0.086033 2.86952 2 732.449 265.926 390.64 192.739
1
1
-0.457488 0.101441 0.869757 -0.15472
-0.484847 0.106297 0.854807 -0.151425
-0.511382 0.12015 0.829998 -0.187499
0 0 0 0
0.447773 0.597611 -0.586052 -0.314489
-0.171577 -0.591517 0.253675 0.745867
0.187358 0.957771 -0.0125732 0.217744
-0.00063177 0.968895 -0.103902 0.224602
-0.213263 0.71502 0.443931 -0.496176
0.0340319 0.947814 0.0315897 -0.315424
0.221923 0.575713 0.0409835 0.785891
0.270312 0.571834 0.0743559 0.770979
-0.240127 -0.606581 0.757498 -0.0244062
-0.179154 -0.269123 0.289549 0.90091
-0.0663216 0.330234 0.226318 0.913962
0 0 0 0
-0.361264 0.610675 0.504744 -0.491729
0.190829 0.931879 0.162975 0.261964
0.153585 0.880939 0.226958 0.385809
0 0 0 0
-0.512649 0.115347 0.834533 -0.165653
0 0 0 0
0 0 0 0
0 0 0 0
0 0 0 0
