85836596
0 -0.0293305 -0.0944333 2.50357 2 475.91 300.275 253.818 217.636
1 0.0204082 0.185931 2.42324 2 489.744 242.413 261.197 175.697
2 0.0670227 0.457539 2.33027 2 503.78 181.63 268.683 131.643
3 0.155225 0.555918 2.31627 2 530.223 159.282 282.786 115.445
4 -0.0499166 0.325774 2.24078 2 468.626 207.588 249.934 150.457
5 -0.146838 0.0969995 2.22693 2 438.645 259.185 233.944 187.854
6 -0.102243 -0.121423 2.26006 2 452.873 308.375 241.532 223.506
7 -0.09849 -0.167006 2.29407 2 454.451 318.026 242.374 230.501
8 0.132382 0.337059 2.47806 2 520.72 212.333 277.717 153.896
9 0.269529 0.245147 2.58878 1 555.595 233.264 296.317 169.067
10 0.471821 0.21087 2.60442 1 608.818 240.147 324.703 174.056
11 0.552215 0.193637 2.61085 1 629.857 243.564 335.923 176.532
12 -0.0601223 -0.0897526 2.43106 2 466.969 299.872 249.05 217.343
13 -0.154813 -0.439548 2.49986 2 441.29 370.352 235.355 268.426
14 -0.281329 -0.89953 2.70365 2 411.887 450.778 219.673 326.717
15 -0.201764 -0.947406 2.67063 2 431.611 462.077 230.193 334.907
16 0.00194774 -0.0963907 2.50895 2 484.49 300.629 258.395 217.892
17 0.0224351 -0.406561 2.68298 2 489.712 357.957 261.18 259.442
18 0.0293632 -0.787135 2.89381 2 490.967 419.506 261.849 304.052
19 0.128777 -0.832394 2.86527 2 515.033 429.023 274.684 310.95
20 0.0556395 0.390878 2.35576 2 500.22 197.139 266.784 142.883
21 -0.0797528 -0.224786 2.3123 2 460.245 330.389 245.464 239.462
22 -0.117192 -0.196491 2.25569 2 448.24 325.276 239.062 235.756
23 0.577305 0.160943 2.6203 1 635.959 250.029 339.178 181.217
24 0.564074 0.217507 2.57369 1 635.196 238.298 338.771 172.715
1
0
0.408719 0.0205552 0.898203 -0.160493
0.411078 0.0201333 0.897125 -0.160546
0.406814 -0.00155375 0.892016 -0.196995
0 0 0 0
-0.150265 0.707819 -0.533797 0.437577
0.00579826 0.965366 -0.200729 0.166559
0.102471 0.938303 0.0701937 -0.322739
0.311837 0.911561 -0.0537001 -0.262547
0.361435 0.77859 0.441279 0.261601
-0.309482 0.213176 0.41598 0.828093
-0.336822 0.618886 0.550691 0.447517
-0.327518 0.629317 0.536896 0.456547
0.310924 -0.512066 0.658015 -0.456214
0.0444637 0.927787 -0.154483 -0.336703
0.166768 0.943671 -0.169837 -0.229844
0 0 0 0
0.159988 0.726993 0.666051 -0.0475499
0.0669723 0.362023 0.245332 0.896809
0.0473859 0.214368 0.245836 0.944122
0 0 0 0
0.410585 0.00899177 0.894502 -0.176652
0 0 0 0
0 0 0 0
0 0 0 0
0 0 0 0
