85848507
0 0.95794 0.180188 2.95173 2 708.613 250.115 377.927 181.28
1 0.95286 0.429852 2.83592 2 716.79 203.921 382.288 147.799
2 0.943818 0.672483 2.70912 2 725.62 154.506 386.997 111.984
3 0.888493 0.777093 2.64851 2 716.687 131.428 382.233 95.2572
4 0.845565 0.650041 2.90304 2 685.789 167.035 365.754 121.065
5 0.860961 0.396254 3.06347 2 678.379 215.366 361.802 156.094
6 0.817891 0.190536 3.14104 2 663.84 250.375 354.048 181.468
7 0.816217 0.14598 3.13928 2 663.552 257.575 353.894 186.687
8 1.03072 0.548077 2.63853 2 754.96 175.172 402.645 126.962
9 1.08782 0.324087 2.66866 2 766.709 219.224 408.912 158.891
10 1.0759 0.0943061 2.72439 2 757.778 263.549 404.148 191.017
11 1.07195 0.0238946 2.75181 2 754.019 276.781 402.143 200.607
12 0.909865 0.187553 2.96357 2 696.377 248.99 371.401 180.465
13 0.919144 -0.128516 3.22059 2 681.254 301.51 363.336 218.53
14 0.917153 -0.429979 3.45953 2 667.258 344.446 355.871 249.65
15 0.852672 -0.49245 3.45922 2 654.34 353.62 348.981 256.299
16 0.984852 0.168563 2.87429 2 721.266 251.323 384.675 182.155
17 1.09082 -0.198395 3.02799 2 733.578 314.618 391.241 228.031
18 1.17282 -0.518146 3.24469 2 734.574 362.685 391.773 262.869
19 1.13424 -0.583211 3.21111 2 728.874 373.879 388.733 270.982
20 0.94682 0.612895 2.74283 2 723.363 167.175 385.793 121.166
21 0.818869 0.0963921 3.1654 2 662.627 265.734 353.401 192.601
22 0.839021 0.10621 3.1516 2 667.875 264.079 356.2 191.401
23 1.08616 -0.0566072 2.78474 2 754.368 291.581 402.33 211.334
24 1.03165 0.045403 2.76615 2 742.428 272.84 395.962 197.751
1
1
-0.409781 0.0818297 0.886328 -0.199513
-0.435572 0.0876398 0.873942 -0.19703
-0.458909 0.100813 0.85098 -0.234676
0 0 0 0
-0.460128 -0.592762 0.62004 0.229055
-0.116857 -0.316842 0.253507 0.906471
0.179647 0.542652 0.0927563 0.815262
0.00477567 0.551909 -0.0267603 0.833461
-0.153572 0.699284 0.508433 -0.478449
0.0862708 0.974319 0.110088 -0.176465
-0.0248145 -0.401895 0.118693 0.907621
-0.0498311 -0.395291 0.179524 0.899463
-0.248003 -0.650247 0.715583 -0.060128
-0.129419 -0.332504 0.308911 0.881627
-0.0863496 -0.255537 0.31734 0.909143
0 0 0 0
-0.343777 0.585093 0.558226 -0.477354
0.140961 0.923704 0.185709 0.303996
0.212738 0.857451 0.223287 0.411903
0 0 0 0
-0.460638 0.0970628 0.856328 -0.212351
0 0 0 0
0 0 0 0
0 0 0 0
0 0 0 0
