7685018
0 -0.148779 0.545071 3.97942 2 458.231 211.857 244.39 153.551
1 -0.187704 0.842988 3.8758 2 450.551 170.813 240.294 123.803
2 -0.226071 1.12868 3.76159 2 442.384 128.484 235.938 93.1231
3 -0.221489 1.24736 3.74234 2 442.977 111.386 236.254 80.7312
4 -0.253119 0.972744 3.68965 2 436.556 147.167 232.83 106.665
5 -0.107821 0.818885 3.65213 2 463.59 167.389 247.248 121.321
6 0.0989701 0.810467 3.66157 2 502.601 168.862 268.054 122.389
7 0.138822 0.834234 3.66916 1 510.061 165.777 272.033 120.153
8 -0.0941038 1.08332 3.94945 1 467.492 141.737 249.329 102.729
9 0.0420995 0.963822 4.04845 2 491.133 160.309 261.938 116.19
10 0.180553 0.911027 3.79843 2 516.768 159.384 275.61 115.519
11 0.233593 0.884435 3.68383 2 527.734 159.244 281.458 115.418
12 -0.190565 0.532912 3.93707 2 450.649 212.672 240.346 154.141
13 -0.149749 0.177351 4.05397 2 458.58 259.096 244.576 187.789
14 -0.166834 -0.138224 4.20696 2 456.715 297.819 243.581 215.855
15 -0.0706021 -0.192796 4.13944 2 472.24 304.754 251.861 220.881
16 -0.101175 0.539244 3.94551 2 466.313 212.014 248.7 153.665
17 -0.00141784 0.283899 4.21426 2 483.725 247.151 257.987 179.132
18 -0.0695775 -0.0790571 4.43089 2 473.172 290.228 252.358 210.353
19 -0.0299503 -0.15295 4.29274 2 479.164 299.219 255.554 216.87
20 -0.216608 1.05906 3.79217 2 444.473 139.158 237.052 100.86
21 0.228379 0.85623 3.67276 2 526.875 162.807 281 118
22 0.152993 0.851047 3.6584 2 512.816 163.081 273.502 118.199
23 0.276798 0.873114 3.65407 2 536.257 159.815 286.004 115.832
24 0.279734 0.906008 3.66544 2 536.662 155.598 286.22 112.775
1
1
0.0449268 -0.0697163 0.983195 -0.162629
0.254042 -0.102866 0.95087 -0.143969
0.484409 -0.156218 0.848292 -0.146094
0 0 0 0
-0.265563 0.756997 -0.344632 0.487504
-0.12465 0.922958 0.355702 0.0780173
-0.628407 0.273081 0.291187 0.667639
0.737434 -0.178268 -0.457093 -0.464195
0.346239 0.603174 0.663702 0.275315
-0.162248 0.487601 0.429308 0.742708
0.622283 -0.567944 0.148097 -0.517948
0.60599 -0.588525 0.172484 -0.506621
-0.202707 0.692136 -0.598995 0.347942
0.1534 0.728721 -0.0654335 -0.664193
0.201197 0.914372 -0.100676 -0.336613
0 0 0 0
-0.0922365 0.657163 0.664749 -0.343129
0.101412 0.51962 0.396422 0.75004
0.224312 0.577365 0.160686 0.768449
0 0 0 0
0.485799 -0.145169 0.852474 -0.127333
0 0 0 0
0 0 0 0
0 0 0 0
0 0 0 0
