7672590
0 1.43796 0.519477 3.74701 2 750.096 210.462 400.051 152.54
1 1.42381 0.770196 3.61743 2 757.016 172.52 403.742 125.04
2 1.40554 1.01673 3.48055 2 764.016 132.136 407.475 95.7707
3 1.345 1.13029 3.47006 2 752.724 115.009 401.453 83.3571
4 1.36604 0.972095 3.61454 1 746.146 143.918 397.945 104.309
5 1.35601 0.809438 3.79294 1 731.917 172.295 390.356 124.877
6 1.54297 0.724553 3.84456 1 762.382 185.003 406.604 134.088
7 1.60579 0.712289 3.81514 1 775.959 185.9 413.845 134.738
8 1.4422 0.868632 3.40423 2 777.784 150.987 414.818 109.433
9 1.36113 0.654658 3.49058 2 754.458 185.475 402.378 134.43
10 1.21187 0.621656 3.67389 2 712.549 194.924 380.026 141.278
11 1.14725 0.623283 3.71753 1 697.713 195.756 372.114 141.881
12 1.40902 0.529595 3.75603 2 744.082 209.266 396.844 151.673
13 1.42581 0.238556 3.96228 2 733.294 250.513 391.09 181.569
14 1.5227 -0.183504 3.94604 2 751.474 304.934 400.786 221.012
15 1.49378 -0.2715 3.83521 2 754.015 317.329 402.142 229.996
16 1.44332 0.500565 3.67888 2 756.062 211.769 403.233 153.487
17 1.48067 0.148889 3.77946 2 755.582 261.112 402.977 189.251
18 1.57916 -0.272342 3.78502 2 773.352 317.936 412.454 230.436
19 1.51116 -0.335243 3.78456 2 760.872 326.416 405.798 236.582
20 1.41079 0.955883 3.51639 2 762.253 142.459 406.535 103.252
21 1.64477 0.706041 3.78888 1 785.107 186.086 418.724 134.872
22 1.56107 0.705587 3.80666 1 768.458 186.587 409.845 135.235
23 1.10556 0.584627 3.76594 2 687.187 202.129 366.5 146.501
24 1.10316 0.666399 3.68875 2 691.093 189.136 368.583 137.083
1
0
-0.540032 0.109792 0.807462 -0.210514
-0.549105 0.112159 0.80132 -0.209262
-0.555827 0.119847 0.787846 -0.236626
0 0 0 0
-0.470784 -0.580896 0.593862 0.29707
0.401357 0.9128 -0.0482979 -0.0581016
-0.518907 -0.467651 -0.173989 0.694093
-0.458439 -0.254438 -0.450324 0.722706
-0.246188 0.675216 0.373653 -0.586394
0.0892087 0.870932 -0.23365 -0.422998
0.00583132 -0.471105 0.656377 0.589233
0.109681 -0.512895 0.705977 0.475926
-0.306179 -0.582456 0.751364 -0.049521
0.161327 0.569169 0.25784 0.763897
-0.0842263 -0.539703 -0.0769631 0.834089
0 0 0 0
-0.395865 0.56594 0.458179 -0.559531
0.12619 0.971484 0.0763883 0.185635
0.00563958 0.993365 0.114639 0.0072032
0 0 0 0
-0.557776 0.11584 0.791986 -0.219604
0 0 0 0
0 0 0 0
0 0 0 0
0 0 0 0
