7674955
0 -0.108031 0.563753 3.94812 2 465.127 208.905 248.068 151.411
1 -0.141599 0.83773 3.84365 2 458.547 170.591 244.558 123.642
2 -0.175344 1.10212 3.71952 2 451.354 130.419 240.722 94.5261
3 -0.140431 1.21776 3.70639 2 457.728 113.846 244.122 82.5143
4 -0.215174 0.943521 3.65412 2 443.281 149.964 236.416 108.692
5 -0.173601 0.686478 3.70365 2 451.658 187.228 240.884 135.7
6 0.0291686 0.520609 3.79461 2 489.245 211.751 260.931 153.474
7 0.0771067 0.502316 3.81353 2 497.866 214.531 265.529 155.489
8 -0.0756076 1.071 3.89563 1 470.545 141.417 250.957 102.497
9 0.0836371 1.02649 4.07476 1 498.129 153.215 265.669 111.049
10 0.162095 0.756452 4.10005 1 511.197 187.668 272.638 136.019
11 0.166791 0.663625 4.09752 1 511.985 199.15 273.059 144.341
12 -0.136965 0.54726 3.87108 2 459.608 209.623 245.124 151.932
13 -0.146831 0.172452 4.05587 2 459.087 259.717 244.846 188.239
14 -0.163761 -0.135896 4.20756 2 457.221 297.537 243.851 215.651
15 -0.0668971 -0.190004 4.14267 2 472.864 304.394 252.194 220.621
16 -0.0790284 0.581255 3.94262 2 470.161 206.549 250.753 149.704
17 0.0345125 0.357871 4.12742 2 489.703 237.361 261.175 172.036
18 -0.0176674 -0.0149689 4.39221 2 481.194 282.933 256.637 205.066
19 0.0217968 -0.105456 4.26898 2 487.463 293.695 259.98 212.866
20 -0.16742 1.03796 3.75314 2 453.127 140.564 241.668 101.879
21 0.138665 0.463456 3.82785 2 508.873 219.93 271.399 159.402
22 0.0905407 0.528558 3.7796 2 500.44 210.403 266.901 152.497
23 0.188939 0.635717 4.10838 2 515.618 202.821 274.996 147.002
24 0.219195 0.65371 4.0475 2 521.25 199.369 278 144.5
0
0
0.433261 -0.131503 0.881161 -0.13619
0.462723 -0.13602 0.866052 -0.131679
0.489637 -0.168531 0.836965 -0.17704
0 0 0 0
-0.217055 0.762853 -0.356481 0.493825
0.0808175 0.980534 0.0926016 0.15312
-0.113739 0.696075 0.433587 0.560843
-0.178898 0.629383 0.5484 0.520701
0.397918 0.570698 0.661304 0.280431
0.213179 0.673295 0.602719 0.371428
-0.00488031 0.930788 0.147518 0.334436
-0.0214296 0.939005 0.019076 0.342705
-0.359225 0.634426 -0.522209 0.442447
0.212238 0.926573 -0.0813755 -0.29966
0.204651 0.916765 -0.100077 -0.328091
0 0 0 0
0.0963337 0.473084 0.863545 -0.145607
-0.10265 0.251015 0.361582 0.892027
0.228543 0.568796 0.206741 0.76256
0 0 0 0
0.491398 -0.157184 0.843225 -0.150975
0 0 0 0
0 0 0 0
0 0 0 0
0 0 0 0
