1400877
0 -0.0638979 -0.14777 2.12092 2 463.254 316.44 247.069 229.352
1 -0.00410688 0.207775 2.14148 2 482.638 232.133 257.407 168.247
2 0.0529958 0.549264 2.1485 2 500.991 151.3 267.195 109.66
3 0.154022 0.623824 2.23032 2 531.697 138.927 283.572 100.692
4 -0.0022648 0.385478 1.97433 2 483.166 182.199 257.689 132.055
5 -0.00830045 0.145533 1.86603 2 480.9 241.774 256.48 175.234
6 0.0690641 -0.0604819 1.83198 2 509.854 297.899 271.922 215.913
7 0.0648832 -0.119805 1.83957 2 508.193 314.141 271.036 227.685
8 0.202795 0.454882 2.33839 1 543.757 182.506 290.004 132.278
9 0.0138234 0.22586 2.32647 1 488.041 232.104 260.289 168.225
10 0.165764 -0.0215632 2.27706 2 533.978 285.999 284.788 207.288
11 0.190343 -0.06267 2.2653 2 541.707 295.202 288.91 213.959
12 -0.0943951 -0.138822 2.05215 2 452.346 315.419 241.251 228.612
13 0.0990937 -0.424015 1.94286 2 519.14 391.99 276.874 284.109
14 0.0689456 -0.791521 1.92284 2 508.825 491.292 271.373 356.082
15 0.155715 -0.83659 1.83793 1 542.734 513.579 289.458 372.235
16 -0.0313234 -0.151312 2.11214 2 473.766 317.433 252.675 230.071
17 -0.00144019 -0.472634 2.00673 2 483.461 400.807 257.846 290.5
18 -0.160201 -0.765825 2.04728 2 429.715 472.013 229.181 342.108
19 -0.146497 -0.851352 2.00297 2 433.22 498.174 231.051 361.07
20 0.039061 0.465762 2.14902 2 496.492 171.223 264.796 124.1
21 0.0924067 -0.183128 1.8347 2 518.589 331.714 276.581 240.422
22 0.119951 -0.10182 1.89353 2 527.492 308.404 281.329 223.527
23 0.218582 -0.105723 2.22891 2 551.384 305.209 294.072 221.211
24 0.178542 -0.0852368 2.26309 2 538.179 300.259 287.029 217.624
3
0
0.367494 0.0877867 0.925865 -0.00409815
0.432165 0.0872757 0.897502 -0.0103073
0.501835 0.0697882 0.861006 -0.0442607
0 0 0 0
-0.352957 0.676858 -0.413874 0.495978
-0.198394 0.937414 -0.0709027 0.277249
-0.191461 0.262781 -0.0276674 0.945264
0.0501881 0.258034 0.0522564 0.963415
0.343117 0.681251 0.600468 0.240012
0.335374 0.0705336 -0.0465979 0.938285
-0.234391 -0.264411 -0.158191 0.922021
-0.218 -0.253664 -0.188942 0.923272
0.366561 -0.53222 0.651685 -0.397092
-0.103519 0.92872 0.308024 -0.17856
-0.0400871 0.93117 -0.028284 -0.36127
0 0 0 0
-0.120381 0.74057 0.658267 -0.0612287
-0.0896008 0.294832 -0.13683 0.941447
0.249022 0.381896 -0.0390671 0.889167
0 0 0 0
0.503169 0.0787516 0.860093 -0.0293101
0 0 0 0
0 0 0 0
0 0 0 0
0 0 0 0
