1543678
0 0.345893 -0.0986348 2.09283 2 597.776 305.094 318.814 221.128
1 0.3949 0.229932 2.07353 2 615.313 224.931 328.167 163.027
2 0.45028 0.541347 2.04646 2 636.33 146.41 339.376 106.116
3 0.547488 0.638773 2.0751 2 666.92 124.129 355.691 89.9672
4 0.386588 0.383982 1.90542 2 624.206 178.704 332.91 129.522
5 0.448119 0.147846 1.82474 2 653.558 240.036 348.564 173.975
6 0.580926 -0.0189786 1.83684 2 702.795 286.472 374.824 207.631
7 0.610664 -0.0794707 1.84361 2 713.275 303.171 380.413 219.734
8 0.616928 0.468027 2.33969 1 666.491 179.312 355.462 129.963
9 0.379544 0.332295 2.20688 1 602.609 204.77 321.391 148.414
10 0.423089 0.070105 2.07282 1 624.675 264.053 333.16 191.382
11 0.393302 0.0246543 2.11871 1 611.85 275.311 326.32 199.542
12 0.307163 -0.0955427 2.00916 2 589.205 305.301 314.243 221.278
13 0.393932 -0.418096 1.93979 2 624.385 390.883 333.005 283.307
14 0.317499 -0.765421 1.92915 2 598.122 483.737 318.998 350.606
15 0.394802 -0.821502 1.84845 1 632.094 508.032 337.117 368.215
16 0.371919 -0.0981225 2.09998 2 605.965 304.897 323.181 220.985
17 0.444583 -0.470217 2.12106 2 628.939 394.047 335.434 285.6
18 0.419767 -0.75373 2.16544 2 618.37 458.809 329.797 332.538
19 0.462332 -0.828126 2.13955 2 633.866 478.798 338.062 347.027
20 0.439885 0.465776 2.05241 2 632.239 165.675 337.194 120.079
21 0.637001 -0.147882 1.86333 2 720.746 321.661 384.398 233.136
22 0.602345 -0.135602 1.83225 2 711.573 318.917 379.506 231.147
23 0.392562 0.0223896 2.10867 1 612.219 275.828 326.517 199.916
24 0.389963 0.0222414 2.09471 1 612.219 275.828 326.517 199.916
3
1
0.456224 0.0523648 0.886316 -0.0596753
0.492643 0.049841 0.866602 -0.0617987
0.531114 0.0368998 0.843657 -0.0692779
0 0 0 0
-0.27606 0.675371 -0.43821 0.525012
-0.191125 0.926982 0.0639039 0.316374
-0.259645 -0.649624 -0.205022 0.684499
-0.196647 -0.683429 -0.121919 0.692381
0.418203 0.652333 0.573098 0.266695
0.453049 0.019661 -0.267389 0.850214
-0.211445 0.948539 0.122062 -0.201657
0.347499 0.904652 -0.244377 -0.0335887
0.337809 -0.554208 0.634543 -0.419636
-0.0649137 0.950481 0.151781 -0.263316
-0.0528194 0.927807 -0.0954593 -0.356753
0 0 0 0
0.128576 0.697717 0.70211 0.0608394
-0.0835618 0.295124 0.0551739 0.950198
0.0655887 0.316653 0.0595719 0.944394
0 0 0 0
0.530319 0.0558927 0.841438 -0.0872898
0 0 0 0
0 0 0 0
0 0 0 0
0 0 0 0
