1434889
0 1.31023 -0.200481 2.86435 2 801.299 316.942 427.36 229.715
1 1.28766 0.0901802 2.85558 2 796.792 265.089 424.956 192.133
2 1.25704 0.374529 2.83589 2 791.472 213.79 422.118 154.952
3 1.21937 0.499081 2.83113 2 782.756 191.219 417.47 138.593
4 1.13815 0.253724 2.92453 2 753.807 236.944 402.03 171.734
5 1.08694 0.0265808 2.9322 2 740.844 276.588 395.117 200.467
6 1.00884 -0.160046 2.85169 2 729.043 309.822 388.823 224.554
7 0.975159 -0.239548 2.8056 2 724.749 324.737 386.533 235.365
8 1.3839 0.272649 2.75418 2 832.334 230.705 443.911 167.212
9 1.51402 0.0921706 2.78492 2 860.497 264.343 458.932 191.592
10 1.54354 -0.117751 2.77154 2 869.458 302.851 463.711 219.502
11 1.53885 -0.130068 2.77191 1 868.261 305.113 463.072 221.142
12 1.2375 -0.204034 2.86936 2 783.144 317.509 417.677 230.126
13 1.17253 -0.486961 2.83146 2 771.245 369.007 411.331 267.451
14 1.15574 -0.783692 2.8301 2 767.195 422.538 409.171 306.249
15 1.10475 -0.862165 2.7565 2 761.851 440.797 406.321 319.483
16 1.35318 -0.192359 2.79431 2 819.85 316.346 437.253 229.283
17 1.40943 -0.451745 2.7874 2 834.345 363.851 444.984 263.714
18 1.4782 -0.76924 2.93602 2 832.3 414.601 443.893 300.497
19 1.42376 -0.850536 2.86496 2 827.576 432.261 441.374 313.297
20 1.26584 0.304301 2.84295 2 792.857 226.568 422.857 164.213
21 0.950847 -0.292613 2.77556 2 721.29 334.955 384.688 242.771
22 0.941611 -0.301748 2.7745 2 719.062 336.651 383.5 244
23 1.53015 -0.166067 2.76401 2 867.185 311.816 462.499 226
24 1.52154 -0.132649 2.744 2 867.812 305.836 462.833 221.666
0
1
-0.281521 -0.0329166 0.958655 -0.0253485
-0.286662 -0.0327801 0.95713 -0.0255248
-0.290317 -0.044838 0.953618 -0.0657122
0 0 0 0
0.191703 0.789168 -0.552218 -0.188464
0.0825674 -0.554288 0.0754312 0.824778
0.222013 -0.200956 -0.148837 0.94243
0.230582 -0.208581 -0.2017 0.928786
-0.175278 0.727219 0.603752 -0.275524
0.00696109 0.928784 0.313354 0.197791
-0.0102579 0.955099 0.0758209 -0.286237
-0.0445357 0.931501 -0.175825 -0.31529
0.0358927 0.724008 -0.68875 -0.0121099
0.129443 -0.463517 -0.00538657 0.876566
0.025859 -0.481573 0.011596 0.875947
0 0 0 0
-0.334582 0.571614 0.661244 -0.352235
-0.0626795 0.871776 0.0871236 0.478004
0.1433 0.859996 0.187333 0.452524
0 0 0 0
-0.29145 -0.0399272 0.954791 -0.0428569
0 0 0 0
0 0 0 0
0 0 0 0
0 0 0 0
