1437227
0 1.3046 -0.203268 2.86913 2 799.411 317.378 426.352 230.031
1 1.27186 0.0863216 2.85926 2 792.549 265.799 422.693 192.647
2 1.2308 0.369868 2.83634 2 785.007 214.639 418.67 155.568
3 1.19251 0.493333 2.83621 2 775.655 192.413 413.683 139.459
4 1.11902 0.249041 2.92985 2 748.755 237.846 399.336 172.388
5 1.07379 0.0185781 2.93698 2 737.293 277.985 393.223 201.48
6 1.00189 -0.170343 2.85642 2 726.935 311.61 387.699 225.851
7 0.967478 -0.241971 2.81502 2 722.031 325.026 385.083 235.574
8 1.35726 0.268133 2.75569 2 825.512 231.559 440.273 167.831
9 1.47919 0.0911621 2.77307 2 853.547 264.45 455.225 191.67
10 1.52162 -0.116206 2.76008 2 865.661 302.661 461.686 219.365
11 1.49199 -0.155927 2.74316 2 860.633 310.178 459.004 224.813
12 1.23278 -0.208104 2.87282 2 781.639 318.188 416.874 230.618
13 1.17251 -0.490067 2.83748 2 770.631 369.38 411.003 267.721
14 1.15413 -0.78398 2.83256 2 766.556 422.468 408.83 306.199
15 1.10841 -0.856407 2.76369 2 762.055 439.324 406.429 318.416
16 1.34644 -0.193727 2.80046 2 817.453 316.52 435.975 229.409
17 1.4079 -0.454142 2.78985 2 833.667 364.218 444.622 263.98
18 1.47452 -0.771076 2.94056 2 830.928 414.725 443.161 300.587
19 1.46701 -0.857992 2.91254 2 832.131 431.054 443.803 312.422
20 1.24211 0.299836 2.84434 2 786.917 227.396 419.689 164.814
21 0.935973 -0.295592 2.76067 2 718.82 335.791 383.371 243.377
22 0.931836 -0.256128 2.77507 2 716.523 328.249 382.146 237.911
23 1.48469 -0.208286 2.72955 2 860.622 320.094 458.998 232
24 1.4626 -0.180929 2.6972 2 859.512 315.397 458.406 228.595
0
1
-0.276253 -0.0493604 0.959288 -0.0318517
-0.289789 -0.0489051 0.955286 -0.0325464
-0.301027 -0.0588505 0.948618 -0.0777364
0 0 0 0
0.211131 0.790099 -0.543083 -0.190337
0.0714787 -0.558591 0.0669014 0.823645
0.253774 -0.615453 -0.0388275 0.745191
0.311456 -0.607433 -0.0574053 0.728509
-0.16875 0.7222 0.604106 -0.291557
-0.0112898 0.938847 0.299134 0.170171
-0.0231347 0.991622 0.102636 -0.0749438
-0.231965 0.916652 -0.258656 -0.197583
0.0310728 0.73043 -0.682267 -0.00430588
0.121036 -0.466145 -0.00503094 0.876376
0.0313202 -0.490104 0.00802856 0.871064
0 0 0 0
-0.327716 0.559196 0.671951 -0.358308
-0.07604 0.854586 0.0892794 0.505896
0.122751 0.795531 0.203238 0.557456
0 0 0 0
-0.30271 -0.0552475 0.949949 -0.0539592
0 0 0 0
0 0 0 0
0 0 0 0
0 0 0 0
