1426231
0 1.01456 -0.159745 2.49106 2 766.422 313.938 408.759 227.538
1 1.03099 0.142835 2.47303 2 773.123 251.732 412.332 182.452
2 1.04554 0.439424 2.45539 2 779.367 189.85 415.662 137.601
3 1.06096 0.561132 2.5093 2 777.258 167.063 414.537 121.085
4 1.00325 0.347028 2.51732 1 760.391 210.849 405.542 152.82
5 0.959131 0.0678911 2.57527 1 742.072 267.766 395.772 194.073
6 0.964835 -0.193695 2.68348 2 733.097 318.015 390.985 230.493
7 0.932739 -0.254538 2.66749 2 726.227 329.861 387.321 239.079
8 1.06218 0.312041 2.37331 2 794.443 214.092 423.703 155.171
9 0.876834 0.528915 2.29537 2 748.97 163.579 399.451 118.56
10 0.728453 0.712556 2.28691 2 704.937 122.151 375.966 88.5335
11 0.715343 0.761859 2.27623 2 701.983 110.344 374.391 79.9761
12 0.979415 -0.160618 2.49278 2 756.39 314.087 403.408 227.646
13 0.978039 -0.464929 2.53525 2 751.555 374.816 400.829 271.662
14 1.14937 -0.783337 2.54078 2 797.24 438.324 425.195 317.691
15 1.09532 -0.864947 2.47489 2 790.224 459.176 421.453 332.805
16 1.0189 -0.155401 2.41802 2 776.249 314.015 414 227.594
17 0.994384 -0.449839 2.30186 2 783.637 380.969 417.94 276.121
18 1.00902 -0.767234 2.27048 2 791.576 453.331 422.174 328.568
19 0.957935 -0.851067 2.21338 2 783.209 476.849 417.711 345.614
20 1.04284 0.366415 2.46187 2 777.829 205.23 414.842 148.748
21 0.918403 -0.29742 2.65967 2 723.208 338.224 385.711 245.14
22 0.904096 -0.283876 2.64312 2 720.929 335.963 384.495 243.501
23 0.693749 0.832795 2.24441 2 698.369 91.8136 372.463 66.5452
24 0.72877 0.784387 2.25629 2 708.024 103.748 377.613 75.1954
1
4
-0.514169 0.0385262 0.856746 -0.0115422
-0.511804 0.0384942 0.85816 -0.0116484
-0.509296 0.0383882 0.859257 -0.0286637
0 0 0 0
0.273509 0.707949 -0.536998 -0.368286
0.123983 0.90425 -0.0286684 0.407601
0.173301 0.846223 -0.0896385 -0.495821
-0.217793 0.840693 -0.147685 -0.473277
-0.349776 0.734258 0.347055 -0.466985
0.65136 -0.339531 0.665126 0.134374
0.746628 -0.218408 0.575509 0.252257
0.768265 -0.160921 0.618636 0.0341108
0.0369399 0.715823 -0.697298 0.00283108
-0.00797895 -0.146859 0.0688562 0.986726
-0.233638 -0.314771 -0.0718487 0.917153
0 0 0 0
-0.510509 0.50927 0.518659 -0.459367
-0.168796 0.945186 -0.0882187 0.265233
-0.0541479 0.93367 0.00401187 0.353996
0 0 0 0
-0.509264 0.0354394 0.859843 -0.00796136
0 0 0 0
0 0 0 0
0 0 0 0
0 0 0 0
