1464422
0 0.578275 -0.0889233 2.27324 2 659.631 301.089 351.803 218.225
1 0.55167 0.214797 2.29397 2 650.038 233.627 346.687 169.33
2 0.525898 0.508489 2.29585 2 642.468 168.431 342.65 122.077
3 0.610749 0.610842 2.31711 2 666.627 146.773 355.534 106.379
4 0.453748 0.353646 2.17946 2 627.765 198.735 334.808 144.04
5 0.455419 0.127125 2.10582 2 633.141 250.568 337.675 181.608
6 0.615227 -0.0230387 2.07135 2 689.35 286.871 367.653 207.92
7 0.665073 -0.0799358 2.06152 2 707.247 300.959 377.199 218.131
8 0.692166 0.435962 2.58885 1 668.956 195.468 356.776 141.673
9 0.795146 0.619156 2.58784 1 696.974 159.155 371.72 115.353
10 0.716715 0.336103 2.6021 1 674.471 215.469 359.718 156.169
11 0.691771 0.242678 2.61077 1 667.087 233.937 355.78 169.554
12 0.536611 -0.077715 2.20007 2 652.333 299.155 347.911 216.823
13 0.529648 -0.429059 2.12482 2 656.46 384.04 350.112 278.347
14 0.367698 -0.753435 2.05727 2 607.906 468.101 324.216 339.273
15 0.417713 -0.812123 1.948 1 632.716 494.034 337.449 358.069
16 0.601859 -0.097379 2.27022 2 667.109 303.016 355.791 219.622
17 0.603971 -0.473032 2.31101 1 664.88 385.48 354.603 279.391
18 0.528225 -0.752125 2.33122 2 641.059 445.815 341.898 323.121
19 0.594855 -0.817386 2.24751 2 667.575 466.872 356.04 338.382
20 0.533879 0.436719 2.29853 2 644.591 184.52 343.782 133.738
21 0.71251 -0.127469 2.05904 2 723.645 312.764 385.944 226.687
22 0.611151 -0.131689 2.11424 2 683.84 312.904 364.715 226.789
23 0.68049 0.235575 2.58509 1 665.877 234.869 355.134 170.23
24 0.689473 0.247199 2.57541 1 669.007 232.39 356.803 168.433
0
1
0.404727 -0.026085 0.912766 0.0487275
0.434715 -0.024458 0.89887 0.0495642
0.467168 -0.0575896 0.88224 0.00945356
0 0 0 0
-0.253665 0.781621 -0.43033 0.373549
-0.156513 0.986739 -0.0032469 0.0428821
-0.331982 -0.3459 -0.227054 0.847695
-0.296864 -0.35674 -0.197284 0.863532
0.325214 0.586999 0.626971 0.395697
0.0869074 0.252017 0.963482 -0.0252291
0.0328775 0.988639 -0.13282 0.062222
0.0527441 0.988757 -0.126762 0.0592447
0.411963 -0.58626 0.62949 -0.300546
-0.101562 0.925733 0.0293706 -0.363098
-0.185125 0.868885 -0.161103 -0.429899
0 0 0 0
-0.055444 0.816637 0.573923 -0.0253369
0.0168808 0.360129 0.0514151 0.931332
0.134913 0.397655 -0.0207054 0.907326
0 0 0 0
0.46704 -0.0305559 0.883272 0.0277476
0 0 0 0
0 0 0 0
0 0 0 0
0 0 0 0
