1460558
0 1.08569 -0.200067 2.77668 2 755.071 317.974 402.704 230.463
1 1.10704 0.107605 2.76988 2 761.101 261.388 405.92 189.45
2 1.11929 0.41002 2.74366 2 766.956 204.926 409.043 148.528
3 1.14787 0.56143 2.82276 2 766.072 179.675 408.572 130.226
4 1.07306 0.320409 2.82698 1 747.143 223.384 398.476 161.905
5 1.04919 0.0657774 2.94808 2 730.499 269.837 389.6 195.574
6 0.984494 -0.182158 3.00492 2 710.773 312.092 379.079 226.2
7 0.940009 -0.25653 2.98176 2 702.165 325.03 374.488 235.577
8 1.1315 0.273473 2.65591 2 779.505 228.648 415.736 165.721
9 0.946948 0.488722 2.57156 2 739.353 184.218 394.322 133.519
10 0.793567 0.637641 2.54837 2 699.885 153.54 373.272 111.284
11 0.747588 0.691577 2.50653 2 690.792 140.414 368.422 101.77
12 1.04679 -0.203971 2.78544 2 744.461 318.563 397.046 230.89
13 1.06437 -0.482567 2.85518 2 742.488 367.462 395.993 266.332
14 1.19869 -0.809918 2.92044 1 768.625 422.744 409.933 306.399
15 1.17479 -0.921408 2.90214 2 764.598 443.181 407.786 321.211
16 1.09787 -0.191099 2.69968 2 766 317.336 408.534 230.001
17 1.07006 -0.489915 2.54245 2 775.942 379.581 413.836 275.115
18 1.07459 -0.79362 2.46075 2 786.438 445.593 419.434 322.96
19 1.00739 -0.860354 2.35254 2 780.299 467.445 416.16 338.798
20 1.11745 0.334797 2.75168 2 765.643 219.109 408.343 158.807
21 0.918561 -0.316636 2.98297 2 697.093 335.273 371.783 243.002
22 0.899138 -0.285035 2.94833 2 694.999 330.441 370.666 239.499
23 0.748199 0.76674 2.4851 2 692.808 123.719 369.498 89.67
24 0.70928 0.64703 2.4773 2 682.442 147.974 363.969 107.249
1
0
-0.492912 0.0355665 0.86932 0.00749187
-0.516915 0.0353443 0.855265 0.00847885
-0.543488 0.0390482 0.837651 -0.0378986
0 0 0 0
0.326728 0.665782 -0.558607 -0.371403
-0.0588912 -0.433538 0.215886 0.872909
0.0573607 0.919715 -0.156173 -0.35559
-0.213243 0.90237 -0.19995 -0.316662
-0.351382 0.718852 0.330072 -0.500834
0.817015 -0.29484 0.443069 0.221912
-0.502253 -0.292792 0.770719 -0.260781
-0.418184 -0.144273 0.807959 -0.389242
0.0769192 0.736537 -0.667353 -0.0789676
-0.0624769 -0.266588 0.109388 0.955543
-0.208749 -0.257977 0.0390894 0.94252
0 0 0 0
-0.500447 0.517863 0.553796 -0.417948
-0.214885 0.923803 -0.113272 0.295941
-0.120963 0.891272 -0.0508268 0.434073
0 0 0 0
-0.54329 0.0408816 0.838284 -0.0210886
0 0 0 0
0 0 0 0
0 0 0 0
0 0 0 0
