1505888
0 1.2538 -0.226988 2.8416 2 790.061 321.99 421.366 233.374
1 1.26179 0.0830359 2.86489 2 789.5 266.415 421.066 193.094
2 1.27361 0.396173 2.88016 2 790.736 210.991 421.726 152.923
3 1.25041 0.503369 2.89326 2 783.781 192.395 418.017 139.445
4 1.14877 0.172638 2.9866 2 750.617 251.722 400.329 182.445
5 1.11243 -0.030703 3.03018 2 738.347 286.377 393.785 207.562
6 1.03207 -0.192064 2.90487 2 730.115 314.919 389.395 228.249
7 1.02397 -0.243158 2.87916 2 730.389 324.272 389.541 235.028
8 1.33317 0.343226 2.78356 2 816.133 218.281 435.271 158.207
9 1.22993 0.236096 2.52002 2 822.446 233.398 438.638 169.164
10 0.993612 0.214289 2.43945 2 766.46 236.378 408.779 171.324
11 0.96604 0.21806 2.43389 1 759.21 235.491 404.912 170.681
12 1.19596 -0.235395 2.84958 2 775.087 323.376 413.38 234.379
13 1.22664 -0.51736 2.84253 2 783.328 374.123 417.775 271.159
14 1.29579 -0.78968 2.84848 2 799.17 422.565 426.224 306.269
15 1.25341 -0.894639 2.78521 2 795.54 444.862 424.288 322.43
16 1.28669 -0.209625 2.7679 2 806.447 319.872 430.105 231.839
17 1.29438 -0.43141 2.60232 2 828.702 365.761 441.974 265.099
18 1.32806 -0.703767 2.60445 1 836.576 418.712 446.174 303.476
19 1.30201 -0.808885 2.53186 1 838.896 443.472 447.411 321.423
20 1.27236 0.32142 2.87707 2 790.766 224.178 421.742 162.481
21 1.00349 -0.306889 2.82285 2 730.315 336.651 389.502 244
22 1.0394 -0.22997 2.85964 2 735.852 322.221 392.455 233.542
23 0.9217 0.226469 2.41906 2 748.121 233.449 398.998 169.2
24 0.945163 0.2248 2.388 2 758.437 233.172 404.5 169
0
0
-0.361805 -0.0015825 0.931411 0.0395972
-0.382852 -0.00248082 0.922959 0.0395511
-0.406362 -0.000747494 0.913441 0.0222589
0 0 0 0
0.125069 0.836972 -0.386889 -0.366268
0.0100277 -0.576574 0.135264 0.805708
-0.169935 0.810673 -0.321898 0.4586
-0.157743 0.827619 -0.181429 0.507195
-0.35459 0.552585 0.685705 -0.314204
-0.545934 0.819344 -0.157985 -0.0753091
-0.226496 0.737162 -0.63655 -0.00978882
0.204792 -0.656513 0.724225 0.0504903
0.0195736 0.751471 -0.654487 -0.0809599
-0.0445367 -0.402571 -0.0332269 0.913701
-0.11883 -0.374901 -0.0369766 0.918674
0 0 0 0
-0.438439 0.534965 0.642597 -0.329626
-0.249099 0.721615 -0.193501 0.616262
-0.0284209 0.85472 0.0546621 0.51542
0 0 0 0
-0.40639 0.00985011 0.913076 0.0322935
0 0 0 0
0 0 0 0
0 0 0 0
0 0 0 0
