1492393
0 1.52684 -0.205356 2.89969 2 848.834 317.322 452.711 229.991
1 1.54508 0.086303 2.89806 2 853.367 266.027 455.129 192.813
2 1.55842 0.370975 2.88575 2 857.829 215.721 457.509 156.352
3 1.55572 0.469543 2.86799 2 859.282 197.854 458.284 143.402
4 1.42793 0.272711 2.98059 2 816.255 234.511 435.336 169.97
5 1.39708 0.0412523 3.00979 2 805.981 274.214 429.856 198.746
6 1.31418 -0.140087 2.92089 2 796.097 305.695 424.585 221.563
7 1.29262 -0.20067 2.8684 2 796.594 316.925 424.85 229.703
8 1.63219 0.26087 2.79979 2 886.758 233.838 472.938 169.482
9 1.65421 -0.027338 2.7764 2 895.476 286.215 477.587 207.445
10 1.5771 -0.192812 2.65453 2 894.229 318.12 476.922 230.569
11 1.58713 -0.25658 2.72522 1 886.366 329.081 472.728 238.513
12 1.45806 -0.206312 2.90723 2 831.722 317.42 443.585 230.062
13 1.44698 -0.492068 2.88618 2 831.386 368.151 443.406 266.83
14 1.47085 -0.781642 2.91379 2 833.137 417.756 444.34 302.784
15 1.39618 -0.830798 2.81735 2 826.656 431.268 440.883 312.577
16 1.56339 -0.199872 2.82929 2 866.472 317.196 462.118 229.899
17 1.61529 -0.446561 2.81476 2 880.331 361.846 469.51 262.261
18 1.69069 -0.687237 2.8913 2 886.676 401.668 472.894 291.124
19 1.65644 -0.593602 2.84499 2 885.393 387.069 472.21 280.543
20 1.55614 0.300803 2.89082 2 856.739 228.186 456.928 165.386
21 1.25502 -0.255509 2.84242 2 790.272 327.1 421.478 237.078
22 1.25362 -0.234158 2.84167 2 790.011 323.277 421.339 234.307
23 1.58501 -0.300956 2.6913 2 890.625 338.031 475 245
24 1.57835 -0.299692 2.68 2 890.625 338.031 475 245
0
1
-0.313386 0.0305239 0.949108 0.00714616
-0.333216 0.0303673 0.942329 0.00778455
-0.354396 0.0279362 0.93426 -0.0279436
0 0 0 0
0.187899 0.729607 -0.613486 -0.236649
0.0243037 -0.51319 0.0872972 0.853478
0.285187 -0.556159 -0.0578079 0.778469
0.317617 -0.565683 -0.184892 0.738199
-0.266505 0.747857 0.519087 -0.316597
-0.0527287 0.903641 0.0172286 0.424683
-0.176691 0.831132 -0.303056 0.431458
0.389813 0.900547 0.122459 0.14854
0.0379635 0.71089 -0.701178 -0.0392858
0.0338514 -0.451159 -0.0240515 0.891477
-0.0576367 -0.438441 0.0245679 0.896573
0 0 0 0
-0.395043 0.591722 0.615165 -0.339674
-0.0718212 0.890891 0.0797755 0.44135
0.0702225 0.88102 0.19621 0.424706
0 0 0 0
-0.354032 0.030033 0.934727 -0.00664167
0 0 0 0
0 0 0 0
0 0 0 0
0 0 0 0
