1537448
0 0.517915 -0.113473 2.16557 2 649.046 307.827 346.158 223.109
1 0.54399 0.206019 2.15855 2 658.068 232.689 350.97 168.65
2 0.565881 0.51386 2.1388 2 667.249 158.734 355.866 115.049
3 0.659635 0.615826 2.17136 2 694.656 136.464 370.483 98.9076
4 0.503176 0.353847 2.0263 2 655.712 192.332 349.713 139.4
5 0.46818 0.110751 1.9503 2 649.676 252.364 346.494 182.91
6 0.585637 -0.0732204 1.91199 2 695.846 300.705 371.118 217.947
7 0.614171 -0.134492 1.93059 2 704.146 316.691 375.545 229.534
8 0.731851 0.440974 2.43193 1 692.401 188.79 369.28 136.832
9 0.494051 0.305607 2.29924 1 632.324 213.678 337.239 154.871
10 0.554166 0.0451986 2.16945 2 660.355 270.624 352.189 196.145
11 0.459349 0.0272594 2.11613 2 633.66 274.674 337.952 199.08
12 0.474608 -0.109505 2.1006 2 639.852 307.679 341.255 223.001
13 0.539947 -0.414196 2.00644 2 670.292 386.392 357.489 280.052
14 0.371855 -0.757128 1.94877 2 616.325 479.531 328.706 347.557
15 0.430987 -0.818772 1.85157 1 645.382 506.873 344.204 367.375
16 0.543255 -0.113668 2.15506 2 658.044 308.014 350.957 223.245
17 0.625738 -0.478408 2.19409 2 681.537 392.368 363.486 284.383
18 0.597122 -0.766546 2.20601 2 671.736 458.594 358.259 332.382
19 0.641091 -0.836894 2.19103 2 686.925 476.18 366.36 345.129
20 0.56109 0.4385 2.14598 2 664.96 177.12 354.645 128.374
21 0.659609 -0.184228 1.91547 2 722.518 330.24 385.343 239.354
22 0.576002 -0.179281 1.957 2 687.564 327.844 366.701 237.617
23 0.457966 0.0102435 2.0787 2 635.911 278.71 339.153 202.005
24 0.469807 0.0184692 2.0485 2 642.187 276.633 342.5 200.5
0
1
0.328078 0.0348439 0.94371 -0.023708
0.41061 0.0326002 0.910836 -0.0267094
0.499588 0.00365954 0.864386 -0.056876
0 0 0 0
-0.253445 0.740296 -0.408933 0.469575
-0.145926 0.984868 -0.0769688 0.0530727
-0.220279 -0.371153 -0.190761 0.881665
-0.248877 -0.420135 0.0321755 0.872073
0.390158 0.634212 0.592866 0.306694
0.453499 0.0209264 -0.267904 0.849782
-0.24342 0.94288 0.05002 0.221859
-0.205196 0.748809 -0.613627 0.143675
0.316191 -0.593906 0.652228 -0.349138
-0.138127 0.98055 0.113715 -0.0806931
-0.159521 0.891545 -0.174984 -0.386111
0 0 0 0
-0.141594 0.69674 0.690213 -0.134576
-0.0772365 0.427305 0.0947849 0.895802
0.0521973 0.167583 0.0120061 0.984402
0 0 0 0
0.500911 0.0182036 0.864302 -0.0417109
0 0 0 0
0 0 0 0
0 0 0 0
0 0 0 0
