1396324
0 0.27957 -0.078228 2.01658 2 579.356 300.854 308.99 218.055
1 0.275957 0.233763 2.03031 2 577.576 222.854 308.041 161.522
2 0.266509 0.535614 2.02856 2 574.8 146.865 306.56 106.446
3 0.335743 0.647446 2.04668 2 597.597 119.954 318.718 86.9412
4 0.206475 0.376419 1.89249 2 559.223 180.24 298.252 130.636
5 0.235007 0.11777 1.80921 2 573.344 248.248 305.784 179.927
6 0.347464 -0.0660924 1.78086 2 618.433 300.033 329.831 217.46
7 0.36089 -0.128398 1.77593 2 624.095 317.899 332.85 230.409
8 0.415319 0.440962 2.21828 1 613.322 180.14 327.105 130.563
9 0.44845 0.153577 2.26469 1 620.484 246.806 330.925 178.881
10 0.533224 -0.0442906 2.24432 1 647.926 291.233 345.561 211.082
11 0.575382 -0.0567822 2.18873 1 665.543 294.397 354.957 213.375
12 0.236596 -0.077054 1.9379 2 567.937 301.337 302.9 218.405
13 0.221173 -0.405471 1.93465 2 562.856 387.647 300.19 280.961
14 0.155141 -0.758548 1.94994 2 539.123 479.691 287.532 347.674
15 0.23249 -0.811239 1.86048 1 570.651 503.809 304.347 365.154
16 0.310547 -0.0790617 2.01775 2 589.908 301.059 314.617 218.204
17 0.292398 -0.44098 2.10487 2 579.87 387.653 309.264 280.965
18 0.244683 -0.726249 2.1212 1 563.876 455.762 300.734 330.33
19 0.322316 -0.779809 2.03295 1 593.919 476.978 316.757 345.707
20 0.269372 0.461673 2.03146 2 575.547 165.701 306.958 120.098
21 0.384873 -0.189163 1.78692 2 632.61 334.973 337.392 242.784
22 0.329695 -0.142608 1.77125 2 612.265 322.05 326.541 233.417
23 0.589533 -0.085122 2.1685 1 671.813 301.17 358.3 218.284
24 0.585805 -0.0602551 2.17995 1 669.616 295.263 357.129 214.003
0
1
0.400323 0.00350527 0.916092 0.0224719
0.432673 0.00430284 0.901264 0.0223329
0.46724 -0.026263 0.883702 -0.0082979
0 0 0 0
-0.302208 0.754526 -0.40588 0.417878
-0.160981 0.973714 0.0273694 0.158801
-0.18571 -0.535457 -0.20643 0.797611
-0.0641522 -0.571366 -0.0925212 0.812936
0.297174 0.663139 0.606772 0.322122
-0.0260915 0.341133 0.094234 0.934916
-0.205631 0.287705 0.0128819 0.935295
-0.516598 0.216892 -0.380791 0.735583
-0.372688 0.609693 -0.606342 0.348894
-0.0131631 0.930709 -0.0200378 -0.364974
-0.0171377 0.913172 -0.0931252 -0.396422
0 0 0 0
-0.00232768 0.715945 0.697533 0.0294161
0.0667428 0.370972 0.100035 0.920825
0.0871084 0.396314 -0.00691905 0.913947
0 0 0 0
0.467447 -0.0115915 0.8839 0.00897466
0 0 0 0
0 0 0 0
0 0 0 0
0 0 0 0
