1397115
0 0.10551 -0.123615 2.08308 2 518.763 311.218 276.674 225.566
1 0.157408 0.217273 2.07104 2 536.239 228.108 285.994 165.329
2 0.206624 0.544404 2.04583 2 553.769 145.859 295.344 105.717
3 0.281811 0.65467 2.07554 2 577.983 120.478 308.258 87.3211
4 0.158389 0.383422 1.9003 2 541.44 178.814 288.768 129.602
5 0.174075 0.120282 1.80968 2 550.106 247.577 293.39 179.44
6 0.237435 -0.0832227 1.7581 2 576.888 305.18 307.674 221.19
7 0.231583 -0.147736 1.74837 2 575.136 324.013 306.739 234.84
8 0.355749 0.44976 2.23561 1 593.846 178.98 316.718 129.723
9 0.165453 0.22068 2.22895 1 535.011 231.103 285.339 167.5
10 0.208726 -0.0291752 2.07158 2 553.223 288.335 295.053 208.981
11 0.213718 -0.099912 2.07827 2 554.669 305.536 295.823 221.448
12 0.0694818 -0.114369 2.00182 2 507.804 310.096 270.829 224.753
13 0.203392 -0.401909 1.92914 2 556.707 386.994 296.91 280.488
14 0.14412 -0.752546 1.94544 2 535.319 478.565 285.504 346.857
15 0.225078 -0.807214 1.86408 1 567.724 502.275 302.786 364.042
16 0.137227 -0.128046 2.08773 2 529.134 312.23 282.205 226.3
17 0.156965 -0.502561 1.95509 2 539.423 411.89 287.692 298.532
18 -0.0317087 -0.696406 2.09269 2 473.467 450.738 252.516 326.689
19 -0.0728174 -0.773718 2.04098 2 459.226 474.569 244.921 343.961
20 0.194725 0.464571 2.05435 2 549.388 166.341 293.007 120.562
21 0.243461 -0.213714 1.75806 2 579.361 342.836 308.992 248.483
22 0.19839 -0.125422 1.82773 2 558.62 315.944 297.931 228.992
23 0.229531 -0.128022 2.05776 1 560.683 312.701 299.031 226.641
24 0.227955 -0.102816 2.06881 1 559.737 306.362 298.526 222.047
3
1
0.428959 0.0605645 0.899998 -0.0482574
0.464868 0.0585712 0.881987 -0.0506582
0.50081 0.0371101 0.860809 -0.0825857
0 0 0 0
-0.335864 0.684804 -0.398842 0.509081
-0.167335 0.971929 0.000474979 0.165388
-0.12667 -0.153047 -0.141247 0.969835
0.0561338 -0.158512 -0.0664519 0.983518
0.341575 0.690779 0.594001 0.230898
0.317179 0.306747 -0.122003 0.889055
-0.169158 0.343299 -0.229749 0.894844
-0.01857 0.31323 0.0556926 0.947861
0.3559 -0.531458 0.651965 -0.407222
-0.0668275 0.947802 0.231789 -0.208517
-0.00945617 0.926 -0.0861519 -0.36744
0 0 0 0
0.0662127 0.753215 0.65357 0.0336021
-0.0872407 0.372212 -0.147163 0.912245
0.422405 0.61111 -0.0470819 0.667759
0 0 0 0
0.50266 0.0476473 0.860603 -0.0665153
0 0 0 0
0 0 0 0
0 0 0 0
0 0 0 0
