1537310
0 0.493623 -0.120401 2.14308 2 642.912 309.741 342.886 224.496
1 0.52088 0.200958 2.14136 2 651.959 233.516 347.712 169.249
2 0.544543 0.510339 2.12673 2 661.308 158.905 352.697 115.172
3 0.63396 0.61573 2.15932 2 687.566 135.693 366.702 98.3485
4 0.477857 0.35041 2.00332 2 648.899 192.209 346.079 139.31
5 0.467829 0.10632 1.92188 2 652.017 253.106 347.742 183.448
6 0.588103 -0.0714715 1.90645 2 697.37 300.296 371.931 217.65
7 0.614821 -0.138983 1.9198 2 705.636 318.085 376.339 230.544
8 0.71063 0.437431 2.41985 1 687.331 189.092 366.576 137.051
9 0.472904 0.302051 2.28711 1 626.69 214.126 334.235 155.196
10 0.515936 0.0386628 2.15608 1 649.112 272.104 346.193 197.217
11 0.535374 -0.0271702 2.17516 2 653.868 287.556 348.73 208.417
12 0.448735 -0.115503 2.07676 2 633.001 309.441 337.601 224.278
13 0.49668 -0.427163 1.99382 2 656.392 390.338 350.076 282.912
14 0.345219 -0.773113 1.94279 2 607.224 484.346 323.853 351.047
15 0.408346 -0.832976 1.84774 1 637.212 511.254 339.847 370.55
16 0.521786 -0.121748 2.13356 2 652.812 310.202 348.166 224.83
17 0.713256 -0.416274 2.17022 2 711.765 379.045 379.608 274.727
18 0.629968 -0.782285 2.22165 2 680.678 460.968 363.028 334.103
19 0.639603 -0.868265 2.18333 2 687.137 484.171 366.473 350.92
20 0.539269 0.434618 2.13264 2 658.971 177.418 351.451 128.59
21 0.650738 -0.199476 1.91402 2 719.477 334.336 383.721 242.322
22 0.5704 -0.184346 1.93895 2 687.467 329.609 366.649 238.896
23 0.531874 -0.0326672 2.15992 1 653.95 288.894 348.773 209.386
24 0.50856 0.0089761 2.13895 1 648.042 279.08 345.623 202.273
3
1
0.323226 0.0391585 0.945373 -0.0162031
0.409201 0.0374937 0.911459 -0.0197522
0.501993 0.010459 0.863302 -0.0510114
0 0 0 0
-0.263132 0.731348 -0.421021 0.467582
-0.155246 0.975004 -0.0442778 0.152659
-0.244978 -0.42637 -0.16405 0.85515
-0.206582 -0.472095 -0.00833466 0.85696
0.388912 0.633035 0.594097 0.308323
0.455399 0.0145108 -0.264577 0.849941
-0.201063 0.940168 0.128934 -0.242967
0.161831 0.960521 0.108574 -0.198551
0.317681 -0.593097 0.65544 -0.343094
-0.106941 0.959807 0.103133 -0.238114
-0.142854 0.898424 -0.160283 -0.383062
0 0 0 0
-0.11963 0.714613 0.680479 -0.109384
-0.281367 0.027825 0.062388 0.957166
0.130262 0.501106 0.00304586 0.855521
0 0 0 0
0.503218 0.0245159 0.863068 -0.0358554
0 0 0 0
0 0 0 0
0 0 0 0
0 0 0 0
