1379345
0 0.133908 -0.145577 2.06698 2 528.488 316.835 281.86 229.638
1 0.161475 0.208665 2.08473 2 537.233 230.55 286.524 167.1
2 0.185757 0.547598 2.08942 2 545.393 147.941 290.876 107.226
3 0.285129 0.635066 2.15534 2 575.513 131.155 306.94 95.0592
4 0.133991 0.386916 1.93667 2 531.662 179.844 283.553 130.349
5 0.144692 0.136149 1.83297 2 538.232 243.631 287.057 176.58
6 0.230384 -0.0620999 1.80258 2 571.879 298.65 305.002 216.457
7 0.258771 -0.129194 1.80525 2 582.639 317.465 310.741 230.094
8 0.361739 0.35975 2.28731 1 593.046 201.379 316.291 145.957
9 0.137414 0.168509 2.30823 1 524.877 244.286 279.934 177.055
10 0.183083 -0.066195 2.12901 2 543.064 296.936 289.634 215.215
11 0.158697 -0.133128 2.13012 2 535.169 312.824 285.424 226.731
12 0.0925182 -0.127923 1.98063 2 516.057 313.871 275.23 227.489
13 0.14932 -0.417257 1.9561 2 536.618 389.495 286.196 282.3
14 0.0960898 -0.747665 1.96814 2 517.8 474.982 276.16 344.261
15 0.176399 -0.799032 1.87937 1 549.069 498.24 292.837 361.118
16 0.169247 -0.157299 2.07763 2 539.969 319.518 287.984 231.582
17 0.0379784 -0.487723 2.15078 2 496.139 396.329 264.607 287.254
18 -0.0339674 -0.769114 2.14151 2 472.968 464.304 252.249 336.521
19 0.0425702 -0.824335 2.04771 1 498.373 486.628 265.799 352.701
20 0.180119 0.464785 2.0906 2 543.417 168.307 289.822 121.987
21 0.277589 -0.19386 1.81786 2 589.162 335.275 314.22 243.003
22 0.22465 -0.134673 1.851 2 567.467 318.05 302.649 230.518
23 0.154063 -0.137436 2.11328 1 534.071 314.107 284.838 227.661
24 0.155174 -0.129725 2.09422 1 534.89 312.543 285.275 226.527
0
1
0.430339 0.0457601 0.901488 0.00582736
0.450367 0.0458788 0.891651 0.00480383
0.471119 0.0266186 0.881386 -0.0222801
0 0 0 0
-0.349096 0.716932 -0.400115 0.451717
-0.192722 0.942891 -0.0341945 0.269527
-0.172189 -0.28016 -0.125961 0.935946
-0.195047 -0.29609 -0.0422278 0.934079
0.23412 0.762039 0.512426 0.319224
0.402581 0.338582 -0.119843 0.841979
-0.307668 0.940067 0.112333 -0.0948515
-0.00513166 0.981997 -0.173897 -0.0735854
0.39251 -0.532414 0.660747 -0.354802
-0.00840386 0.941567 0.104803 -0.319997
-0.0145687 0.917392 -0.0804468 -0.389496
0 0 0 0
0.0796122 0.797085 0.585075 0.126512
0.209139 0.33491 0.0334502 0.918138
0.108415 0.390006 -0.0638431 0.912176
0 0 0 0
0.471838 0.03741 0.880863 -0.00707589
0 0 0 0
0 0 0 0
0 0 0 0
0 0 0 0
