1425901
0 0.332459 -0.108737 2.05866 2 595.165 307.975 317.421 223.216
1 0.317974 0.213577 2.06788 2 589.894 228.851 314.61 165.868
2 0.302389 0.521545 2.06299 2 585.301 152.589 312.161 110.594
3 0.377222 0.634359 2.10007 2 608.374 127.25 324.466 92.2293
4 0.227339 0.367445 1.93295 2 565.085 184.721 301.379 133.883
5 0.193628 0.162775 1.84055 2 556.337 236.437 296.713 171.366
6 0.375066 0.00920578 1.83523 2 624.842 278.666 333.249 201.973
7 0.430888 -0.0346526 1.84147 2 645.424 290.766 344.226 210.743
8 0.459078 0.405252 2.30877 2 621.311 191.989 331.366 139.151
9 0.597281 0.556352 2.3418 2 660.607 160.13 352.324 116.06
10 0.614664 0.758039 2.26507 2 672.199 110.382 358.506 80.0033
11 0.621473 0.82621 2.24348 1 676.136 93.2081 360.606 67.556
12 0.294476 -0.106501 1.98858 2 585.895 308.34 312.477 223.48
13 0.246344 -0.414789 1.93396 2 571.899 390.171 305.013 282.791
14 0.129131 -0.773461 1.953 2 529.806 483.292 282.563 350.283
15 0.196279 -0.838657 1.86588 1 556.936 510.665 297.032 370.123
16 0.370182 -0.119141 2.05168 2 608.278 310.654 324.415 225.158
17 0.426784 -0.478938 2.12633 2 622.775 395.843 332.146 286.901
18 0.441171 -0.78423 2.1582 2 625.736 466.666 333.726 338.233
19 0.528808 -0.822254 2.07602 1 660.665 483.398 352.355 350.361
20 0.306485 0.446615 2.06658 2 586.391 171.371 312.742 124.207
21 0.470184 -0.0997663 1.85975 2 658.558 308.472 351.231 223.577
22 0.406951 -0.0521059 1.8387 2 636.623 295.595 339.532 214.243
23 0.605507 0.851342 2.23319 1 672.058 86.601 358.431 62.7672
24 0.602018 0.846436 2.22033 1 672.058 86.601 358.431 62.7672
0
0
0.341832 -0.0162101 0.939384 0.0210987
0.404837 -0.0147398 0.914001 0.0221509
0.472193 -0.0353244 0.880749 -0.00816503
0 0 0 0
-0.275537 0.756122 -0.443853 0.394148
-0.197492 0.967356 -0.101643 0.122019
-0.330251 -0.54102 -0.260748 0.728177
-0.372989 -0.554588 -0.230567 0.707213
0.314419 0.660683 0.574137 0.367431
0.865036 -0.0515811 -0.340521 -0.364826
0.863732 -0.177962 -0.468812 0.0501135
0.866565 -0.15663 -0.472848 0.0307658
-0.38308 0.608265 -0.606024 0.340585
-0.111051 0.899302 -0.0323999 -0.421751
-0.0394021 0.904964 -0.154227 -0.39459
0 0 0 0
-0.063075 0.791799 0.604274 -0.062676
-0.0264056 0.421884 0.124244 0.897708
-0.00179352 0.381893 0.0569635 0.922448
0 0 0 0
0.472253 -0.0230183 0.881115 0.00918565
0 0 0 0
0 0 0 0
0 0 0 0
0 0 0 0
