1542154
0 1.23752 -0.205331 2.83376 2 786.916 318.2 419.689 230.627
1 1.22217 0.093364 2.83978 2 782.503 264.429 417.335 191.654
2 1.20274 0.384849 2.83504 2 778.271 211.913 415.078 153.591
3 1.17552 0.514293 2.84227 2 770.884 188.838 411.138 136.867
4 1.12377 0.261106 2.96014 2 747.151 236.212 398.48 171.203
5 1.09993 0.0614357 3.02021 2 736.301 270.839 392.694 196.301
6 1.13404 -0.0982218 3.14325 1 733.928 297.142 391.428 215.365
7 1.14676 -0.151344 3.18796 2 733.191 305.415 391.035 221.361
8 1.27047 0.257497 2.7303 2 806.759 233.068 430.271 168.924
9 1.13465 0.382301 2.60114 2 786.583 206.18 419.511 149.437
10 0.926197 0.461614 2.49549 2 741.372 186.805 395.398 135.394
11 0.806216 0.510401 2.44844 2 712.238 174.865 379.86 126.74
12 1.18561 -0.214454 2.84716 2 772.799 319.656 412.16 231.682
13 1.20685 -0.490378 2.85056 2 777.675 369.032 414.76 267.469
14 1.27697 -0.802917 2.85438 2 793.991 424.657 423.462 307.786
15 1.2177 -0.904762 2.80174 2 785.02 445.816 418.677 323.121
16 1.26102 -0.191558 2.75524 2 801.474 316.703 427.453 229.542
17 1.2629 -0.439086 2.59274 2 821.64 367.604 438.208 266.434
18 1.32232 -0.72688 2.54779 2 842.518 426.248 449.343 308.938
19 1.28734 -0.803374 2.49652 2 839.798 444.618 447.892 322.253
20 1.20838 0.312924 2.83833 2 779.302 224.931 415.628 163.027
21 1.14075 -0.153534 3.17848 1 732.619 305.838 390.73 221.667
22 1.13308 -0.15017 3.16766 1 731.784 305.38 390.285 221.335
23 0.756663 0.557385 2.45015 2 698.031 165.171 372.283 119.714
24 0.7767 0.469298 2.4176 2 706.619 182.212 376.863 132.065
0
0
-0.423293 -0.0275154 0.905573 -0.00175523
-0.443561 -0.0274689 0.89582 -0.00237389
-0.463565 -0.0240571 0.884907 -0.0383193
0 0 0 0
0.28801 0.736721 -0.502126 -0.349517
0.155298 0.882579 0.0136715 0.443564
-0.208115 -0.375823 0.257293 0.86559
-0.222786 -0.372021 0.272202 0.858995
-0.275634 0.728315 0.469908 -0.415656
0.880508 -0.341543 0.0427885 0.325917
-0.380475 -0.335878 0.718279 -0.475921
-0.406439 -0.357541 0.715422 -0.44175
0.0793798 0.757752 -0.640168 -0.0984632
-0.0381821 -0.341487 -0.00734479 0.939082
-0.10709 -0.289696 -0.0263559 0.950744
0 0 0 0
-0.440476 0.508227 0.623572 -0.398553
-0.265657 0.884469 -0.107038 0.368352
-0.104999 0.937338 0.0702383 0.324715
0 0 0 0
-0.464552 -0.0262276 0.884984 -0.0175031
0 0 0 0
0 0 0 0
0 0 0 0
0 0 0 0
