1390535
0 0.966493 -0.161801 2.54914 2 746.783 313.588 398.284 227.284
1 1.01138 0.173358 2.55369 2 758.589 246.572 404.581 178.712
2 1.04949 0.500189 2.54338 2 770.227 180.814 410.788 131.051
3 1.02013 0.61096 2.57694 2 758.592 160.178 404.582 116.094
4 1.01291 0.409093 2.66402 1 747.645 202.844 398.744 147.018
5 0.976399 0.159318 2.68093 1 736.337 250.908 392.713 181.855
6 0.939375 -0.125043 2.70534 1 724.461 304.768 386.379 220.892
7 0.906749 -0.268433 2.70537 2 716.101 331.781 381.92 240.47
8 1.01641 0.304719 2.43847 2 773.112 217.421 412.326 157.584
9 0.828398 0.511834 2.33968 2 729.528 169.561 389.082 122.896
10 0.716889 0.692177 2.34768 2 695.769 130.722 371.077 94.7453
11 0.695067 0.75724 2.35884 2 688.369 117.34 367.13 85.0461
12 0.949882 -0.157822 2.54221 2 742.938 312.874 396.234 226.767
13 1.06757 -0.474694 2.57324 2 771.78 375.385 411.616 272.074
14 1.15085 -0.724609 2.60441 2 790.247 423.119 421.465 306.671
15 1.06719 -0.794532 2.5808 2 770.631 438.264 411.003 317.648
16 0.9571 -0.159698 2.48785 2 750.67 313.958 400.357 227.553
17 0.915992 -0.476703 2.38008 2 750.934 383.45 400.498 277.92
18 0.926974 -0.816036 2.3548 2 756.798 457.953 403.625 331.918
19 0.854465 -0.876842 2.28297 2 743.269 477.023 396.41 345.739
20 1.04103 0.419672 2.54827 2 767.361 197.14 409.259 142.885
21 0.907839 -0.288286 2.71794 2 715.311 335.271 381.499 243
22 0.898984 -0.252623 2.6676 2 717.375 329.477 382.6 238.8
23 0.67369 0.826883 2.33318 2 684.276 100.287 364.947 72.687
24 0.717086 0.757331 2.3154 2 698.815 114.234 372.701 82.7953
1
0
-0.655691 0.0457045 0.752063 0.0488024
-0.633892 0.0470829 0.770526 0.047474
-0.610586 0.0598466 0.789644 0.00808802
0 0 0 0
0.42719 0.588475 -0.522756 -0.444895
0.0604551 0.907603 -0.05204 0.412181
0.0350739 0.990795 -0.0688559 -0.111147
-0.0120473 0.987835 -0.110977 -0.108266
-0.342619 0.734123 0.159122 -0.56423
0.534475 -0.384944 0.750613 0.0522886
0.468472 -0.229073 0.839943 0.150186
0.471496 -0.100873 0.863473 0.148089
0.137854 -0.611421 0.767426 -0.134974
-0.179173 -0.0700908 0.0337933 0.980736
-0.166237 -0.14217 0.0360176 0.975118
0 0 0 0
0.574724 -0.485879 -0.432018 0.496965
-0.156604 0.981511 -0.0749369 0.0805952
-0.0404753 0.93268 0.00173768 0.358424
0 0 0 0
-0.610109 0.0540363 0.78998 0.0279208
0 0 0 0
0 0 0 0
0 0 0 0
0 0 0 0
