7679138
0 1.46211 0.550963 3.77568 2 752.533 206.738 401.351 149.841
1 1.45914 0.808855 3.6719 2 759.642 168.756 405.142 122.312
2 1.45391 1.05892 3.55998 2 767.156 129.433 409.15 93.8113
3 1.43193 1.16308 3.55414 2 763.243 114.284 407.063 82.8313
4 1.39872 0.997071 3.80429 2 739.03 147.413 394.149 106.843
5 1.20931 0.992048 3.78302 1 705.664 147.378 376.354 106.817
6 1.14709 1.15537 3.72 2 697.871 122.667 372.198 88.907
7 1.14227 1.14452 3.74749 2 695.4 125.314 370.88 90.8262
8 1.47216 0.915033 3.48052 2 777.296 147.045 414.558 106.576
9 1.29869 0.77242 3.54851 2 737.822 170.104 393.505 123.289
10 1.14073 0.851214 3.5977 2 703.801 160.496 375.36 116.325
11 1.11454 0.91769 3.5961 1 698.872 150.998 372.732 109.441
12 1.43595 0.570542 3.77798 2 747.548 204.144 398.692 147.961
13 1.42427 0.302445 4.01097 2 729.99 242.766 389.328 175.954
14 1.51613 -0.118694 3.9531 2 749.824 296.527 399.906 214.919
15 1.43395 -0.207645 3.88008 2 740.082 308.502 394.71 223.598
16 1.46494 0.522383 3.71393 2 757.544 209.423 404.023 151.787
17 1.48737 0.16824 3.81329 2 754.385 258.702 402.339 187.504
18 1.56683 -0.250307 3.88317 1 763.78 314.105 407.349 227.659
19 1.53246 -0.322671 3.75926 2 766.695 325.018 408.904 235.568
20 1.45576 0.99748 3.58967 2 765.237 139.389 408.126 101.027
21 1.10223 1.19812 3.76234 2 687.185 118.656 366.499 86
22 1.12093 1.11752 3.75191 2 691.186 129.185 368.632 93.6316
23 1.05627 0.943502 3.60349 2 687.187 147.63 366.5 107
24 1.04836 0.940773 3.593 2 686.25 147.63 366 107
0
0
-0.552305 0.102441 0.811656 -0.160246
-0.577457 0.10741 0.793959 -0.156959
-0.600187 0.12642 0.767984 -0.184375
0 0 0 0
0.46798 0.589303 -0.529219 -0.391974
0.69376 -0.155324 0.074336 0.699318
0.0535965 -0.182163 0.967818 -0.165142
0.563031 0.800012 0.0421841 0.202971
-0.291807 0.676537 0.34003 -0.584402
0.0979489 0.886475 -0.431854 -0.134422
0.762025 0.363979 -0.366481 0.390549
0.817615 0.0938717 -0.544605 0.161555
-0.220253 -0.442728 0.866196 -0.0720089
0.219374 0.549026 0.273276 0.758793
-0.0841382 -0.270426 -0.0935456 0.954484
0 0 0 0
-0.366881 0.601453 0.394404 -0.589998
0.128304 0.97375 0.0549494 0.179802
0.0122457 0.806459 0.122884 0.57825
0 0 0 0
-0.602399 0.118998 0.771614 -0.166033
0 0 0 0
0 0 0 0
0 0 0 0
0 0 0 0
