7678048
0 1.43814 0.551386 3.77966 2 747.828 206.766 398.841 149.861
1 1.43522 0.807134 3.67174 2 755.133 168.991 402.738 122.483
2 1.42938 1.05678 3.55392 2 762.88 129.467 406.869 93.8359
3 1.39177 1.16218 3.54834 2 755.908 114.107 403.151 82.7031
4 1.3794 1.00749 3.77668 1 737.346 145.027 393.251 105.113
5 1.33906 0.858398 3.88484 1 723.003 168.45 385.601 122.09
6 1.2148 0.664082 3.87449 2 701.166 193.837 373.955 140.49
7 1.19364 0.659947 3.87182 2 697.501 194.332 372.001 140.849
8 1.46263 0.910307 3.47609 2 775.78 147.563 413.749 106.951
9 1.44539 0.695184 3.5187 2 768.936 180.351 410.099 130.716
10 1.2796 0.591967 3.65619 1 726.572 198.62 387.505 143.957
11 1.21244 0.586652 3.70318 1 710.809 200.44 379.098 145.277
12 1.41208 0.564405 3.78248 2 742.831 205.072 396.177 148.633
13 1.42074 0.292001 4.00748 2 729.587 244.062 389.113 176.893
14 1.49951 -0.133378 3.96553 1 746.056 298.366 397.896 216.251
15 1.41292 -0.216129 3.88817 2 735.766 309.554 392.408 224.361
16 1.44179 0.53052 3.71826 2 752.887 208.394 401.54 151.041
17 1.47878 0.175307 3.81016 2 753.035 257.738 401.618 186.805
18 1.59296 -0.275472 3.84555 2 771.276 317.772 411.347 230.317
19 1.5292 -0.340478 3.73414 2 768.002 327.748 409.601 237.547
20 1.4315 0.995357 3.5853 2 760.906 139.509 405.816 101.114
21 1.1648 0.643535 3.84515 2 693.75 195.92 370 142
22 1.20425 0.653599 3.85767 2 700.206 194.846 373.443 141.221
23 1.16756 0.557254 3.72775 2 700.877 205.027 373.801 148.601
24 1.20429 0.560776 3.70425 2 709.19 204.035 378.235 147.882
1
1
-0.54601 0.106024 0.813948 -0.167692
-0.565777 0.110098 0.800334 -0.165045
-0.582807 0.127568 0.778072 -0.196638
0 0 0 0
0.485505 0.574859 -0.542956 -0.372855
-0.0481086 -0.458821 0.319917 0.82754
0.274276 0.136123 -0.0629008 0.949888
0.598679 0.168208 -0.215462 0.752905
-0.253394 0.689036 0.368846 -0.570065
0.0804157 0.945678 -0.0675878 -0.307667
0.530498 0.598823 -0.0499126 0.597906
0.670872 0.526262 -0.132572 0.505376
-0.217925 -0.520805 0.821542 -0.0796227
0.201034 0.587436 0.272399 0.735053
-0.0724938 -0.296484 -0.073464 0.949444
0 0 0 0
-0.392883 0.58275 0.430149 -0.566584
0.114388 0.974056 0.0727664 0.181207
-0.0246191 0.873917 0.126886 0.468575
0 0 0 0
-0.585096 0.120567 0.78228 -0.176537
0 0 0 0
0 0 0 0
0 0 0 0
0 0 0 0
