7684043
0 1.45953 0.557526 3.77106 2 752.388 205.758 401.273 149.131
1 1.47003 0.81264 3.67314 2 761.607 168.268 406.19 121.958
2 1.47718 1.06215 3.56617 2 771.159 129.251 411.285 93.6795
3 1.46456 1.16511 3.55799 2 769.241 114.207 410.262 82.7757
4 1.42891 1.00091 3.79868 2 744.92 146.699 397.291 106.325
5 1.29363 0.890122 3.86039 1 716.347 163.546 382.052 118.536
6 1.21537 0.892387 3.67557 2 713.278 157.309 380.415 114.015
7 1.1402 0.900175 3.59425 2 703.941 153.412 375.435 111.191
8 1.49798 0.908633 3.48768 2 781.806 148.267 416.963 107.462
9 1.38642 0.722136 3.53426 2 756.097 176.906 403.252 128.219
10 1.18378 0.81098 3.60497 1 711.648 166.429 379.546 120.625
11 1.14185 0.860874 3.59893 1 703.948 159.164 375.439 115.36
12 1.43709 0.574261 3.77794 2 747.764 203.64 398.807 147.595
13 1.40998 0.31119 3.99958 2 728.202 241.544 388.375 175.068
14 1.50997 -0.109676 3.96119 2 748.188 295.333 399.034 214.054
15 1.43322 -0.201684 3.88532 2 739.6 307.682 394.453 223.004
16 1.46015 0.532309 3.70447 2 757.347 207.871 403.919 150.662
17 1.47331 0.17794 3.81177 2 751.918 257.396 401.023 186.557
18 1.57389 -0.261187 3.86215 2 766.589 315.724 408.848 228.833
19 1.52642 -0.335734 3.74389 2 766.739 326.979 408.928 236.99
20 1.47613 1.00074 3.59461 2 768.76 139.131 410.005 100.84
21 1.0956 0.940993 3.55795 2 697.5 146.25 372 106
22 1.13746 0.943317 3.57757 2 704.466 146.645 375.715 106.286
23 1.10787 0.878573 3.597 2 697.5 156.598 372 113.5
24 1.14841 0.857664 3.57567 2 706.666 158.821 376.889 115.111
1
1
-0.588018 0.124591 0.787835 -0.134271
-0.59322 0.125477 0.783925 -0.133443
-0.596373 0.137717 0.773289 -0.165522
0 0 0 0
0.466953 0.574256 -0.531382 -0.41209
0.24122 -0.486099 0.378235 0.749973
-0.671316 0.701643 -0.234473 -0.0453277
-0.636463 0.663787 -0.36054 -0.155927
-0.268662 0.70642 0.324588 -0.568712
0.0635089 0.945166 -0.276409 -0.161943
0.431067 -0.353687 0.710928 0.428565
0.568603 -0.301305 0.746869 0.167607
-0.278519 -0.457766 0.844266 -0.00964288
0.221649 0.511901 0.26396 0.786863
-0.0970999 -0.300181 -0.0775609 0.945752
0 0 0 0
-0.406962 0.594617 0.396634 -0.568765
0.14258 0.979804 0.0377703 0.135014
-0.0116475 0.841854 0.124516 0.525016
0 0 0 0
-0.597798 0.131835 0.77707 -0.146354
0 0 0 0
0 0 0 0
0 0 0 0
0 0 0 0
