7690245
0 -0.148991 0.56907 3.9507 2 458.002 208.264 244.268 150.947
1 -0.175015 0.843984 3.85087 2 452.606 169.964 241.39 123.187
2 -0.200922 1.1165 3.73632 2 446.762 129.121 238.273 93.5854
3 -0.178381 1.23481 3.72281 2 450.783 112.23 240.417 81.3425
4 -0.216661 0.958122 3.66324 2 443.097 148.25 236.318 107.45
5 -0.125022 0.690042 3.68867 2 460.602 186.36 245.655 135.071
6 0.0544682 0.502103 3.74156 2 493.972 213.275 263.452 154.579
7 0.0908648 0.454411 3.75951 2 500.58 220.038 266.976 159.481
8 -0.0769048 1.0731 3.92432 1 470.415 142.173 250.888 103.045
9 0.0577235 0.963499 4.03642 1 493.826 159.986 263.374 115.955
10 0.0946158 0.724508 4.15352 2 499.646 192.806 266.478 139.743
11 0.147879 0.662085 4.16318 1 508.412 200.641 271.153 145.422
12 -0.174699 0.556501 3.86845 2 452.875 208.354 241.533 151.012
13 -0.146175 0.172985 4.05258 2 459.178 259.633 244.895 188.178
14 -0.165008 -0.134279 4.20366 2 456.992 297.358 243.729 215.521
15 -0.0665408 -0.187911 4.14124 2 472.919 304.147 252.224 220.441
16 -0.115993 0.578778 3.95382 2 463.766 207.077 247.342 150.087
17 -0.0241541 0.254559 3.96827 2 479.775 248.779 255.88 180.312
18 -0.0338238 -0.0680345 4.29174 1 478.544 289.222 255.223 209.624
19 0.0148471 -0.165212 4.18104 2 486.396 301.183 259.411 218.293
20 -0.195154 1.04986 3.76766 2 448.154 139.483 239.016 101.095
21 0.119677 0.422694 3.79805 2 505.625 224.895 269.667 163.001
22 0.106801 0.467951 3.75408 2 503.526 218.118 268.547 158.089
23 0.183168 0.610388 4.17898 2 514.125 207.234 274.2 150.201
24 0.172992 0.630423 4.17167 2 512.502 204.663 273.334 148.337
0
0
0.458465 -0.120348 0.870594 -0.131877
0.483988 -0.124192 0.856668 -0.128263
0.508245 -0.14755 0.83232 -0.164798
0 0 0 0
-0.28711 0.745971 -0.302367 0.519297
0.0206888 0.974674 0.168361 0.145727
-0.291034 0.374403 0.24693 0.845073
-0.226783 0.362024 0.260332 0.865873
0.351166 0.602334 0.659894 0.280029
0.256662 0.866652 0.411027 0.118727
-0.0560528 0.0625756 0.22828 0.969964
-0.335169 0.102261 0.0995604 0.931285
-0.387433 0.609449 -0.527004 0.448035
0.22188 0.931612 -0.0322259 -0.28606
0.204766 0.920703 -0.100269 -0.316738
0 0 0 0
0.171643 0.595113 0.781716 -0.0727941
-0.0983017 0.58378 0.09852 0.799895
0.232544 0.537971 0.304839 0.750722
0 0 0 0
0.509739 -0.138249 0.837758 -0.138619
0 0 0 0
0 0 0 0
0 0 0 0
0 0 0 0
