7680413
0 -0.122375 0.579713 3.94959 2 462.632 206.876 246.737 149.941
1 -0.143618 0.857088 3.85023 2 458.225 168.211 244.386 121.917
2 -0.160519 1.12133 3.73902 2 454.264 128.578 242.274 93.1912
3 -0.138518 1.23405 3.72729 2 458.229 112.547 244.389 81.5723
4 -0.192895 0.959401 3.67183 2 447.666 148.391 238.755 107.552
5 -0.24894 0.691144 3.71932 2 437.827 186.969 233.508 135.513
6 -0.240558 0.503181 3.79955 2 440.386 214.148 234.873 155.211
7 -0.247699 0.434839 3.84361 2 439.626 223.944 234.467 162.312
8 -0.0336533 1.07826 3.94244 1 478.058 142.149 254.964 103.028
9 0.149577 0.974593 4.01038 1 509.704 157.765 271.842 114.346
10 0.0823094 0.80085 4.09531 1 497.808 182.039 265.498 131.939
11 0.132784 0.764267 4.11642 1 506.182 187.078 269.964 135.592
12 -0.152771 0.554075 3.87825 2 456.847 208.86 243.652 151.379
13 -0.136172 0.183208 4.0601 2 460.916 258.4 245.822 187.285
14 -0.164208 -0.134255 4.20707 2 457.144 297.342 243.81 215.509
15 -0.0681511 -0.189553 4.14181 2 472.654 304.344 252.082 220.584
16 -0.08992 0.593558 3.94265 2 468.259 204.962 249.738 148.554
17 0.0246827 0.37436 4.13083 2 488.064 235.375 260.301 170.597
18 -0.0465729 0.000509622 4.3909 2 476.672 281.152 254.225 203.775
19 -0.00844178 -0.0906352 4.26754 2 482.598 291.944 257.386 211.597
20 -0.157224 1.05611 3.76913 2 455.124 138.696 242.733 100.525
21 -0.242897 0.375663 3.88274 2 440.938 232.253 235.167 168.334
22 -0.27395 0.426654 3.81 2 434.492 224.523 231.729 162.731
23 0.174272 0.717668 4.12208 1 513.078 192.964 273.642 139.858
24 0.145038 0.762764 4.10447 1 508.304 186.988 271.096 135.526
1
1
0.403107 -0.103248 0.898329 -0.140888
0.447991 -0.110236 0.876809 -0.13549
0.494501 -0.128786 0.842003 -0.172958
0 0 0 0
-0.234074 0.761218 -0.322602 0.511551
0.118356 0.91645 -0.0612089 0.377313
0.185872 0.860517 -0.0772698 -0.467965
0.228057 0.848453 -0.171388 -0.445806
0.369427 0.608319 0.644419 0.279633
0.224656 0.852979 0.463918 -0.082081
0.193432 0.105155 0.195751 0.955619
-0.289086 0.433875 0.372161 0.767905
-0.306761 0.661189 -0.498943 0.46881
0.218599 0.91137 -0.0603556 -0.343477
0.188409 0.919336 -0.11052 -0.327275
0 0 0 0
0.0670188 0.531149 0.829467 -0.159293
-0.132206 0.179299 0.360386 0.905812
0.241899 0.567113 0.189648 0.764134
0 0 0 0
0.495162 -0.124721 0.846711 -0.149467
0 0 0 0
0 0 0 0
0 0 0 0
0 0 0 0
