7673337
0 1.45043 0.530676 3.75241 2 752.032 209.037 401.084 151.507
1 1.43668 0.791616 3.64346 2 757.516 170.294 404.009 123.427
2 1.41995 1.0476 3.52678 2 763.171 129.629 407.024 93.9533
3 1.36979 1.15316 3.51806 2 753.929 113.969 402.095 82.6033
4 1.36561 0.942867 3.65928 1 742.862 149.672 396.193 108.481
5 1.35409 0.827022 3.86014 2 727.239 171.873 387.861 124.571
6 1.1442 0.801755 3.71303 2 697.537 171.085 372.02 124
7 1.06108 0.783449 3.65896 1 684.872 172.051 365.265 124.7
8 1.4514 0.902157 3.44487 2 776.162 147.56 413.953 106.949
9 1.36487 0.71658 3.50172 2 754.354 176.748 402.322 128.104
10 1.1859 0.683223 3.61944 2 711.053 184.936 379.228 134.039
11 1.11961 0.69495 3.66979 1 695.322 184.671 370.838 133.847
12 1.41715 0.540185 3.76116 2 745.237 207.924 397.46 150.701
13 1.42498 0.289441 4.00373 2 730.557 244.352 389.63 177.103
14 1.51277 -0.133271 3.95739 2 748.942 298.389 399.436 216.268
15 1.43747 -0.222897 3.87671 2 740.943 310.534 395.17 225.07
16 1.46091 0.51285 3.68422 2 758.996 210.163 404.798 152.323
17 1.47859 0.163183 3.79572 2 754.029 259.278 402.149 187.921
18 1.55861 -0.242325 3.9039 1 760.816 312.885 405.769 226.775
19 1.53496 -0.310809 3.77541 2 765.939 323.226 408.501 234.27
20 1.42494 0.984503 3.5575 2 761.788 139.96 406.287 101.441
21 1.00497 0.784637 3.65423 2 674.435 171.777 359.698 124.502
22 1.05907 0.816047 3.62993 2 686.134 166.577 365.938 120.733
23 1.08181 0.661507 3.72267 2 685.183 190.667 365.431 138.193
24 1.08571 0.716814 3.6374 2 690.739 180.75 368.394 131.005
1
1
-0.506535 0.0802174 0.839209 -0.180874
-0.502874 0.0794286 0.841408 -0.181222
-0.496549 0.0829975 0.837761 -0.211442
0 0 0 0
0.344101 0.750549 -0.463661 -0.321386
-0.082475 -0.191328 0.493657 0.844331
-0.541748 0.701645 -0.396806 -0.238219
-0.508464 0.724096 -0.388187 -0.257799
-0.294992 0.712431 0.350788 -0.531385
0.0720547 0.927125 -0.241168 -0.277641
0.0661891 -0.588823 0.647061 0.479811
0.059632 -0.489384 0.752459 0.436753
-0.255289 -0.60422 0.753636 -0.04217
0.222635 0.573906 0.30194 0.727941
-0.0790219 -0.320266 -0.0836669 0.940311
0 0 0 0
-0.375146 0.573697 0.483917 -0.544023
0.143272 0.95901 0.0604716 0.236887
0.0414973 0.773347 0.15402 0.613587
0 0 0 0
-0.497849 0.0813959 0.841517 -0.193313
0 0 0 0
0 0 0 0
0 0 0 0
0 0 0 0
