5696115
0 -0.938703 -0.50051 2.9956 2 266.884 366.379 142.338 265.547
1 -0.942236 -0.146637 2.96924 2 264.347 306.36 140.985 222.045
2 -0.938311 0.201134 2.92823 2 262.155 246.225 139.816 178.46
3 -0.886225 0.31317 2.9722 2 277.639 227.562 148.074 164.934
4 -0.941972 0.0622717 2.80998 2 251.862 269.92 134.326 195.635
5 -0.918326 -0.172061 2.75886 2 253.477 312.987 135.188 226.849
6 -0.870351 -0.388264 2.79009 2 267.945 352.119 142.904 255.211
7 -0.876669 -0.470068 2.81185 2 267.988 366.423 142.927 265.579
8 -0.862478 0.0572183 3.0699 1 289.778 271.731 154.548 196.947
9 -0.89672 0.16964 3.31918 2 297.273 255.223 158.546 184.982
10 -0.869453 0.374137 3.24161 1 298.512 222.49 159.206 161.258
11 -0.887229 0.37451 3.20759 1 292.661 221.792 156.086 160.752
12 -0.95373 -0.485204 2.9091 2 256.777 366.257 136.948 265.458
13 -0.987099 -0.786938 2.90349 2 248.117 419.563 132.329 304.093
14 -1.0744 -1.13928 2.96901 2 233.166 476.899 124.355 345.65
15 -0.998863 -1.19977 2.92651 2 247.459 490.241 131.978 355.32
16 -0.90163 -0.507983 3.01676 2 276.987 367.016 147.726 266.009
17 -0.916911 -0.839451 3.14368 2 281.727 417.45 150.254 302.562
18 -0.997182 -1.12647 3.15518 2 264.714 463.456 141.181 335.907
19 -0.947443 -1.18851 3.20011 2 278.572 470.797 148.572 341.227
20 -0.940145 0.114942 2.94103 2 262.726 261.308 140.121 189.392
21 -0.874901 -0.549528 2.8409 2 270.573 379.834 144.306 275.299
22 -0.827777 -0.473478 2.80869 2 279.884 367.104 149.271 266.072
23 -0.894589 0.397517 3.20072 2 290.625 217.995 155 158
24 -0.896303 0.391357 3.2192 1 291.379 219.336 155.402 158.972
0
0
0.519555 -0.0235832 0.853613 -0.0291645
0.54218 -0.0243541 0.839425 -0.0285239
0.565631 -0.0330664 0.821298 -0.0666128
0 0 0 0
-0.43084 0.644796 -0.357672 0.520275
-0.115683 0.809748 -0.0215436 0.574857
-0.0362946 0.645404 0.123843 0.75286
0.113477 0.652845 0.0725717 0.745419
0.28533 0.72298 0.489378 0.39547
-0.527401 -0.396418 0.652539 0.372684
0.954082 -0.189044 -0.231581 -0.018947
0.709639 -0.639213 0.0356161 0.294194
0.484213 -0.486399 0.592792 -0.421368
-0.0217815 0.971136 -0.0513831 -0.231905
0.0552951 0.954123 -0.139059 -0.259333
0 0 0 0
0.185556 0.746197 0.615904 0.171525
0.0657561 0.24105 0.17078 0.953103
0.124528 -0.284698 0.0576947 0.948742
0 0 0 0
0.566515 -0.0271804 0.822291 -0.0464671
0 0 0 0
0 0 0 0
0 0 0 0
0 0 0 0
