5710485
0 -0.865492 -0.451787 3.05694 2 288.032 356.468 153.617 258.363
1 -0.871172 -0.130517 3.02176 2 284.63 303.185 151.803 219.744
2 -0.87359 0.186087 2.97199 2 280.668 249.346 149.69 180.723
3 -0.821925 0.294937 2.99444 2 294.181 231.101 156.897 167.499
4 -0.915509 0.0600966 2.86053 2 262.47 270.512 139.984 196.064
5 -0.956034 -0.176237 2.80359 2 247.788 313.246 132.154 227.037
6 -0.933504 -0.438658 2.81408 2 254.094 360.692 135.517 261.425
7 -0.922967 -0.492567 2.82288 2 257.375 370.191 137.267 268.309
8 -0.819547 0.0858635 3.15707 2 304.664 267.388 162.487 193.799
9 -0.716117 -0.0835065 3.23672 2 331.345 294.306 176.717 213.309
10 -0.53573 0.00131518 3.13297 2 366.2 280.998 195.307 203.664
11 -0.497704 0.0333057 3.1059 2 373.638 275.778 199.273 199.88
12 -0.880091 -0.441141 2.95749 2 277.943 357.197 148.236 258.891
13 -0.959838 -0.754505 2.93525 2 257.155 412.4 137.149 298.902
14 -1.06195 -1.1242 2.97088 2 236.18 474.226 125.963 343.712
15 -1.00156 -1.196 2.93025 2 247.114 489.325 131.794 354.656
16 -0.829993 -0.451509 3.08478 2 297.841 355.712 158.848 257.815
17 -0.883118 -0.821406 3.14388 2 289.238 414.482 154.26 300.411
18 -0.939812 -1.1375 3.15855 2 277.536 465.055 148.019 337.066
19 -0.876172 -1.20137 3.15621 2 291.375 475.52 155.4 344.65
20 -0.873439 0.107677 2.98671 2 281.744 262.867 150.264 190.523
21 -0.923942 -0.58917 2.84991 2 259.219 386.664 138.25 280.249
22 -0.885742 -0.461852 2.83508 2 267.549 364.245 142.693 264
23 -0.452825 0.0549882 3.07166 2 382.5 272.145 204 197.247
24 -0.510412 0.0444633 3.07325 2 369.599 273.88 197.119 198.505
1
3
0.55603 -0.0376572 0.829327 -0.0403657
0.567484 -0.0382136 0.821532 -0.0398393
0.577752 -0.0545322 0.810937 -0.0749022
0 0 0 0
-0.332725 0.659196 -0.469984 0.483601
-0.0736892 0.906895 -0.122858 0.396255
-0.0280059 0.478805 0.0379797 0.876652
-0.0455372 0.475659 0.115743 0.870792
0.406418 0.61607 0.523676 0.425495
-0.214203 0.176956 0.241032 0.929896
-0.411709 0.557912 0.720574 -0.00157545
-0.466604 0.465271 0.751624 -0.0294134
0.480716 -0.502 0.567075 -0.441966
-0.0557726 0.976358 -0.116084 -0.173608
0.00908507 0.953611 -0.141519 -0.265546
0 0 0 0
0.256793 0.674569 0.661165 0.204632
0.0841428 0.187429 0.0638364 0.976584
0.0892729 0.0336088 0.0199045 0.995241
0 0 0 0
0.578719 -0.0462017 0.81224 -0.0567101
0 0 0 0
0 0 0 0
0 0 0 0
0 0 0 0
