11719810
0 -0.372362 -0.155902 2.43119 2 378.499 313.701 201.866 227.366
1 -0.380192 0.134348 2.33151 2 371.655 252.009 198.216 182.653
2 -0.385394 0.416729 2.21963 2 364.056 185.809 194.163 134.672
3 -0.366791 0.536637 2.20532 2 368.952 157.398 196.774 114.08
4 -0.439072 0.291467 2.18021 2 344.953 213.311 183.975 154.605
5 -0.383078 0.084637 2.13685 2 360.455 261.132 192.243 189.265
6 -0.389388 -0.170228 2.22973 2 363.624 319.921 193.933 231.874
7 -0.404778 -0.299595 2.2751 1 361.24 348.047 192.661 252.26
8 -0.310344 0.302638 2.45139 1 396.759 218.64 211.605 158.467
9 -0.345972 0.120928 2.23072 1 377.172 253.746 201.159 183.911
10 -0.260347 0.128396 2.47918 2 411.741 255.003 219.595 184.823
11 -0.202954 0.120017 2.51263 2 428.436 257.051 228.499 186.307
12 -0.389925 -0.171861 2.38145 2 371.175 317.789 197.96 230.329
13 -0.414903 -0.590936 2.56145 2 372.002 398.545 198.401 288.86
14 -0.476192 -0.899533 2.74549 2 363.76 448.288 194.005 324.913
15 -0.39953 -0.941433 2.7257 2 382.368 457.358 203.929 331.487
16 -0.342355 -0.134737 2.41621 2 386.433 309.453 206.098 224.288
17 -0.306188 -0.502614 2.46786 1 398.331 384.639 212.443 278.781
18 -0.146906 -0.715259 2.85459 2 448.419 408.533 239.157 296.099
19 -0.226052 -0.792175 2.79392 2 428.011 425.478 228.273 308.38
20 -0.384537 0.347325 2.24977 2 366.028 202.831 195.215 147.009
21 -0.41018 -0.364555 2.28397 2 360.006 362.274 192.003 262.572
22 -0.426538 -0.31589 2.27133 2 354.375 351.828 189 255
23 -0.153609 0.119267 2.52908 1 442.22 257.365 235.851 186.535
24 -0.17046 0.131767 2.51038 1 437.29 254.666 233.221 184.578
1
1
0.349564 -0.0704351 0.922247 -0.149344
0.412412 -0.0805794 0.895908 -0.144124
0.477091 -0.104179 0.854966 -0.174825
0 0 0 0
-0.173626 0.752153 -0.450286 0.448733
-0.163362 0.522732 -0.0164409 0.836537
-0.0707458 -0.459963 0.159198 0.870681
-0.0295744 -0.467993 0.173907 0.865947
0.418864 0.683651 0.471941 0.366669
0.28541 -0.484586 -0.32116 0.761954
-0.166879 0.0675031 0.697391 0.693715
-0.407276 0.278041 0.521105 0.696612
-0.323489 0.635517 -0.500566 0.490822
0.172824 0.895791 -0.106792 -0.395331
0.239983 0.941562 -0.138172 -0.191775
0 0 0 0
-0.0283673 0.438748 0.875228 -0.201671
0.0296979 0.821163 0.0794116 0.564361
0.377898 0.794004 0.361368 0.310103
0 0 0 0
0.478717 -0.097161 0.858806 -0.154413
0 0 0 0
0 0 0 0
0 0 0 0
0 0 0 0
