11762255
0 -0.519727 -0.058052 2.60602 2 346.492 292.509 184.796 212.007
1 -0.53513 0.248376 2.53667 2 338.395 231.496 180.477 167.785
2 -0.548066 0.544848 2.45673 2 329.601 168.295 175.787 121.978
3 -0.549524 0.664867 2.45371 2 328.831 143.102 175.377 103.719
4 -0.608778 0.412254 2.42349 2 310.213 194.634 165.447 141.068
5 -0.383893 0.27252 2.4535 1 376.137 224.889 200.606 162.997
6 -0.28639 0.221032 2.61308 2 408.549 238.385 217.893 172.778
7 -0.254504 0.204303 2.67004 1 418.4 242.486 223.147 175.751
8 -0.432458 0.368739 2.3816 2 358.637 202.582 191.273 146.829
9 -0.360675 0.237789 2.51415 2 385.162 233.282 205.42 169.08
10 -0.360387 0.346687 2.75242 1 393.76 217.363 210.005 157.542
11 -0.386303 0.37499 2.78885 1 388.503 213.028 207.202 154.4
12 -0.571801 -0.0547026 2.58418 2 331.332 291.955 176.711 211.605
13 -0.446888 -0.507885 2.64379 2 367.23 378.828 195.856 274.569
14 -0.465043 -0.918038 2.74162 2 366.396 451.984 195.411 327.592
15 -0.354499 -0.934577 2.71872 2 393.602 456.493 209.921 330.86
16 -0.455984 -0.0604475 2.55971 2 361.25 293.181 192.667 212.493
17 -0.398208 -0.419624 2.68538 1 381.696 360.506 203.571 261.29
18 -0.331542 -0.890327 2.74861 1 400.42 446.284 213.557 323.46
19 -0.349101 -0.958427 2.64969 2 392.625 465.721 209.4 337.548
20 -0.545267 0.472073 2.47878 2 331.872 184.322 176.998 133.594
21 -0.258379 0.211813 2.67077 1 417.416 241.071 222.622 174.725
22 -0.255848 0.212032 2.65798 1 417.751 240.836 222.8 174.555
23 -0.379948 0.37773 2.7866 2 390 212.476 208 154
24 -0.37823 0.376023 2.774 2 390 212.476 208 154
1
1
-0.108716 -0.0123558 0.987555 -0.112977
-0.0610123 -0.0177843 0.991646 -0.11225
-0.000979861 -0.0184573 0.989042 -0.146474
0 0 0 0
-0.243991 0.877869 -0.388452 0.137547
-0.298111 0.614249 0.385905 0.620407
-0.388056 -0.116077 0.465504 0.786921
-0.381256 -0.126474 0.480115 0.779832
-0.243783 0.87509 0.394328 -0.138898
-0.396401 -0.636754 0.122335 0.649958
0.511672 0.329243 0.667857 0.42867
0.702817 0.14838 0.522967 0.458844
0.0749466 -0.656449 0.723871 -0.198667
-0.144116 -0.610194 -0.0321731 0.778369
0.11354 0.986585 -0.034695 -0.11205
0 0 0 0
-0.144736 0.655733 0.68107 -0.291908
0.0829347 0.771319 0.162859 0.609644
0.00889362 0.782445 0.0958226 0.615239
0 0 0 0
-0.00170971 -0.0218767 0.991758 -0.126232
0 0 0 0
0 0 0 0
0 0 0 0
0 0 0 0
