11862577
0 -0.0481127 -0.0598373 2.5762 2 471.13 292.95 251.269 212.326
1 0.00685204 0.230787 2.49458 2 485.845 234.418 259.117 169.903
2 0.062501 0.513267 2.40261 2 501.896 172.806 267.678 125.248
3 0.136851 0.619608 2.39871 2 523.366 149.914 279.128 108.656
4 -0.0551227 0.3814 2.2994 2 467.45 197.166 249.306 142.904
5 -0.168571 0.135951 2.3113 2 433.825 251.46 231.373 182.255
6 -0.18029 -0.127355 2.34064 2 431.011 308.732 229.873 223.764
7 -0.167795 -0.16756 2.34952 2 434.861 317.287 231.926 229.965
8 0.13271 0.410828 2.62476 2 518.769 201.911 276.677 146.342
9 0.284552 0.357259 2.73166 2 555.684 214.944 296.365 155.789
10 0.466384 0.345087 2.79378 2 599.048 218.547 319.492 158.4
11 0.547079 0.329469 2.8354 2 617.057 222.227 329.097 161.067
12 -0.0729937 -0.061103 2.46547 2 463.621 293.737 247.265 212.897
13 -0.223917 -0.50609 2.55242 2 423.456 381.831 225.843 276.746
14 -0.375646 -0.864845 2.70462 2 387.76 444.18 206.806 321.936
15 -0.332181 -0.929967 2.69029 2 398.397 457.469 212.478 331.567
16 -0.021528 -0.0574617 2.61817 2 478.309 292.302 255.098 211.857
17 -0.0314647 -0.438988 2.77963 2 476.164 361.211 253.954 261.801
18 -0.0625468 -0.764222 2.93878 2 469.257 413.375 250.27 299.608
19 0.00606555 -0.79487 2.93139 2 485.386 419.07 258.873 303.736
20 0.0485509 0.443864 2.42765 2 497.734 188.524 265.458 136.64
21 -0.167262 -0.232279 2.36776 2 435.374 330.857 232.199 239.801
22 -0.197484 -0.169692 2.32208 2 425.478 318.187 226.922 230.617
23 0.611976 0.303526 2.87721 2 630.743 227.639 336.396 164.99
24 0.568751 0.284417 2.82827 2 622.677 230.165 332.094 166.82
1
0
0.563203 -0.00240514 0.81018 -0.162494
0.52148 0.00582132 0.837644 -0.162407
0.474871 0.00057803 0.858278 -0.194569
0 0 0 0
-0.159656 0.676265 -0.545347 0.468799
0.0411182 0.972722 -0.211857 0.0850763
0.0388348 0.884365 -0.0453145 -0.462966
0.16421 0.854899 0.0764615 -0.486144
0.44663 0.695779 0.473657 0.303419
-0.42898 0.129536 0.421178 0.788547
0.565328 0.58359 0.385739 -0.437073
0.559856 0.641056 0.31906 -0.416905
0.366066 -0.494262 0.60035 -0.511157
0.0655527 0.969879 -0.173493 -0.157919
0.137063 0.934566 -0.228663 -0.235614
0 0 0 0
0.439927 0.647501 0.574757 0.238455
0.0495783 0.18518 0.192896 0.96231
0.0725438 0.125378 0.21743 0.965268
0 0 0 0
0.478245 0.00878267 0.860349 -0.176082
0 0 0 0
0 0 0 0
0 0 0 0
0 0 0 0
