11816988
0 0.930686 0.350299 3.4202 2 672.089 229.105 358.447 166.052
1 0.890513 0.630339 3.3063 2 670.402 184.098 357.548 133.432
2 0.847173 0.902727 3.18139 2 668.568 136.456 356.57 98.9015
3 0.800375 1.02097 3.12848 2 661.395 114.657 352.744 83.1015
4 0.695216 0.808745 3.26263 2 631.447 154.957 336.772 112.31
5 0.537057 0.675699 3.17108 2 600.974 172.874 320.52 125.297
6 0.36301 0.561207 2.98205 2 567.928 185.684 302.895 134.581
7 0.290645 0.507384 2.92361 2 552.478 193.189 294.655 140.021
8 0.996872 0.792914 3.13907 2 704.184 152.313 375.565 110.394
9 1.11272 0.561816 3.21465 2 723.921 192.057 386.091 139.2
10 1.11249 0.356832 3.23734 2 722.042 225.017 385.089 163.089
11 1.10271 0.298524 3.26338 2 718 234.587 382.934 170.026
12 0.854747 0.346916 3.41622 2 656.818 229.584 350.303 166.399
13 0.934777 0.0284715 3.58653 2 663.969 277.176 354.117 200.894
14 1.00009 -0.28572 3.73283 2 669.112 320.135 356.86 232.03
15 0.941908 -0.350873 3.74814 2 657.566 328.799 350.702 238.309
16 0.987277 0.346475 3.35357 2 687.634 228.613 366.738 165.696
17 1.10107 0.015179 3.45204 2 704.68 278.972 375.83 202.195
18 1.26413 -0.314122 3.6166 2 726.12 325.491 387.264 235.911
19 1.21807 -0.397632 3.51603 2 723.997 338.872 386.132 245.61
20 0.85858 0.83582 3.21472 2 669.049 148.621 356.826 107.719
21 0.233576 0.479256 2.84445 2 540.534 195.789 288.285 141.905
22 0.300588 0.460571 2.91462 2 555.016 201.092 296.008 145.749
23 1.11371 0.226053 3.28788 2 718.544 246.173 383.223 178.423
24 1.08191 0.342129 3.26967 2 713.125 227.884 380.333 165.167
0
1
-0.210993 -0.0245932 0.956349 -0.200684
-0.203733 -0.0261147 0.957922 -0.200492
-0.19419 -0.0307115 0.95116 -0.237995
0 0 0 0
0.223581 0.75894 -0.609493 0.0504018
0.442123 -0.607307 0.101183 0.652279
0.148152 0.378805 -0.523977 0.748336
0.187884 0.419805 -0.462897 0.757753
-0.0345878 0.717651 0.606209 -0.341015
0.100952 0.946617 0.246553 0.181482
-0.00215993 -0.0495587 0.0550743 0.997249
0.0640843 -0.0629391 0.211176 0.973312
0.111332 0.706152 -0.682189 0.153532
-0.222032 -0.513736 0.142269 0.816417
-0.111227 -0.0741719 0.205425 0.969499
0 0 0 0
-0.174216 0.59129 0.669176 -0.415005
0.0349077 0.834484 0.208669 0.508798
0.0762975 0.820458 0.291953 0.485583
0 0 0 0
-0.19554 -0.0291673 0.955995 -0.216762
0 0 0 0
0 0 0 0
0 0 0 0
0 0 0 0
