11715934
0 -0.477849 -0.12809 2.41548 2 347.58 308.111 185.376 223.314
1 -0.51617 0.139213 2.30853 2 329.682 250.593 175.83 181.627
2 -0.54783 0.399085 2.19009 2 310.911 188.449 165.819 136.585
3 -0.531428 0.522195 2.15889 2 313.483 157.947 167.191 114.478
4 -0.591021 0.272114 2.14797 2 293.647 216.735 156.612 157.087
5 -0.564165 0.063128 2.1637 2 303.861 266.382 162.059 193.07
6 -0.547211 -0.163571 2.23479 2 314.87 318.403 167.931 230.774
7 -0.544467 -0.25088 2.26649 2 318.019 337.474 169.61 244.597
8 -0.472112 0.285089 2.42212 1 349.485 221.458 186.392 160.51
9 -0.520118 0.152637 2.17019 2 318.49 245.479 169.861 177.92
10 -0.42615 0.0444951 2.39379 1 361.332 271.789 192.711 196.989
11 -0.390687 -0.0158628 2.40321 2 372.031 284.555 198.416 206.241
12 -0.497157 -0.114488 2.34627 2 337.824 305.974 180.173 221.766
13 -0.471829 -0.539051 2.52189 2 354.635 389.93 189.139 282.616
14 -0.468252 -0.907927 2.75154 2 366.022 449.479 195.212 325.776
15 -0.380075 -0.932212 2.70739 2 386.668 456.799 206.223 331.082
16 -0.442343 -0.127231 2.40676 2 357.311 308.015 190.566 223.245
17 -0.473473 -0.571071 2.53582 2 354.86 395.788 189.259 286.862
18 -0.438728 -0.873841 2.85101 2 377.392 437.396 201.276 317.019
19 -0.356775 -0.91264 2.7793 2 395.038 448.584 210.687 325.128
20 -0.540754 0.335472 2.22163 2 315.698 204.4 168.372 148.146
21 -0.521362 -0.317692 2.28264 2 326.169 351.961 173.957 255.096
22 -0.537019 -0.314867 2.26086 2 319.821 352.026 170.571 255.144
23 -0.376785 -0.0539688 2.42217 2 376.875 292.497 201 211.998
24 -0.384034 -0.000348523 2.4072 2 374.129 281.284 199.536 203.871
1
1
0.344035 -0.129007 0.917499 -0.152294
0.412112 -0.140103 0.889004 -0.142153
0.483501 -0.157242 0.843778 -0.171872
0 0 0 0
-0.199828 0.770586 -0.412894 0.442476
-0.026571 0.621619 0.0689043 0.77983
0.155273 0.965615 0.0033324 -0.208485
0.172528 0.96347 -0.0211637 -0.203744
0.404965 0.677348 0.469412 0.39605
0.357917 -0.461291 -0.377436 0.718782
-0.16307 0.0784264 0.519421 0.83514
-0.244407 0.169738 0.11409 0.94786
0.431245 -0.486147 0.637988 -0.41311
0.18927 0.896029 -0.0533708 -0.398071
0.266665 0.929074 -0.0666181 -0.247536
0 0 0 0
0.0567664 0.663221 0.713114 -0.219962
0.110176 0.581265 0.0939721 0.800726
0.109165 0.350405 0.377889 0.85
0 0 0 0
0.483895 -0.152585 0.848567 -0.149994
0 0 0 0
0 0 0 0
0 0 0 0
0 0 0 0
