11824896
0 -0.118733 -0.0286116 2.60859 2 452.691 286.755 241.435 207.836
1 -0.0801851 0.265844 2.53683 2 462.224 228.19 246.519 165.389
2 -0.0389797 0.55107 2.45469 2 473.002 167.254 252.268 121.223
3 -0.01268 0.660147 2.45453 2 480.388 144.484 256.207 104.72
4 -0.183615 0.421994 2.45667 2 432.461 194.123 230.646 140.698
5 -0.343259 0.270175 2.59376 2 392.828 228.431 209.508 165.564
6 -0.364462 0.0187898 2.67413 2 390.188 277.653 208.1 201.239
7 -0.352134 -0.0668088 2.69844 2 394.184 293.744 210.231 212.902
8 0.0917546 0.36326 2.42036 2 510.051 205.192 272.027 148.72
9 0.261387 0.310517 2.4918 2 556.178 218.078 296.628 158.06
10 0.479329 0.37854 2.61569 2 610.405 207.729 325.549 150.559
11 0.528271 0.400827 2.6332 2 622.476 203.872 331.987 147.763
12 -0.174299 -0.0249844 2.57982 2 437.535 286.107 233.352 207.367
13 -0.19453 -0.437178 2.60917 2 432.595 366.149 230.717 265.38
14 -0.377379 -0.843081 2.70629 2 387.396 439.949 206.611 318.869
15 -0.357631 -0.917194 2.71963 2 392.847 453.152 209.518 328.438
16 -0.0599402 -0.0313935 2.56748 2 467.922 287.39 249.559 208.297
17 -0.0465657 -0.421901 2.90382 1 472.921 354.785 252.225 257.143
18 -0.110414 -0.75341 2.97793 2 458.353 409.769 244.455 296.995
19 -0.11901 -0.821909 2.87752 2 455.365 426.514 242.861 309.131
20 -0.049284 0.480946 2.47725 2 470.246 182.757 250.798 132.46
21 -0.35154 -0.130987 2.69505 2 394.209 305.818 210.245 221.653
22 -0.383402 -0.0660799 2.69659 2 386.117 293.619 205.929 212.811
23 0.595817 0.410008 2.62697 2 640.683 201.849 341.698 146.297
24 0.515907 0.359115 2.62253 2 619.728 211.667 330.521 153.413
0
0
-0.0508132 0.069659 0.989605 -0.1151
-0.0494409 0.0694994 0.989674 -0.115196
-0.0489389 0.0778327 0.984379 -0.150152
0 0 0 0
-0.0158713 0.829731 -0.548421 0.102612
0.216323 0.869827 -0.400818 -0.189603
-0.0282768 -0.417641 0.156444 0.894596
-0.120229 -0.412088 0.095521 0.898111
-0.0849101 0.881717 0.432193 -0.169039
-0.599417 -0.242066 0.054488 0.761009
0.691806 0.520988 0.390308 -0.312467
0.703701 0.435205 0.449259 -0.336999
0.0753019 -0.638873 0.72337 -0.250812
-0.00580927 -0.672559 0.0427342 0.738786
0.10556 0.972135 -0.208451 -0.0189381
0 0 0 0
-0.169888 0.673795 0.672134 -0.255683
0.20785 0.588923 0.279422 0.729309
0.142466 0.693062 0.0119735 0.706558
0 0 0 0
-0.0480093 0.0757732 0.98742 -0.130213
0 0 0 0
0 0 0 0
0 0 0 0
0 0 0 0
