11865160
0 1.35127 0.326212 3.39307 2 760.145 232.148 405.411 168.258
1 1.35584 0.60126 3.22694 2 775.449 186.092 413.573 134.877
2 1.35681 0.869504 3.04737 2 792.511 135.708 422.673 98.359
3 1.40686 0.95815 3.00171 2 808.242 118.694 431.062 86.0277
4 1.24451 0.729778 3.02265 2 769.573 157.967 410.439 114.492
5 1.32019 0.544524 3.05199 2 784.047 190.131 418.158 137.805
6 1.50034 0.355185 3.10943 2 818.603 222.915 436.588 161.566
7 1.58129 0.284778 3.11965 1 835.364 234.642 445.528 170.065
8 1.51075 0.76115 3.18158 2 812.995 159.224 433.597 115.403
9 1.58783 0.52467 3.25288 2 822.374 198.925 438.6 144.178
10 1.62337 0.297813 3.1613 2 839.897 233.161 447.945 168.992
11 1.63825 0.2418 3.12797 2 846.908 241.791 451.684 175.247
12 1.28302 0.316518 3.3342 2 750.769 232.776 400.41 168.713
13 1.18318 -0.0363431 3.49325 2 718.481 286.512 383.19 207.66
14 1.08599 -0.286251 3.66518 2 688.916 320.964 367.422 232.631
15 1.13058 -0.366537 3.57418 2 702.94 333.452 374.901 241.682
16 1.393 0.329352 3.38338 2 769.538 231.525 410.42 167.806
17 1.39863 -0.0337061 3.50038 2 761.017 286.124 405.876 207.379
18 1.38212 -0.312048 3.62583 2 748.231 325.116 399.057 235.64
19 1.49651 -0.320371 3.62464 2 770.336 326.324 410.846 236.515
20 1.35747 0.803536 3.09445 2 788.12 148.725 420.331 107.794
21 1.63028 0.230621 3.12875 2 845.087 243.619 450.713 176.572
22 1.58073 0.243298 3.11227 2 836.082 241.33 445.91 174.912
23 1.66448 0.183648 3.12243 2 853.286 251.225 455.086 182.085
24 1.58289 0.247416 3.10141 2 837.774 240.515 446.813 174.322
1
1
0.200442 -0.0486018 0.942216 -0.263987
0.221792 -0.0545856 0.93742 -0.262815
0.23797 -0.0803442 0.922141 -0.294228
0 0 0 0
-0.0414755 0.761859 -0.506924 0.401098
0.049601 0.971061 0.198924 0.122518
-0.335254 -0.669467 -0.183893 0.636868
-0.33008 -0.640104 -0.253747 0.645699
0.293279 0.7852 0.545082 0.0182761
0.0119647 0.755279 0.207066 0.621719
-0.109489 0.790889 0.170819 -0.577345
-0.141615 0.774275 0.247092 -0.565145
0.0942125 -0.626216 0.661554 -0.401651
0.108996 0.830588 -0.216182 -0.501507
0.158805 0.804691 -0.287212 -0.494734
0 0 0 0
0.110929 0.632174 0.724047 -0.252598
0.0791876 0.543592 0.133726 0.824836
0.0305278 0.0135406 0.209506 0.977237
0 0 0 0
0.241743 -0.0687228 0.927261 -0.277532
0 0 0 0
0 0 0 0
0 0 0 0
0 0 0 0
