11824657
0 1.14129 0.374961 3.4377 2 713.902 225.62 380.748 163.526
1 1.10796 0.625022 3.26963 2 718.881 183.692 383.403 133.137
2 1.07066 0.868612 3.09326 2 724.082 137.86 386.177 99.919
3 1.00382 0.975559 3.06838 2 710.922 118.901 379.158 86.1782
4 1.01453 0.830716 3.28583 2 698.05 152.214 372.293 110.322
5 1.03412 0.640122 3.46635 2 690.595 187.089 368.318 135.599
6 1.02253 0.430271 3.59359 1 680.796 220.261 363.091 159.642
7 1.01192 0.390966 3.58925 1 678.95 225.774 362.107 163.638
8 1.13306 0.739946 3.01128 2 744.998 155.768 397.332 112.899
9 0.993336 0.573351 2.91365 2 720.331 180.815 384.177 131.053
10 0.776521 0.48269 2.7982 2 676.039 193.351 360.554 140.138
11 0.620291 0.41905 2.71727 2 641.7 202.794 342.24 146.982
12 1.10836 0.394956 3.45464 2 706.117 222.957 376.596 161.596
13 1.09214 0.0483363 3.61652 2 692.82 274.409 369.504 198.888
14 1.11135 -0.256382 3.80063 2 686.185 315.54 365.965 228.699
15 1.06339 -0.311187 3.8354 2 675.632 322.485 360.337 233.733
16 1.15162 0.347935 3.35723 2 721.601 228.378 384.854 165.525
17 1.24265 -0.0161845 3.49959 2 729.933 283.568 389.298 205.526
18 1.28287 -0.334683 3.61273 2 730.017 328.447 389.342 238.054
19 1.18193 -0.402941 3.56898 2 713.334 338.753 380.445 245.524
20 1.0807 0.808788 3.13921 2 722.763 149.699 385.474 108.5
21 1.00804 0.354101 3.59589 2 677.812 231.102 361.5 167.5
22 1.01114 0.388949 3.55631 2 680.62 225.544 362.997 163.472
23 0.569492 0.405516 2.68001 2 630.722 204.31 336.385 148.081
24 0.577399 0.448952 2.68243 2 632.685 196.115 337.432 142.142
0
0
-0.541834 0.117207 0.786692 -0.27165
-0.530824 0.113412 0.794163 -0.273256
-0.515238 0.115662 0.792207 -0.305877
0 0 0 0
0.517911 0.608528 -0.547083 -0.249322
-0.216126 -0.45556 0.302124 0.808997
0.265351 0.925919 0.0501988 0.264091
-0.0164672 0.953657 -0.140379 0.265634
-0.224241 0.626574 0.47625 -0.574723
-0.165719 0.908616 -0.350791 0.154598
0.519421 -0.652935 0.238903 0.496792
0.520036 -0.64954 0.243918 0.498161
-0.431133 -0.511638 0.742748 -0.026001
-0.0229153 -0.199025 0.216462 0.955514
-0.0222677 0.0205155 0.268646 0.962763
0 0 0 0
-0.351598 0.566308 0.467277 -0.580798
0.161204 0.964488 0.143071 0.152665
0.14767 0.95037 0.101683 0.254266
0 0 0 0
-0.518157 0.111601 0.797686 -0.287674
0 0 0 0
0 0 0 0
0 0 0 0
0 0 0 0
