11717193
0 -0.459745 -0.120121 2.42609 2 353.358 306.32 188.458 222.016
1 -0.502868 0.141238 2.31847 2 334.334 250.288 178.311 181.405
2 -0.533387 0.396503 2.20068 2 316.324 189.515 168.706 137.358
3 -0.513491 0.519558 2.16899 2 320.042 159.169 170.689 115.364
4 -0.575037 0.265909 2.15591 2 299.531 218.456 159.75 158.334
5 -0.549362 0.0605605 2.14977 2 307.482 266.895 163.991 193.442
6 -0.460873 -0.114818 2.2331 2 341.646 307.299 182.211 222.726
7 -0.428781 -0.182908 2.29673 2 355.265 321.607 189.475 233.096
8 -0.457738 0.282528 2.43267 1 354.173 222.265 188.892 161.095
9 -0.501291 0.127664 2.19336 1 326.239 251.655 173.994 182.396
10 -0.427753 0.0203429 2.42391 2 362.409 276.957 193.285 200.735
11 -0.382465 -0.0351779 2.38771 2 373.681 288.674 199.297 209.227
12 -0.475849 -0.125169 2.36552 2 345.269 308.055 184.143 223.274
13 -0.453856 -0.549874 2.54033 2 360.478 391.295 192.255 283.606
14 -0.470422 -0.910248 2.75365 2 365.564 449.783 194.968 325.996
15 -0.376714 -0.933032 2.71082 2 387.652 456.728 206.748 331.03
16 -0.43015 -0.111898 2.41939 2 361.473 304.657 192.786 220.811
17 -0.459577 -0.449015 2.47556 1 355.742 373.389 189.729 270.627
18 -0.446804 -0.808789 2.7794 2 372.668 429.449 198.756 311.258
19 -0.37008 -0.886259 2.79052 2 392.114 443.055 209.128 321.12
20 -0.52796 0.333556 2.23145 2 320.438 205.191 170.9 148.72
21 -0.372119 -0.254864 2.31397 2 373.132 337.064 199.004 244.3
22 -0.429186 -0.138897 2.22675 2 351.096 312.85 187.251 226.75
23 -0.362307 -0.0798134 2.40618 2 380.314 298.011 202.834 215.995
24 -0.396296 -0.0587224 2.33021 2 366.836 293.981 195.646 213.074
1
1
0.405708 -0.149925 0.890196 -0.14309
0.444245 -0.156039 0.871605 -0.136397
0.491972 -0.147845 0.840137 -0.173997
0 0 0 0
-0.206333 0.772685 -0.393543 0.453331
-0.0411132 0.892153 0.0488911 0.447193
0.0688942 0.827142 0.290348 0.476223
0.204402 0.780492 0.335871 0.486047
0.400598 0.676769 0.47233 0.398007
0.346827 -0.512971 -0.333437 0.710909
0.545223 0.801102 0.00536965 -0.246859
-0.145941 0.880371 0.364522 -0.266029
-0.437971 0.602895 -0.517728 0.420306
0.190599 0.922548 -0.0428294 -0.332781
0.252003 0.938145 -0.0810195 -0.223191
0 0 0 0
0.0772304 0.576781 0.790451 -0.191174
0.0817404 0.557593 0.0440035 0.824908
0.0736282 0.23951 0.335737 0.908017
0 0 0 0
0.489214 -0.157473 0.844406 -0.151164
0 0 0 0
0 0 0 0
0 0 0 0
0 0 0 0
