11842685
0 1.32886 0.376677 3.47373 2 749.206 225.884 399.576 163.718
1 1.33407 0.64416 3.33792 2 761.226 182.695 405.987 132.415
2 1.33417 0.904493 3.19188 2 773.804 136.616 412.695 99.0177
3 1.35909 1.01135 3.11909 2 785.77 115.946 419.077 84.0362
4 1.17646 0.84427 3.24059 2 735.815 148.211 392.435 107.421
5 1.08859 0.630282 3.37881 2 707.235 186.083 377.192 134.871
6 1.0739 0.386642 3.40374 2 702.395 223.339 374.611 161.873
7 1.07602 0.333116 3.4006 2 703.003 231.311 374.935 167.651
8 1.48934 0.787228 3.21667 2 804.873 156.39 429.266 113.349
9 1.58105 0.57025 3.28925 2 817.227 192.759 435.854 139.709
10 1.6764 0.336324 3.26368 2 839.975 228.653 447.987 165.724
11 1.7023 0.274198 3.21359 2 850.961 237.711 453.846 172.29
12 1.2459 0.380361 3.44914 2 734.322 224.967 391.638 163.053
13 1.1758 0.0542089 3.61185 2 709.28 273.567 378.283 198.277
14 1.11564 -0.247275 3.81246 2 686.332 314.218 366.044 227.741
15 1.09638 -0.333369 3.70581 2 688.626 327.004 367.267 237.008
16 1.38576 0.365503 3.42996 2 764.179 226.824 407.562 164.399
17 1.41439 0.0433157 3.54961 2 760.25 274.984 405.466 199.305
18 1.4767 -0.289844 3.68014 2 762.235 321.403 406.525 232.948
19 1.54836 -0.319809 3.68148 2 775.705 325.553 413.709 235.956
20 1.33509 0.84053 3.23037 2 770.625 148.407 411 107.563
21 1.08757 0.272381 3.4106 2 704.687 240.532 375.833 174.334
22 1.1039 0.321445 3.39255 2 709.262 232.934 378.273 168.827
23 1.72218 0.215799 3.16896 2 860.314 246.508 458.834 178.666
24 1.73853 0.291713 3.19589 2 860.623 234.704 458.999 170.11
1
0
-0.0798775 0.0280287 0.969215 -0.231205
-0.0754261 0.0269668 0.969572 -0.231331
-0.0741579 0.0142369 0.960664 -0.267251
0 0 0 0
-0.196433 -0.682822 0.687878 -0.148295
0.155569 0.831922 -0.280637 -0.452711
0.0519803 0.516096 0.0280582 0.854492
-0.0321103 0.51746 -0.0148433 0.854976
0.115043 0.780547 0.569242 -0.231245
-0.0317161 0.67587 0.242617 0.69522
-0.169697 0.707324 0.102691 0.678491
-0.350579 0.707842 -0.0828999 0.607604
-0.0615618 -0.644163 0.719364 -0.252545
-0.0764324 -0.640803 0.23409 0.727139
-0.131966 -0.649511 0.268225 0.699125
0 0 0 0
-0.0978685 0.664868 0.643058 -0.367216
0.108504 0.755583 0.145333 0.629444
-0.0708611 0.0874448 0.190617 0.975191
0 0 0 0
-0.0723458 0.0208464 0.966072 -0.247054
0 0 0 0
0 0 0 0
0 0 0 0
0 0 0 0
