11709950
0 0.887048 0.361041 3.43669 2 662.335 227.786 353.245 165.096
1 0.875317 0.63744 3.30765 2 667.131 183.052 355.803 132.674
2 0.858891 0.907125 3.17042 2 671.787 135.234 358.286 98.0156
3 0.809426 1.02462 3.13478 2 663.045 114.393 353.624 82.9101
4 0.774213 0.863897 3.34622 2 644.196 149.64 343.571 108.457
5 0.75536 0.648087 3.49911 2 633.173 187.004 337.692 135.538
6 0.702909 0.45208 3.47935 2 623.39 215.222 332.475 155.99
7 0.676252 0.37404 3.46345 2 618.64 226.394 329.941 164.087
8 0.94752 0.772455 3.09638 2 696.127 153.931 371.268 111.567
9 1.0089 0.540829 3.10471 2 709.141 192.385 378.209 139.438
10 0.808457 0.364749 3.16111 2 660.715 222.529 352.381 161.286
11 0.738758 0.367604 3.14816 2 646.039 221.863 344.554 160.803
12 0.845063 0.36542 3.44143 2 653.593 227.233 348.583 164.696
13 0.870283 0.0310343 3.64571 2 648.706 276.888 345.976 200.684
14 0.94532 -0.29516 3.75734 2 657.741 321.139 350.795 232.757
15 0.871582 -0.327148 3.81445 2 641.681 324.774 342.23 235.392
16 0.910982 0.348921 3.36152 2 671.317 228.405 358.036 165.545
17 0.960871 -0.0309031 3.49328 2 674.028 285.709 359.481 207.078
18 1.03948 -0.358325 3.60222 2 683.558 331.841 364.564 240.514
19 1.00183 -0.447467 3.57838 2 677.62 344.861 361.397 249.951
20 0.863478 0.840765 3.20641 2 670.601 147.482 357.654 106.893
21 0.672685 0.326328 3.47586 2 617.416 233.57 329.288 169.288
22 0.670861 0.389702 3.42254 2 619.18 223.409 330.229 161.924
23 0.702106 0.339917 3.16105 2 637.289 226.586 339.887 164.226
24 0.699733 0.411334 3.15315 2 637.209 214.919 339.845 155.77
0
0
-0.413799 0.0739715 0.884021 -0.204463
-0.438286 0.0796435 0.87214 -0.202321
-0.461148 0.0893823 0.852076 -0.230911
0 0 0 0
0.45679 0.616181 -0.600338 -0.226404
-0.15103 -0.569262 0.265011 0.763479
-0.077893 0.963005 -0.114901 -0.230979
-0.130949 0.955828 -0.135097 -0.225821
-0.159 0.694799 0.503484 -0.488341
0.0309958 0.985974 0.126545 -0.104308
0.312177 -0.403434 0.282305 0.81246
0.590901 -0.494184 0.413472 0.485448
-0.202184 -0.660765 0.714614 -0.1088
-0.12339 -0.327456 0.242848 0.90475
-0.0630147 0.253643 0.18381 0.94758
0 0 0 0
-0.345744 0.579041 0.551846 -0.490549
0.135202 0.928801 0.113714 0.325757
0.106963 0.918272 0.16118 0.345481
0 0 0 0
-0.462889 0.0852577 0.855989 -0.213889
0 0 0 0
0 0 0 0
0 0 0 0
0 0 0 0
