11767667
0 -0.105373 -0.0021578 2.62761 2 456.411 281.626 243.419 204.119
1 -0.0695894 0.293195 2.5641 2 465.293 223.347 248.156 161.879
2 -0.0379064 0.580445 2.48773 2 473.442 162.739 252.503 117.951
3 -0.00927694 0.686806 2.48499 2 481.377 140.671 256.734 101.956
4 -0.0911402 0.434654 2.42091 2 458.021 190.196 244.278 137.851
5 0.034927 0.238959 2.38095 2 494.041 230.44 263.489 167.02
6 0.244982 0.122204 2.50253 2 551.266 256.504 294.008 185.911
7 0.303125 0.118751 2.55334 2 565.616 257.67 301.662 186.756
8 0.045532 0.382414 2.41593 1 496.931 201.026 265.03 145.701
9 0.101211 0.182615 2.41129 1 512.804 242.91 273.496 176.058
10 0.292126 0.108747 2.55179 2 562.691 259.643 300.102 188.186
11 0.320199 0.118364 2.56104 2 569.968 257.814 303.983 186.86
12 -0.179827 0.00423708 2.59565 2 436.355 280.385 232.722 203.22
13 -0.215507 -0.415266 2.6272 2 427.456 361.325 227.976 261.883
14 -0.389737 -0.841138 2.75213 2 385.907 436.925 205.817 316.677
15 -0.34219 -0.90264 2.75223 2 397.838 448.37 212.18 324.973
16 -0.030235 -0.010328 2.58789 2 475.933 283.228 253.831 205.279
17 -0.063402 -0.375618 2.85074 2 468.656 347.912 249.95 252.162
18 -0.048235 -0.711583 2.95192 2 472.678 403.643 252.095 292.555
19 -0.0499714 -0.782222 2.8488 2 471.836 420.828 251.646 305.011
20 -0.0455341 0.509487 2.509 2 471.446 178.206 251.438 129.161
21 0.34344 0.0900416 2.57771 2 575.625 263.526 307 191
22 0.317551 0.138415 2.52588 2 570.453 253.468 304.241 183.71
23 0.350511 0.100216 2.57003 2 577.802 261.467 308.161 189.508
24 0.346112 0.136131 2.52113 2 578.435 253.867 308.499 183.999
1
1
-0.0289296 0.062286 0.992268 -0.103377
0.00952318 0.0582354 0.992644 -0.105712
0.0605892 0.0428697 0.986283 -0.147432
0 0 0 0
-0.360225 0.884634 -0.262899 0.136181
-0.200139 0.862787 0.213712 0.412153
-0.100564 0.6394 0.52262 0.554908
-0.0705291 0.492822 0.687523 0.528644
-0.266492 0.920792 0.282437 -0.0367914
-0.12295 -0.346454 -0.0579333 0.928169
0.0480047 0.68526 0.590709 0.423293
-0.174283 0.505433 0.790155 0.299697
0.0603491 -0.64357 0.731914 -0.215585
0.00489812 -0.687739 0.0562859 0.723756
0.115082 0.967998 -0.200388 -0.0978818
0 0 0 0
-0.119545 0.705427 0.661714 -0.224089
0.251949 0.701634 0.178241 0.642231
0.0895862 0.711413 0.116886 0.687171
0 0 0 0
0.06168 0.0462578 0.988904 -0.126984
0 0 0 0
0 0 0 0
0 0 0 0
0 0 0 0
