11866734
0 1.38481 0.300463 3.39229 2 767.095 236.005 409.118 171.053
1 1.41983 0.576428 3.21377 2 790.431 189.654 421.563 137.458
2 1.44991 0.845232 3.02391 2 815.906 138.815 435.15 100.611
3 1.51995 0.92086 2.97917 2 836.324 124.12 446.04 89.9608
4 1.31851 0.713052 3.00033 2 788.72 159.931 420.651 115.916
5 1.40963 0.506381 3.03591 2 805.996 196.083 429.865 142.119
6 1.55504 0.324858 3.11301 2 830.306 227.968 442.83 165.228
7 1.61348 0.253795 3.11742 1 842.689 239.689 449.434 173.723
8 1.5875 0.719013 3.17366 2 830.347 165.765 442.852 120.144
9 1.63491 0.491299 3.23998 2 833.672 203.879 444.625 147.769
10 1.64132 0.241854 3.13394 2 846.895 241.858 451.677 175.295
11 1.66557 0.210365 3.11973 2 853.824 246.836 455.373 178.903
12 1.32013 0.300871 3.34508 2 757.631 235.313 404.07 170.552
13 1.19557 -0.0821292 3.51203 2 719.686 293.127 383.833 212.454
14 1.09179 -0.311994 3.67018 2 689.749 324.484 367.866 235.182
15 1.13345 -0.395373 3.58145 1 703.068 337.452 374.97 244.581
16 1.42323 0.291221 3.36999 2 776.917 237.1 414.356 171.847
17 1.41442 -0.0366589 3.48863 2 765.118 286.573 408.063 207.704
18 1.37844 -0.318208 3.63565 2 746.807 325.861 398.297 236.179
19 1.49493 -0.324968 3.62575 2 769.945 326.957 410.637 236.974
20 1.44345 0.7792 3.07337 2 809.385 151.943 431.672 110.126
21 1.67781 0.21432 3.11481 2 857.062 246.14 457.1 178.399
22 1.6298 0.248554 3.0806 2 850.516 240.075 453.608 174.003
23 1.69358 0.176658 3.10439 2 861.749 252.213 459.6 182.8
24 1.61277 0.205915 3.09729 2 844.849 247.304 450.586 179.243
1
1
0.0857825 0.0298326 0.953988 -0.285758
0.161124 0.00709016 0.944188 -0.287224
0.233266 -0.0376579 0.919002 -0.315601
0 0 0 0
-0.0119294 0.735534 -0.540375 0.408463
0.0118964 0.926754 0.218923 0.305054
0.0700935 0.89358 0.353087 0.268199
-0.0557313 0.913965 0.333402 0.224511
0.31748 0.813372 0.486851 0.0246825
0.0471207 0.771605 0.164433 0.612673
-0.147973 0.763582 0.134466 -0.613975
0.0633144 0.709263 0.350672 -0.608248
0.0319526 -0.587827 0.708188 -0.389753
0.0629461 0.758679 -0.238318 -0.603033
0.144093 0.803013 -0.305208 -0.491178
0 0 0 0
-0.0316386 0.6896 0.630213 -0.355362
0.120928 0.633795 0.123928 0.753872
0.0668486 0.0361757 0.234819 0.969063
0 0 0 0
0.237935 -0.0257281 0.923356 -0.300232
0 0 0 0
0 0 0 0
0 0 0 0
0 0 0 0
