11846216
0 1.36964 0.363936 3.45279 2 759.061 227.42 404.833 164.831
1 1.36775 0.634549 3.31704 2 770.022 183.551 410.678 133.036
2 1.35871 0.897386 3.17026 2 781.09 136.802 416.582 99.1522
3 1.37845 0.996285 3.10035 2 791.851 117.46 422.321 85.1333
4 1.20053 0.838526 3.21854 2 742.733 148.21 396.124 107.42
5 1.12711 0.610418 3.34361 2 717.628 188.088 382.735 136.324
6 1.10426 0.380289 3.37715 2 710.408 223.825 378.884 162.225
7 1.09545 0.319241 3.38294 2 708.162 233.131 377.686 168.97
8 1.51639 0.78452 3.18901 2 813.413 155.787 433.82 112.912
9 1.56917 0.553295 3.27123 2 816.562 194.912 435.5 141.269
10 1.59638 0.321684 3.24584 2 825.024 230.637 440.013 167.163
11 1.59369 0.267863 3.21594 2 827.611 238.708 441.392 173.012
12 1.28636 0.364116 3.43028 2 743.939 227.059 396.767 164.57
13 1.25101 0.0465428 3.60465 2 724.32 274.63 386.304 199.048
14 1.20289 -0.243655 3.78542 2 703.889 313.992 375.408 227.577
15 1.12109 -0.284424 3.85156 2 685.261 318.792 365.473 231.056
16 1.42584 0.356382 3.40699 2 774.268 227.816 412.943 165.118
17 1.44352 0.033107 3.5324 2 767.359 276.428 409.258 200.351
18 1.46392 -0.289729 3.6879 2 759.228 321.3 404.922 232.874
19 1.44035 -0.375426 3.58261 2 762.799 334.692 406.826 242.58
20 1.36212 0.832834 3.20892 2 778.345 148.761 415.117 107.82
21 1.10833 0.25289 3.40275 2 709.457 243.349 378.377 176.376
22 1.11607 0.319774 3.36027 2 713.978 232.715 380.788 168.668
23 1.62437 0.223434 3.23481 2 832.153 245.967 443.815 178.274
24 1.5876 0.263248 3.236 2 824.206 239.695 439.576 173.728
0
0
-0.0844444 0.0167945 0.969422 -0.229801
-0.0818335 0.0161756 0.969646 -0.229846
-0.0830379 -0.000485063 0.960019 -0.267334
0 0 0 0
-0.197312 -0.678083 0.691836 -0.150446
0.135102 0.825916 -0.244545 -0.489703
0.0869776 0.858563 -0.00575535 0.505243
0.0767438 0.857154 -0.037509 0.507927
0.104866 0.767758 0.583684 -0.242619
0.0621502 0.76101 0.188579 0.617608
-0.0670962 0.181489 -0.0427942 0.980168
-0.0292631 0.198096 -0.249934 0.94733
-0.0653282 -0.661964 0.704824 -0.246494
-0.123603 -0.631724 0.220263 0.732893
0.126884 0.196044 0.252283 0.939053
0 0 0 0
-0.105067 0.642379 0.661166 -0.373053
0.124648 0.755074 0.137527 0.628818
0.153833 0.755221 0.163085 0.615939
0 0 0 0
-0.0810757 0.00786252 0.965543 -0.247168
0 0 0 0
0 0 0 0
0 0 0 0
0 0 0 0
