11668605
0 -0.426761 -0.172021 2.3986 2 361.354 317.576 192.722 230.175
1 -0.442584 0.110525 2.28573 2 350.497 256.686 186.932 186.043
2 -0.45427 0.385273 2.16113 2 338.704 190.561 180.642 138.116
3 -0.441704 0.509384 2.14938 2 341.772 160.553 182.278 116.367
4 -0.507919 0.256155 2.12136 2 318.547 219.827 169.892 159.327
5 -0.501684 0.0392097 2.12884 2 321.328 271.858 171.375 197.039
6 -0.4957 -0.215929 2.22082 2 329.887 330.596 175.94 239.612
7 -0.492697 -0.306547 2.24513 2 332.401 350.598 177.28 254.108
8 -0.405121 0.152057 2.05971 1 348.343 243.755 185.783 176.67
9 -0.37902 0.153357 2.315 2 371.19 247.636 197.968 179.483
10 -0.298903 0.113539 2.56248 2 403.727 258.785 215.321 187.564
11 -0.269876 0.101646 2.68393 2 414.822 262.05 221.239 189.93
12 -0.458497 -0.168352 2.34217 2 348.992 317.677 186.129 230.248
13 -0.464865 -0.587442 2.52658 2 356.727 399.519 190.254 289.566
14 -0.546781 -0.911177 2.74591 2 345.914 450.485 184.488 326.505
15 -0.468078 -0.951364 2.72481 2 364.864 459.327 194.594 332.914
16 -0.381348 -0.170287 2.38798 2 373.971 317.351 199.451 230.011
17 -0.303887 -0.476264 2.70289 2 406.44 370.607 216.768 268.611
18 -0.186269 -0.755409 2.87452 2 439.186 414.815 234.233 300.653
19 -0.281748 -0.81255 2.81595 1 414.749 428.081 221.199 310.267
20 -0.451976 0.317743 2.1944 2 341.745 207.643 182.264 150.497
21 -0.50623 -0.370826 2.25982 2 329.148 364.657 175.546 264.298
22 -0.465978 -0.275934 2.25367 2 341.251 343.393 182 248.887
23 -0.20253 0.0748852 2.71651 2 432.722 267.271 230.785 193.714
24 -0.288342 0.13924 2.64863 2 409.086 254.606 218.179 184.535
1
1
0.235414 -0.0709299 0.953034 -0.176846
0.131234 -0.0514391 0.972868 -0.183466
-0.0162335 -0.0118562 0.973678 -0.227038
0 0 0 0
-0.340292 0.876813 -0.325662 0.0966679
0.00183537 0.701 0.0223448 0.712809
0.065288 0.431248 0.159648 0.885593
0.0427847 0.434672 0.124492 0.890916
-0.320529 0.93558 0.135262 -0.0604604
0.190464 0.25762 0.682829 0.656582
-0.121277 0.0952094 0.640029 0.752721
-0.093647 0.0701428 0.666201 0.736537
0.305147 -0.556886 0.65968 -0.401977
0.173303 0.841438 -0.11116 -0.499592
0.261908 0.93307 -0.16203 -0.185826
0 0 0 0
0.0549817 0.661591 0.718022 -0.209093
0.129933 0.499707 0.374142 0.770342
0.196051 0.907376 0.246327 0.278489
0 0 0 0
-0.0171943 -0.0175559 0.978183 -0.206289
0 0 0 0
0 0 0 0
0 0 0 0
0 0 0 0
