11719067
0 -0.418728 -0.160519 2.404 2 363.952 315.063 194.108 228.353
1 -0.443282 0.127657 2.29886 2 351.046 253.045 187.224 183.404
2 -0.460261 0.401411 2.18103 2 338.11 187.612 180.325 135.978
3 -0.440322 0.520862 2.16751 2 343.398 158.862 183.146 115.141
4 -0.515237 0.277677 2.14899 2 318.297 215.515 169.759 156.202
5 -0.516929 0.0443616 2.12162 2 315.769 270.59 168.41 196.12
6 -0.5055 -0.148239 2.17598 1 323.611 315.812 172.592 228.896
7 -0.532589 -0.222514 2.20519 2 317.143 332.495 169.143 240.988
8 -0.38485 0.28734 2.41292 1 374.026 220.814 199.48 160.043
9 -0.443799 0.0562362 2.35731 1 354.234 269.115 188.925 195.051
10 -0.497034 -0.196313 2.26603 1 332.593 325.203 177.383 235.702
11 -0.533128 -0.28803 2.25083 2 320.319 346.266 170.837 250.969
12 -0.439387 -0.18444 2.32753 2 353.819 321.408 188.703 232.952
13 -0.432469 -0.585084 2.5418 2 366.343 398.298 195.383 288.681
14 -0.474505 -0.904593 2.74711 2 364.253 449.133 194.268 325.526
15 -0.395724 -0.943778 2.72571 2 383.335 457.797 204.445 331.805
16 -0.385 -0.135313 2.40571 2 373.753 309.712 199.335 224.475
17 -0.366631 -0.509479 2.43667 1 380.047 387.464 202.692 280.828
18 -0.363214 -0.794832 2.80811 1 394.472 425.307 210.385 308.256
19 -0.349169 -0.902227 2.7462 2 395.885 448.667 211.139 325.188
20 -0.457736 0.334032 2.21258 2 341.095 204.496 181.917 148.216
21 -0.529328 -0.299595 2.23729 2 320.487 349.293 170.927 253.163
22 -0.554883 -0.213513 2.18346 2 308.368 330.928 164.463 239.852
23 -0.551445 -0.347724 2.23446 2 313.327 360.384 167.108 261.201
24 -0.517741 -0.238358 2.19293 2 320.898 336.45 171.145 243.855
1
1
0.47091 -0.118682 0.86398 -0.133028
0.465491 -0.117846 0.866912 -0.133768
0.460394 -0.117733 0.860582 -0.183234
0 0 0 0
-0.154838 0.770953 -0.448756 0.424588
-0.0422071 0.761942 -0.0404561 0.645001
0.128155 0.805445 -0.0562372 -0.57591
0.0461083 0.782211 -0.239254 -0.573391
0.418725 0.687237 0.466578 0.366987
0.0358246 0.556146 -0.163972 0.81396
-0.180783 0.973244 -0.0778825 -0.118527
-0.102532 0.970314 -0.172194 -0.135379
-0.359982 0.634869 -0.475259 0.491409
0.235743 0.932031 -0.0597817 -0.268643
0.262263 0.937142 -0.114566 -0.199642
0 0 0 0
0.184552 0.442727 0.874649 -0.0701586
0.0110923 0.694713 0.0466315 0.717688
0.292 0.598696 0.33187 0.667953
0 0 0 0
0.459555 -0.121159 0.865537 -0.158039
0 0 0 0
0 0 0 0
0 0 0 0
0 0 0 0
