11711287
0 -0.303411 -0.128601 2.44171 2 398.468 307.874 212.516 223.143
1 -0.316851 0.154405 2.34466 2 390.949 247.859 208.506 179.645
2 -0.32991 0.429179 2.23541 2 382.09 183.697 203.781 133.141
3 -0.314809 0.547427 2.21865 2 385.876 155.709 205.801 112.856
4 -0.384725 0.289284 2.18227 2 362.361 213.931 193.259 155.055
5 -0.361893 0.0644487 2.16582 2 368.893 266.132 196.743 192.889
6 -0.382322 -0.183867 2.24359 2 366.542 322.762 195.489 233.933
7 -0.374039 -0.247106 2.26923 2 370.354 336.437 197.522 243.845
8 -0.255108 0.315047 2.46709 1 412.761 216.513 220.139 156.925
9 -0.318285 0.150384 2.23914 1 386.107 247.191 205.924 179.16
10 -0.220422 -0.0766906 2.35078 1 419.499 297.713 223.733 215.778
11 -0.263971 -0.130291 2.33725 2 406.273 309.425 216.679 224.267
12 -0.323348 -0.137925 2.3833 2 390.587 310.517 208.313 225.059
13 -0.388502 -0.564447 2.54211 2 378.372 394.091 201.799 285.632
14 -0.464604 -0.891707 2.74156 2 366.528 447.056 195.481 324.02
15 -0.390483 -0.935271 2.7277 2 384.749 456.063 205.199 330.548
16 -0.269868 -0.11494 2.43275 2 407.665 305.121 217.421 221.148
17 -0.179144 -0.447749 2.71981 2 438.589 364.649 233.914 264.292
18 -0.105786 -0.732055 2.90549 2 458.815 409.235 244.702 296.608
19 -0.00171044 -0.763004 2.9219 2 483.552 413.928 257.895 300.009
20 -0.326838 0.361716 2.26492 2 384.443 200.17 205.036 145.08
21 -0.375095 -0.318008 2.28122 2 370.566 351.951 197.635 255.089
22 -0.351558 -0.209241 2.2815 2 377.816 327.696 201.502 237.51
23 -0.25937 -0.202423 2.34465 2 407.841 324.923 217.515 235.5
24 -0.296058 -0.130916 2.2957 2 395.221 310.085 210.784 224.745
1
1
0.37615 -0.0837051 0.911591 -0.143202
0.430688 -0.0922271 0.887127 -0.137867
0.487978 -0.120468 0.848277 -0.166706
0 0 0 0
-0.185088 0.762043 -0.417326 0.459208
-0.0621095 0.53438 -0.00369428 0.842951
0.0790866 0.268234 0.134394 0.950649
-0.00256672 0.289182 0.200025 0.93614
0.412574 0.678667 0.472755 0.381703
0.332193 -0.448003 -0.322476 0.764821
0.246362 0.941146 0.144276 -0.180927
-0.228545 0.856086 -0.258741 -0.384625
-0.365727 0.605095 -0.539959 0.45667
0.137414 0.913953 -0.131429 -0.358516
0.243869 0.943142 -0.147484 -0.171055
0 0 0 0
0.0390407 0.536451 0.825568 -0.170683
0.0405345 0.379764 0.357148 0.852398
-0.0969751 0.0463501 0.285317 0.952387
0 0 0 0
0.489894 -0.110729 0.852175 -0.14677
0 0 0 0
0 0 0 0
0 0 0 0
0 0 0 0
