11811324
0 -0.503993 -0.102404 2.41777 2 340.218 302.702 181.45 219.394
1 -0.518054 0.163953 2.31751 2 329.703 245.288 175.842 177.782
2 -0.529999 0.420149 2.20868 2 317.969 184.385 169.584 133.64
3 -0.519296 0.542809 2.19264 2 319.95 155.062 170.64 112.387
4 -0.566705 0.303224 2.17127 2 303.476 210.151 161.854 152.314
5 -0.493662 0.0806616 2.14049 2 324.815 262.077 173.234 189.949
6 -0.416129 -0.146916 2.26402 2 357.29 314.118 190.555 227.668
7 -0.399381 -0.224018 2.3279 2 365.718 330.014 195.049 239.189
8 -0.322296 0.24168 2.17653 1 381.94 224.919 203.701 163.018
9 -0.476368 0.0573146 2.15314 1 331.347 267.7 176.719 194.025
10 -0.502746 -0.145775 2.22218 1 327.835 314.522 174.845 227.961
11 -0.501161 -0.184215 2.31873 1 334.834 321.546 178.578 233.052
12 -0.559219 -0.0821429 2.37643 2 321.556 298.764 171.497 216.54
13 -0.535387 -0.437301 2.50585 1 336.315 369.948 179.368 268.134
14 -0.525193 -0.841424 2.75134 1 351.706 437.123 187.577 316.821
15 -0.420151 -0.900732 2.72853 2 377.263 449.524 201.207 325.809
16 -0.435188 -0.121833 2.39307 2 358.656 307.023 191.283 222.526
17 -0.474884 -0.555072 2.54458 2 354.945 392.174 189.304 284.243
18 -0.42749 -0.851792 2.90448 2 382.077 430.588 203.774 312.084
19 -0.369348 -0.906631 2.78446 2 392.078 447.169 209.108 324.102
20 -0.52726 0.35741 2.23798 2 321.105 199.98 171.256 144.943
21 -0.352524 -0.294746 2.34881 2 380.522 344.848 202.945 249.941
22 -0.458563 -0.227199 2.31469 2 347.313 331.029 185.233 239.925
23 -0.508664 -0.207859 2.32451 2 332.946 326.619 177.571 236.729
24 -0.556809 -0.166057 2.29892 2 316.719 317.911 168.917 230.418
1
1
0.00195949 -0.0254423 0.98355 -0.178823
0.062137 -0.0363364 0.981588 -0.176931
0.132634 -0.0494958 0.966996 -0.211844
0 0 0 0
-0.307659 0.845093 -0.344718 0.268948
-0.156417 0.710063 0.0671966 0.683249
-0.268658 -0.626596 0.0827669 0.726877
-0.290816 -0.631218 0.188951 0.693749
-0.0932861 0.853979 0.503423 -0.092643
0.337051 -0.320145 0.0673495 0.882818
-0.0589207 -0.642774 0.163334 0.746117
-0.359625 -0.519736 0.430975 0.644053
0.127914 -0.530939 0.790276 -0.277861
-0.145403 -0.69647 0.100038 0.695543
0.265086 0.938038 -0.0499818 -0.217522
0 0 0 0
0.003284 0.744681 0.609556 -0.27181
0.156223 0.756467 0.0733269 0.630852
0.17942 0.482273 0.389068 0.764099
0 0 0 0
0.13267 -0.0483996 0.971803 -0.188824
0 0 0 0
0 0 0 0
0 0 0 0
0 0 0 0
