11852630
0 -0.328127 -0.108852 2.50305 2 393.763 303.228 210.007 219.775
1 -0.316025 0.18174 2.4114 2 393.757 243.041 210.004 176.153
2 -0.301742 0.46357 2.30892 2 393.762 179.246 210.006 129.915
3 -0.252396 0.585387 2.31248 2 408.535 152.491 217.885 110.523
4 -0.376192 0.310549 2.21554 2 366.845 210.071 195.65 152.257
5 -0.406801 0.0851338 2.23492 2 358.552 261.899 191.228 189.821
6 -0.318657 -0.15612 2.3077 2 388.912 315.476 207.42 228.653
7 -0.295108 -0.215524 2.35372 2 397.653 327.591 212.082 237.433
8 -0.230326 0.378804 2.51679 2 420.925 204.929 224.493 148.53
9 -0.108492 0.288095 2.63166 2 455.606 225.814 242.99 163.667
10 0.108547 0.300359 2.6756 2 511.857 224.401 272.99 162.643
11 0.198647 0.324056 2.6848 2 534.868 220.097 285.263 159.523
12 -0.350463 -0.111872 2.3906 2 383.05 304.913 204.293 220.997
13 -0.417996 -0.551146 2.53849 2 370.183 391.599 197.431 283.826
14 -0.497176 -0.925472 2.69186 2 355.909 456.604 189.818 330.94
15 -0.447826 -0.980322 2.62536 2 365.657 471.771 195.017 341.933
16 -0.296726 -0.101997 2.54567 2 403.788 301.489 215.354 218.515
17 -0.230733 -0.456715 2.77659 2 426.708 364.597 227.577 264.255
18 -0.235682 -0.766029 2.92973 2 428.372 414.154 228.465 300.173
19 -0.161609 -0.80922 2.9327 2 445.87 421.544 237.797 305.53
20 -0.305624 0.394357 2.33666 2 393.765 195.575 210.008 141.75
21 -0.244702 -0.271022 2.37268 2 412.969 339.066 220.25 245.75
22 -0.355009 -0.255384 2.36692 2 380.625 335.909 203 243.462
23 0.268283 0.3664 2.71988 2 551.875 212.955 294.334 154.347
24 0.250159 0.329407 2.64392 2 549.087 218.102 292.846 158.077
1
0
0.562001 -0.0699737 0.812788 -0.136507
0.538723 -0.066074 0.8284 -0.138437
0.511754 -0.0760857 0.837605 -0.175321
0 0 0 0
-0.206815 0.71258 -0.447947 0.498799
0.0554382 0.975708 -0.057107 0.204104
-0.219337 -0.597525 0.00681886 0.771239
-0.320917 -0.59198 0.140878 0.725759
0.433854 0.651275 0.5216 0.339919
-0.353301 0.0452817 0.370155 0.857971
0.0436043 0.680582 0.725086 0.0956976
0.0110336 0.60874 0.791479 0.0536087
0.407473 -0.523621 0.566392 -0.488863
0.145483 0.969812 -0.099605 -0.168458
0.123724 0.866884 -0.17503 -0.450076
0 0 0 0
0.40714 0.617134 0.631227 0.234383
-0.0254621 0.181889 0.292097 0.938588
0.0316762 0.10409 0.225733 0.968094
0 0 0 0
0.514136 -0.0677312 0.840754 -0.155593
0 0 0 0
0 0 0 0
0 0 0 0
0 0 0 0
