11825623
0 -0.103049 -0.023275 2.5699 2 456.414 285.788 243.421 207.136
1 -0.110951 0.260189 2.49113 2 453.331 228.362 241.776 165.513
2 -0.118187 0.53866 2.39831 2 449.957 167.183 239.977 121.172
3 -0.0815073 0.650897 2.39932 2 460.484 143.277 245.591 103.845
4 -0.148381 0.38137 2.32206 2 439.945 197.972 234.637 143.487
5 -0.0523796 0.158095 2.31482 2 468.408 246.679 249.818 178.789
6 0.060657 0.0221341 2.41913 2 501.178 276.587 267.295 200.466
7 0.097262 0.00238753 2.45461 2 511.173 280.719 272.626 203.461
8 0.0324418 0.357403 2.36464 1 493.399 204.661 263.146 148.336
9 -0.104155 0.222587 2.53611 2 455.726 236.816 243.054 171.641
10 0.108635 0.0592671 2.50814 1 513.71 269.266 273.978 195.161
11 0.144709 -0.0315662 2.50202 2 523.691 287.589 279.302 208.44
12 -0.152257 -0.0351212 2.49551 2 442.039 288.326 235.754 208.975
13 -0.212103 -0.515605 2.62074 2 428.15 381.037 228.347 276.171
14 -0.381487 -0.867583 2.71196 2 386.526 444.258 206.147 321.992
15 -0.354363 -0.926726 2.72375 2 393.811 454.686 210.033 329.55
16 -0.0505187 -0.00717217 2.56982 2 470.455 282.621 250.91 204.84
17 -0.052621 -0.442466 2.86452 1 471.312 359.45 251.366 260.524
18 -0.110502 -0.75384 2.97471 2 458.304 409.984 244.429 297.151
19 -0.0340814 -0.774314 3.00414 2 476.122 412.194 253.932 298.752
20 -0.116432 0.470124 2.42372 2 450.846 182.832 240.451 132.514
21 0.149483 -0.0500352 2.50251 2 524.995 291.319 279.998 211.144
22 0.0865892 -0.0122403 2.45538 2 508.179 283.73 271.029 205.644
23 0.17549 -0.0617566 2.53329 2 531.557 293.537 283.497 212.752
24 0.135734 -0.0591728 2.525 2 520.887 293.058 277.806 212.404
1
1
0.319223 -0.0563497 0.937906 -0.123509
0.24059 -0.0459459 0.961086 -0.127745
0.13911 -0.0370148 0.974343 -0.173014
0 0 0 0
-0.36479 0.881393 -0.216649 0.207696
-0.121146 0.825931 0.161828 0.526283
-0.403805 -0.483404 0.0761618 0.772956
-0.554624 -0.449667 0.108572 0.691668
-0.156263 0.887116 0.433378 -0.0281331
0.358117 0.131669 0.331411 0.862892
-0.411941 -0.22353 -0.165887 0.867652
-0.170432 -0.283496 -0.0846665 0.939901
-0.275796 0.639507 -0.598418 0.396059
0.0881213 0.893707 -0.108971 -0.426201
0.116052 0.968869 -0.218611 -0.00575898
0 0 0 0
0.109923 0.588812 0.796528 -0.0822194
0.133373 0.428809 0.261111 0.854491
0.0632651 -0.139301 0.17809 0.972048
0 0 0 0
0.139531 -0.0343016 0.97798 -0.151359
0 0 0 0
0 0 0 0
0 0 0 0
0 0 0 0
