11824732
0 -0.123773 -0.0279486 2.60465 2 451.314 286.635 240.701 207.749
1 -0.0815225 0.265709 2.53535 2 461.848 228.186 246.319 165.386
2 -0.0383367 0.550392 2.45422 2 473.181 167.373 252.363 121.31
3 -0.0135878 0.660263 2.45356 2 480.131 144.405 256.07 104.663
4 -0.188133 0.421186 2.45983 2 431.261 194.4 230.006 140.899
5 -0.357722 0.269567 2.5862 2 388.697 228.388 207.305 165.533
6 -0.367175 0.0142184 2.65436 2 388.782 278.499 207.35 201.852
7 -0.359093 -0.0634622 2.67876 2 391.73 293.204 208.923 212.511
8 0.0927756 0.364748 2.42212 2 510.322 204.934 272.172 148.534
9 0.259748 0.345658 2.5093 2 555.244 211.404 296.13 153.223
10 0.431187 0.380706 2.60688 2 598.04 207.091 318.955 150.097
11 0.510994 0.404481 2.65319 2 616.908 203.771 329.017 147.691
12 -0.179051 -0.0244855 2.57662 2 436.209 286.015 232.645 207.3
13 -0.197212 -0.439961 2.60804 2 431.861 366.731 230.326 265.801
14 -0.379524 -0.844981 2.70676 2 386.861 440.283 206.326 319.111
15 -0.357718 -0.916207 2.72168 2 392.895 452.835 209.544 328.208
16 -0.0650714 -0.030568 2.56288 2 466.518 287.239 248.81 208.187
17 -0.0574667 -0.419342 2.89656 1 470.304 354.522 250.829 256.953
18 -0.110916 -0.753107 2.97802 2 458.237 409.713 244.393 296.954
19 -0.119357 -0.821301 2.878 2 455.286 426.381 242.819 309.035
20 -0.0491415 0.480498 2.47666 2 470.283 182.826 250.817 132.51
21 -0.357746 -0.132447 2.67347 2 391.879 306.296 209.002 221.999
22 -0.387456 -0.0607999 2.6776 2 384.376 292.709 205 212.152
23 0.554266 0.42035 2.66692 2 627.499 201.105 334.666 145.758
24 0.5385 0.370797 2.66311 2 623.542 210.485 332.556 152.556
1
2
-0.05601 0.0763492 0.989339 -0.110642
-0.0537849 0.0761002 0.989463 -0.110814
-0.053015 0.0820377 0.983964 -0.149248
0 0 0 0
-0.00428281 0.828397 -0.552218 0.0937845
0.200157 0.874075 -0.410633 -0.165263
-0.0460973 -0.472421 0.122872 0.871548
-0.115322 -0.465607 0.109556 0.870579
-0.0782161 0.879947 0.43704 -0.169031
-0.660201 -0.223206 0.117119 0.707529
0.69141 0.527515 0.330786 -0.366417
0.713781 0.505225 0.339518 -0.346399
0.072618 -0.640813 0.722925 -0.247919
-0.00901581 -0.668307 0.0425971 0.74261
0.111788 0.97215 -0.205978 0.000900745
0 0 0 0
-0.178271 0.674016 0.67086 -0.252723
0.254444 0.701357 0.236406 0.62247
0.138538 0.699046 0.0289593 0.70093
0 0 0 0
-0.0519816 0.0796234 0.987216 -0.127914
0 0 0 0
0 0 0 0
0 0 0 0
0 0 0 0
