11706675
0 -0.391211 -0.0964237 2.4833 2 375.497 300.882 200.265 218.075
1 -0.41468 0.172903 2.3692 2 363.355 244.208 193.789 176.999
2 -0.432484 0.432959 2.24704 2 350.972 183.247 187.185 132.815
3 -0.414711 0.554752 2.2328 2 355.462 154.73 189.58 112.146
4 -0.476519 0.30604 2.20659 2 334.826 210.733 178.574 152.736
5 -0.436344 0.0985667 2.16698 2 345.138 258.136 184.073 187.093
6 -0.409364 -0.15339 2.26457 2 359.387 315.558 191.673 228.712
7 -0.397716 -0.210384 2.30118 2 364.848 327.574 194.585 237.421
8 -0.413852 0.193129 2.1326 1 350.137 235.258 186.74 170.512
9 -0.35297 0.229495 2.38036 2 381.823 232.346 203.639 168.401
10 -0.190584 0.251438 2.58956 2 433.34 232.072 231.115 168.202
11 -0.0670874 0.263665 2.75006 2 467.187 232.712 249.166 168.667
12 -0.400468 -0.0722119 2.44819 2 371.325 296.155 198.04 214.649
13 -0.410617 -0.509201 2.59907 2 374.874 380.75 199.933 275.962
14 -0.534235 -0.884264 2.78757 2 351.145 442.972 187.277 321.06
15 -0.46381 -0.933306 2.77375 2 368.064 452.815 196.301 328.194
16 -0.366187 -0.116814 2.45589 2 381.318 305.304 203.369 221.28
17 -0.272761 -0.443197 2.74917 2 415.594 362.948 221.65 263.06
18 -0.173563 -0.732023 2.94711 1 443.289 407.424 236.421 295.295
19 -0.140918 -0.815898 2.92038 2 450.604 423.31 240.322 306.809
20 -0.428861 0.369305 2.27942 2 354.066 198.904 188.835 144.163
21 -0.380383 -0.283422 2.32263 2 371.059 343.11 197.898 248.682
22 -0.379457 -0.173551 2.30744 2 370.676 319.336 197.694 231.45
23 -0.0606303 0.260291 2.74077 2 468.75 233.172 250 169
24 -0.0677733 0.266437 2.72733 2 466.874 231.792 248.999 168
0
1
-0.120385 -0.0161193 0.971813 -0.202055
-0.075325 -0.025444 0.97634 -0.201094
-0.0172624 -0.0219235 0.972005 -0.233299
0 0 0 0
-0.362714 0.889145 -0.272869 0.0583294
-0.132144 0.653367 -0.0077591 0.745378
-0.000163277 0.260792 0.189901 0.946533
-0.0104697 0.257073 0.292058 0.921144
-0.338722 0.939444 0.044507 -0.0270441
-0.0476584 0.115917 0.753847 0.644985
-0.228292 0.228775 0.699406 0.637477
-0.224585 0.230065 0.692601 0.645705
0.360834 -0.29646 0.804491 -0.367021
-0.093906 -0.61181 0.13665 0.773432
0.19496 0.94924 -0.182858 -0.16582
0 0 0 0
-0.12918 0.722563 0.492504 -0.467606
0.212457 0.740378 0.301842 0.561778
0.0782499 0.617758 0.311537 0.717772
0 0 0 0
-0.0182982 -0.0295628 0.976437 -0.212982
0 0 0 0
0 0 0 0
0 0 0 0
0 0 0 0
