11845032
0 -0.577459 -0.202711 2.36683 2 315.46 324.735 168.245 235.364
1 -0.560842 0.0818673 2.26156 2 312.738 262.82 166.793 190.488
2 -0.546808 0.35151 2.14813 2 307.899 197.929 164.213 143.457
3 -0.50765 0.477123 2.13466 2 319.352 167.37 170.321 121.307
4 -0.593725 0.217747 2.09576 2 288.021 228.334 153.611 165.493
5 -0.535023 -0.00106156 2.09988 2 308.019 281.468 164.277 204.004
6 -0.432783 -0.190563 2.19535 2 348.01 325.259 185.605 235.743
7 -0.370645 -0.25539 2.25819 2 370.828 338.571 197.775 245.391
8 -0.511884 0.285211 2.33487 1 332.589 219.15 177.381 158.837
9 -0.438735 0.102308 2.44835 1 360.506 260.028 192.27 188.464
10 -0.387457 -0.053326 2.55829 2 379.713 291.768 202.514 211.469
11 -0.375606 -0.0848927 2.5749 2 383.563 297.908 204.567 215.919
12 -0.571753 -0.187765 2.29711 2 312.041 322.755 166.422 233.928
13 -0.401219 -0.477839 2.4913 1 372.765 378.656 198.808 274.445
14 -0.488235 -0.836854 2.73517 2 360.306 437.168 192.163 316.854
15 -0.403498 -0.901871 2.73248 2 381.646 449.482 203.545 325.779
16 -0.564081 -0.214791 2.36961 2 319.578 327.269 170.442 237.2
17 -0.449675 -0.6801 2.59228 1 363.933 414.786 194.098 300.632
18 -0.272801 -0.829943 2.82054 2 417.046 431.002 222.425 312.384
19 -0.336875 -0.905278 2.75655 2 399.31 448.594 212.965 325.135
20 -0.549857 0.285178 2.17947 2 309.569 214.657 165.103 155.581
21 -0.314536 -0.307748 2.28042 2 388.908 349.642 207.418 253.416
22 -0.446678 -0.256459 2.27914 2 348.756 338.331 186.003 245.218
23 -0.381447 -0.122688 2.58448 2 382.364 305.255 203.928 221.245
24 -0.421242 -0.0777196 2.57411 2 371.278 296.509 198.015 214.905
0
0
0.547877 -0.0749335 0.817356 -0.161694
0.553858 -0.0761176 0.813315 -0.16114
0.55177 -0.106168 0.804516 -0.192434
0 0 0 0
-0.196572 0.710835 -0.413455 0.533974
-0.0591303 0.851142 0.116879 0.508331
-0.307816 -0.517142 0.0545764 0.796766
-0.44279 -0.495835 0.090504 0.741548
0.491366 0.59792 0.508588 0.377346
0.308641 0.86997 0.0496387 -0.381352
-0.269711 -0.488107 0.181387 0.810004
-0.257692 -0.480571 0.117055 0.830027
0.604833 -0.4554 0.488514 -0.433754
0.284403 0.931849 0.213991 -0.0705669
0.268398 0.93848 -0.149763 -0.157446
0 0 0 0
0.12935 0.905625 0.389988 -0.104988
0.13316 0.841678 0.204812 0.481558
0.252852 0.786094 0.453622 0.335186
0 0 0 0
0.556824 -0.0871107 0.808083 -0.171349
0 0 0 0
0 0 0 0
0 0 0 0
0 0 0 0
