11863810
0 1.14546 0.354138 3.43539 2 714.895 228.672 381.277 165.739
1 1.12001 0.618762 3.29019 2 719.952 185.272 383.974 134.283
2 1.0909 0.877316 3.13391 2 725.447 138.301 386.905 100.239
3 1.10274 0.976627 3.05896 2 734.024 118.244 391.479 85.7017
4 0.950361 0.77325 3.15056 2 693.08 156.005 369.643 113.071
5 0.912506 0.571237 3.20658 2 680.982 190.451 363.19 138.037
6 1.12431 0.402155 3.20016 2 727.44 217.124 387.968 157.369
7 1.18342 0.37027 3.22123 2 738.631 222.576 393.937 161.32
8 1.27525 0.807016 3.19936 2 760.473 152.446 405.586 110.491
9 1.35504 0.62278 3.31912 2 767.185 185.424 409.165 134.393
10 1.30939 0.411626 3.22638 2 765.467 216.09 408.249 156.619
11 1.26876 0.342441 3.20005 2 758.927 226.6 404.761 164.236
12 1.06804 0.345735 3.3937 2 701.818 229.316 374.303 166.205
13 1.07697 0.0439022 3.57874 2 692.086 274.968 369.112 199.293
14 1.10371 -0.282076 3.73347 2 688.44 319.666 367.168 231.69
15 1.04 -0.348704 3.74162 2 676.142 328.628 360.609 238.185
16 1.20055 0.354084 3.40641 2 728.177 228.208 388.361 165.402
17 1.30356 0.0178165 3.51423 2 741.017 278.625 395.209 201.944
18 1.36246 -0.304635 3.65589 2 742.284 323.713 395.885 234.623
19 1.47769 -0.329465 3.63809 2 765.67 327.43 408.357 237.317
20 1.09892 0.813773 3.17502 2 724.05 150.38 386.16 108.994
21 1.23402 0.299789 3.1842 2 752.678 233.173 401.428 169
22 1.20124 0.423609 3.23938 2 741.058 214.495 395.231 155.463
23 1.24547 0.286563 3.19144 2 754.564 235.395 402.434 170.611
24 1.305 0.318227 3.18982 2 767.727 230.292 409.454 166.912
1
1
0.0447712 -0.0548102 0.966848 -0.245351
0.0612764 -0.0589923 0.965942 -0.244379
0.0754947 -0.0770582 0.954869 -0.276745
0 0 0 0
0.100767 0.750975 -0.59991 0.256886
0.124133 0.982585 -0.102191 -0.0931418
-0.398742 0.379605 0.170733 0.817163
-0.401171 0.295544 0.335529 0.79946
0.217828 0.70846 0.658472 -0.130577
0.144425 0.818976 0.29172 0.472566
-0.0393868 0.576196 -0.222211 0.785537
0.089766 0.608944 -0.286856 0.734059
0.030483 -0.666728 0.671942 -0.320996
0.211051 0.717217 -0.171248 -0.641663
-0.0686201 -0.138249 0.211721 0.965066
0 0 0 0
0.00114518 0.62552 0.706797 -0.330396
-0.000754291 0.67322 0.207183 0.709824
-0.0567053 0.129944 0.212797 0.966756
0 0 0 0
0.0769827 -0.0689559 0.960591 -0.258038
0 0 0 0
0 0 0 0
0 0 0 0
0 0 0 0
