11861156
0 -0.0749187 -0.0493424 2.55019 2 463.779 290.99 247.349 210.905
1 -0.0520024 0.239013 2.46852 2 469.475 232.232 250.387 168.319
2 -0.0257396 0.519264 2.37694 2 476.488 170.342 254.127 123.462
3 0.0309385 0.638064 2.37818 2 492.944 144.817 262.904 104.961
4 -0.116187 0.36752 2.27586 2 448.801 199.383 239.361 144.51
5 -0.202481 0.111765 2.28942 2 423.156 256.516 225.683 185.919
6 -0.262312 -0.129554 2.34561 2 407.039 309.165 217.087 224.079
7 -0.279596 -0.187552 2.35912 2 402.404 321.465 214.615 232.994
8 0.0528115 0.416653 2.60452 2 497.916 200.169 265.555 145.079
9 0.209865 0.394022 2.70556 2 537.365 207.425 286.594 150.339
10 0.389068 0.395769 2.77472 2 580.604 208.868 309.656 151.385
11 0.485272 0.407218 2.83011 2 602.235 208.175 321.192 150.882
12 -0.0992408 -0.0546058 2.42916 2 455.893 292.573 243.143 212.053
13 -0.223102 -0.515776 2.56838 2 424.047 383.126 226.159 277.685
14 -0.387682 -0.864871 2.71731 2 385.141 443.425 205.409 321.389
15 -0.339822 -0.933289 2.69755 2 396.662 457.628 211.553 331.682
16 -0.0474146 -0.0466569 2.60264 2 471.444 290.271 251.437 210.384
17 -0.0340233 -0.441093 2.80626 2 475.611 360.831 253.659 261.525
18 -0.0674751 -0.767224 2.93997 2 468.104 413.845 249.656 299.949
19 0.00255148 -0.797406 2.93111 2 484.558 419.527 258.431 304.068
20 -0.0325708 0.450202 2.4019 2 474.613 186.181 253.127 134.941
21 -0.283984 -0.250287 2.39093 2 402.192 334.238 214.502 242.251
22 -0.310091 -0.187478 2.33838 2 392.677 321.82 209.428 233.251
23 0.534384 0.393481 2.84306 2 613.654 210.938 327.282 152.885
24 0.529491 0.357002 2.83244 2 612.914 217.23 326.887 157.446
1
3
0.580758 -0.0493527 0.801495 -0.133751
0.540543 -0.0426996 0.829149 -0.136021
0.497119 -0.0462352 0.849177 -0.172144
0 0 0 0
-0.19214 0.710474 -0.472494 0.484827
0.107795 0.834599 -0.12336 0.525934
0.02649 0.819251 -0.161032 -0.549723
0.0133882 0.818032 -0.179312 -0.546344
0.425682 0.679689 0.493332 0.336811
-0.466429 0.162674 0.471479 0.73054
0.599709 0.565893 0.380652 -0.41859
0.65251 0.570719 0.354297 -0.350692
0.397696 -0.523281 0.566162 -0.49747
0.122801 0.971371 -0.146068 -0.141503
0.128549 0.928544 -0.248068 -0.244424
0 0 0 0
0.435121 0.624521 0.577339 0.295505
0.0240644 0.162102 0.23523 0.958024
0.0716242 0.121038 0.185229 0.972579
0 0 0 0
0.49955 -0.0385938 0.85174 -0.153294
0 0 0 0
0 0 0 0
0 0 0 0
0 0 0 0
