11869407
0 1.21989 0.160886 3.01143 2 764.887 253.947 407.94 184.057
1 1.18222 0.441695 2.88462 2 768.268 203.047 409.743 147.165
2 1.13922 0.715272 2.74596 2 771.714 148.263 411.581 107.459
3 1.14046 0.803438 2.67481 2 779.498 128.004 415.732 92.7753
4 0.993061 0.614289 2.80111 2 729.849 169.285 389.253 122.695
5 0.962248 0.370579 2.87872 2 715.527 215.586 381.615 156.254
6 0.986154 0.142434 2.88941 2 720.318 256.09 384.17 185.61
7 0.990816 0.0646454 2.88746 2 721.589 269.802 384.847 195.549
8 1.32294 0.614044 2.79768 2 811.733 169.261 432.924 122.678
9 1.38303 0.381988 2.89611 2 815.159 213.897 434.751 155.03
10 1.37237 0.180418 2.90606 2 811.555 249.52 432.83 180.848
11 1.3491 0.129392 2.90321 2 806.335 258.459 430.046 187.327
12 1.13474 0.151427 2.98278 2 747.669 255.315 398.757 185.049
13 1.15018 -0.136478 3.16306 2 735.922 303.211 392.492 219.763
14 1.19813 -0.433598 3.39952 2 728.22 346.258 388.384 250.963
15 1.18352 -0.524618 3.34648 2 729.129 361.181 388.869 261.779
16 1.2775 0.166735 2.97203 2 782.139 252.573 417.141 183.062
17 1.3341 -0.150279 3.06735 2 785.682 306.22 419.03 221.944
18 1.36299 -0.410577 3.36846 2 764.621 343.424 407.798 248.909
19 1.40095 -0.474694 3.38226 2 771.299 352.855 411.359 255.744
20 1.1509 0.648042 2.78276 2 770.866 162.334 411.128 117.657
21 1.00412 -0.000561385 2.90259 2 723.539 281.309 385.888 203.889
22 1.03062 0.0902935 2.89343 2 730.716 265.303 389.715 192.288
23 1.34473 0.0523216 2.92521 2 802.879 272.08 428.202 197.2
24 1.36046 0.115219 2.86454 2 813.418 260.679 433.823 188.936
3
1
-0.0246704 -0.0568653 0.975558 -0.210816
-0.0219841 -0.0574456 0.975623 -0.210659
-0.0203309 -0.0728178 0.966007 -0.247213
0 0 0 0
0.180171 0.765291 -0.603035 0.134969
0.114225 0.899006 -0.118101 -0.405948
-0.0308603 0.546751 0.0480531 0.835346
-0.0318627 0.54844 0.00597021 0.835561
0.172287 0.758753 0.611336 -0.144495
0.127671 0.884856 0.189586 0.405939
0.0328314 0.923924 -0.0149933 0.38087
0.0625485 0.892368 -0.204313 0.397522
0.0106086 0.700576 -0.668981 0.248081
-0.209906 -0.672349 0.180554 0.686503
-0.254878 -0.582615 0.216538 0.740749
0 0 0 0
-0.0626642 0.589281 0.733366 -0.333161
0.0385654 0.685092 0.162909 0.708959
0.143117 0.392044 0.391648 0.820019
0 0 0 0
-0.0197544 -0.0647857 0.971525 -0.227048
0 0 0 0
0 0 0 0
0 0 0 0
0 0 0 0
