11703935
0 -0.525087 -0.0313641 2.5851 2 343.938 287.365 183.433 208.278
1 -0.551166 0.271283 2.5561 2 335.133 227.309 178.738 164.751
2 -0.571673 0.563061 2.51539 2 326.685 167.226 174.232 121.203
3 -0.548889 0.677705 2.51055 2 332.535 143.638 177.352 104.107
4 -0.59475 0.419485 2.4309 2 314.756 193.395 167.87 140.17
5 -0.524464 0.197818 2.40653 2 333.58 239.474 177.909 173.567
6 -0.456568 0.00763891 2.43084 2 354.547 279.618 189.092 202.663
7 -0.440074 -0.0787598 2.47568 2 361.509 297.337 192.805 215.505
8 -0.55297 0.323818 2.40104 1 324.859 212.654 173.258 154.129
9 -0.452478 0.160016 2.57295 1 362.795 249.681 193.491 180.965
10 -0.499864 0.282466 2.80015 2 360.894 230.039 192.477 166.729
11 -0.472581 0.235909 2.83952 1 369.294 239.092 196.957 173.29
12 -0.537095 -0.0504497 2.51761 2 336.844 291.379 179.65 211.188
13 -0.478463 -0.507193 2.61068 2 357.349 379.969 190.586 275.396
14 -0.508172 -0.922027 2.72208 2 354.539 453.999 189.087 329.052
15 -0.566549 -0.982732 2.64794 1 335.54 470.65 178.955 341.12
16 -0.498183 -0.0116643 2.58418 2 351.11 283.5 187.258 205.477
17 -0.379954 -0.341585 2.47933 1 378.307 351.102 201.764 254.474
18 -0.378956 -0.805004 2.59385 2 382.784 439.358 204.152 318.44
19 -0.387361 -0.864839 2.65915 2 383.043 447 204.29 323.98
20 -0.567395 0.491381 2.52738 2 328.712 182.279 175.313 132.113
21 -0.377561 -0.144359 2.48467 2 379.337 310.645 202.313 225.151
22 -0.421893 -0.0227897 2.51493 2 368.443 285.802 196.503 207.146
23 -0.462459 0.250076 2.85176 1 372.237 236.756 198.526 171.597
24 -0.462706 0.201578 2.83991 1 371.733 245.235 198.258 177.743
0
1
0.477377 -0.0603781 0.876363 -0.0213277
0.318829 -0.0557867 0.945647 -0.0314362
0.0661952 -0.0349258 0.993937 -0.0805398
0 0 0 0
-0.427488 0.886436 -0.161008 0.07457
-0.138321 0.756161 0.0827529 0.634223
-0.138582 0.337149 0.115242 0.924037
-0.0119006 0.290664 0.249579 0.923625
-0.318536 0.945776 0.015483 0.061672
-0.418933 -0.677348 0.0828007 0.599031
0.845754 0.515813 -0.134233 0.0248886
0.33535 0.918647 0.197589 -0.0677241
-0.406411 0.630065 -0.448022 0.486954
0.113424 0.952702 0.0321512 -0.280109
-0.0329396 -0.480984 0.131055 0.866253
0 0 0 0
0.0330788 0.45131 0.89117 -0.0322787
-0.216096 0.471234 -0.0485843 0.853745
-0.0765951 -0.622464 0.0934713 0.773263
0 0 0 0
0.0660061 -0.0407644 0.995048 -0.0621396
0 0 0 0
0 0 0 0
0 0 0 0
0 0 0 0
