11706401
0 0.859375 0.36051 3.43586 2 656.768 227.866 350.276 165.154
1 0.856622 0.642035 3.31569 2 662.76 182.598 353.472 132.344
2 0.850277 0.915572 3.18483 2 669.056 134.546 356.83 97.517
3 0.796426 1.02283 3.164 2 658.525 116.237 351.214 84.2471
4 0.771384 0.869881 3.36052 2 642.928 149.295 342.895 108.207
5 0.75706 0.646178 3.50359 2 633.316 187.402 337.768 135.827
6 0.739046 0.423373 3.57908 2 626.462 221.139 334.113 160.278
7 0.724299 0.35911 3.60611 2 622.507 230.662 332.004 167.181
8 0.934773 0.777289 3.1085 2 692.442 153.643 369.302 111.358
9 0.975564 0.52899 3.13879 2 699.254 195.306 372.935 141.555
10 0.89219 0.308652 3.21236 2 675.996 232.324 360.531 168.385
11 0.859631 0.254888 3.23165 2 667.782 241.103 356.15 174.748
12 0.812741 0.369162 3.44829 2 646.733 226.805 344.924 164.385
13 0.861563 0.0316177 3.64491 2 647.078 276.806 345.108 200.625
14 0.943625 -0.29259 3.75543 2 657.514 320.811 350.674 232.519
15 0.867252 -0.316985 3.8308 1 640.211 323.236 341.446 234.277
16 0.888325 0.344242 3.35295 2 667.087 228.99 355.78 165.969
17 0.955407 -0.0346531 3.4968 2 672.745 286.249 358.797 207.47
18 1.0378 -0.362264 3.59821 2 683.46 332.455 364.512 240.959
19 0.99475 -0.449678 3.57664 2 676.335 345.204 360.712 250.199
20 0.852514 0.848415 3.21959 2 667.467 146.824 355.983 106.416
21 0.721072 0.301454 3.63133 2 620.891 239.085 331.142 173.286
22 0.696882 0.367289 3.59253 2 617.744 229.324 329.464 166.211
23 0.840713 0.195107 3.26967 2 661.564 250.881 352.834 181.835
24 0.888875 0.233451 3.23823 2 673.69 244.543 359.301 177.241
1
1
-0.43016 0.0838408 0.880229 -0.182016
-0.452584 0.0884793 0.868913 -0.179807
-0.472823 0.101791 0.848699 -0.213979
0 0 0 0
0.453149 0.606745 -0.600075 -0.257734
-0.169005 -0.649144 0.225442 0.706559
-0.0532801 -0.523169 0.158083 0.835742
-0.0161259 -0.528106 0.220972 0.819766
-0.17209 0.706203 0.49154 -0.479636
0.074294 0.976861 0.0680314 -0.188664
0.225472 0.460516 0.0527754 0.856914
0.301517 0.445599 0.014601 0.842802
-0.245695 -0.640309 0.726543 -0.0421052
-0.142634 -0.303307 0.225718 0.91472
-0.0587999 0.326225 0.190544 0.92402
0 0 0 0
-0.336843 0.59778 0.543564 -0.483461
0.144428 0.93312 0.134053 0.300762
0.102811 0.934646 0.158129 0.301434
0 0 0 0
-0.474528 0.0969879 0.853237 -0.193399
0 0 0 0
0 0 0 0
0 0 0 0
0 0 0 0
