11843919
0 -0.470579 -0.17719 2.43412 2 350.676 318.139 187.027 230.583
1 -0.501524 0.0974246 2.31536 2 334.557 259.855 178.43 188.339
2 -0.528502 0.369885 2.1814 2 316.426 194.932 168.761 141.284
3 -0.50757 0.495565 2.15754 2 321.111 164.215 171.259 119.021
4 -0.572975 0.225389 2.12006 2 297.106 227.125 158.457 164.617
5 -0.593677 -0.00951525 2.13594 2 291.875 283.476 155.667 205.46
6 -0.566943 -0.198418 2.17934 2 304.192 327.506 162.236 237.372
7 -0.573483 -0.226219 2.20068 2 303.854 333.488 162.055 241.708
8 -0.493859 0.303957 2.36808 1 339.997 216.012 181.332 156.563
9 -0.522859 0.100787 2.1778 2 318.229 257.703 169.722 186.78
10 -0.590066 -0.0952507 2.15143 1 294.419 303.725 157.023 220.136
11 -0.582507 -0.133516 2.16154 1 297.731 312.62 158.79 226.583
12 -0.481098 -0.179049 2.35515 2 343.075 319.792 182.973 231.781
13 -0.491656 -0.647589 2.55489 2 350.792 410.277 187.089 297.363
14 -0.483439 -0.89698 2.76956 2 362.999 446.355 193.6 323.512
15 -0.388189 -0.923318 2.74821 2 386.084 452.51 205.912 327.973
16 -0.449195 -0.166746 2.44196 2 357.183 315.84 190.498 228.916
17 -0.330213 -0.550686 2.65561 2 398.131 386.532 212.336 280.153
18 -0.197879 -0.850612 2.77114 2 434.549 437.496 231.759 317.091
19 -0.107369 -0.881558 2.73158 2 456.751 445.578 243.601 322.949
20 -0.521952 0.303292 2.21718 2 321.301 211.662 171.361 153.41
21 -0.560881 -0.308874 2.22832 2 309.954 351.721 165.309 254.923
22 -0.604188 -0.204321 2.19164 2 293.358 328.64 156.458 238.194
23 -0.584924 -0.187091 2.16761 2 297.438 325.111 158.634 235.636
24 -0.617649 -0.117625 2.1688 2 287.068 308.802 153.103 223.815
1
1
0.54677 -0.156456 0.810884 -0.137952
0.550214 -0.157041 0.808552 -0.137285
0.550876 -0.175 0.79708 -0.174854
0 0 0 0
-0.219043 0.738613 -0.403162 0.493895
0.0453751 0.951421 -0.0315863 0.302889
-0.117096 -0.516321 0.0596061 0.846256
-0.0948369 -0.52263 0.318011 0.785323
0.481191 0.565821 0.52021 0.421524
-0.333527 0.76675 0.160569 -0.524472
0.174178 -0.469824 0.0216396 0.865135
-0.146343 -0.501074 0.0612624 0.850738
-0.491028 0.565421 -0.497221 0.438134
0.195052 0.96423 -0.0458499 -0.173533
0.344928 0.923397 -0.0469017 -0.161748
0 0 0 0
0.285944 0.539993 0.791604 0.0026083
-0.0841986 0.193043 0.266811 0.940455
-0.134759 0.29667 0.224496 0.918384
0 0 0 0
0.553428 -0.162622 0.802012 -0.155075
0 0 0 0
0 0 0 0
0 0 0 0
0 0 0 0
