885741
0 0.721967 -0.0441703 2.63625 2 673.192 289.73 359.036 209.992
1 0.697239 0.224227 2.51089 2 675.947 235.777 360.505 170.888
2 0.669188 0.485909 2.37492 2 679.112 176.937 362.193 128.241
3 0.594339 0.594967 2.34894 2 659.247 152.087 351.598 110.231
4 0.618794 0.432213 2.5691 2 650.498 195.613 346.932 141.778
5 0.642051 0.230374 2.73755 2 645.879 238.459 344.469 172.832
6 0.635833 0.0418174 2.84433 2 638.159 273.748 340.351 198.409
7 0.634617 0.00718532 2.87132 2 636.402 279.941 339.414 202.897
8 0.756869 0.354319 2.31429 2 710.542 203.157 378.956 147.245
9 0.791119 0.094712 2.37643 2 714.439 260.906 381.034 189.101
10 0.787482 -0.119031 2.44648 2 706.746 305.991 376.931 221.778
11 0.782616 -0.167976 2.48254 1 702.132 315.669 374.471 228.793
12 0.680563 -0.0277246 2.64466 2 661.67 286.538 352.891 207.679
13 0.663515 -0.393079 2.64978 2 657.081 356.681 350.443 258.517
14 0.900845 -0.623247 2.97932 2 693.48 387.878 369.856 281.129
15 0.8908 -0.681336 3.02934 2 687.735 395.901 366.792 286.944
16 0.745384 -0.0594755 2.56074 2 685.21 293.027 365.445 212.382
17 0.636351 -0.328251 2.65462 2 649.571 344.074 346.438 249.38
18 0.630308 -0.78257 2.79441 2 640.226 423.98 341.454 307.295
19 0.534916 -0.83032 2.79399 2 616.575 432.69 328.84 313.608
20 0.676791 0.421553 2.41093 2 678.283 192.143 361.751 139.263
21 0.623582 -0.0297971 2.90007 2 632.238 286.425 337.193 207.597
22 0.662115 -0.0113769 2.85586 2 643.927 283.233 343.428 205.284
23 0.785268 -0.237721 2.50455 2 700.982 329.556 373.857 238.857
24 0.744035 -0.149118 2.46692 2 692.592 311.98 369.383 226.119
0
1
-0.450342 0.061981 0.865241 -0.211442
-0.472327 0.0673694 0.853439 -0.209788
-0.490959 0.0819671 0.832458 -0.243422
0 0 0 0
0.50527 0.615183 -0.525622 -0.299957
-0.199486 -0.436757 0.278967 0.83164
0.214775 0.782152 0.137758 0.568447
0.2718 0.76624 0.17851 0.554198
-0.133325 0.700095 0.49611 -0.495949
0.129307 0.955972 0.0311793 -0.261582
-0.0972898 -0.647999 0.124341 0.745098
-0.172211 -0.621822 0.262832 0.717357
-0.264574 -0.559987 0.781906 -0.0709811
0.0177671 -0.444342 0.0166344 0.895527
-0.315294 -0.0454352 0.392492 0.86283
0 0 0 0
-0.326788 0.574397 0.546058 -0.514877
0.210392 0.916389 -0.122159 0.317873
0.148741 0.985969 0.00495958 0.0756067
0 0 0 0
-0.493604 0.0768251 0.836958 -0.223506
0 0 0 0
0 0 0 0
0 0 0 0
0 0 0 0
