10914749
0 -0.473116 -0.0340923 2.58555 2 357.898 287.895 190.879 208.662
1 -0.49249 0.254307 2.51577 2 348.936 229.907 186.099 166.633
2 -0.509543 0.533621 2.43576 2 339.269 169.711 180.943 123.004
3 -0.508584 0.656027 2.44067 2 339.666 144.253 181.155 104.553
4 -0.523556 0.402537 2.37803 2 331.808 195.131 176.964 141.429
5 -0.380087 0.174151 2.37272 2 373.625 244.012 199.267 176.856
6 -0.306935 -0.0735963 2.46065 2 398.155 296.35 212.349 214.79
7 -0.304632 -0.140063 2.49821 2 400.067 309.593 213.369 224.389
8 -0.409657 0.473884 2.68129 1 378.532 191.471 201.884 138.776
9 -0.593662 0.290074 2.57037 1 324.458 223.863 173.044 162.253
10 -0.435525 0.113845 2.4158 1 359.748 257.319 191.866 186.502
11 -0.389842 0.0105094 2.42385 1 373.23 279.014 199.056 202.226
12 -0.488466 -0.0441199 2.53834 2 351.347 290.025 187.385 210.206
13 -0.539363 -0.423161 2.78117 2 350.078 358.501 186.708 259.837
14 -0.395335 -0.907798 2.74494 2 384.173 449.816 204.892 326.02
15 -0.316219 -0.941392 2.72952 2 403.685 457.056 215.299 331.268
16 -0.44563 -0.0260324 2.56676 2 364.387 286.351 194.339 207.543
17 -0.404871 -0.488446 2.64714 2 378.397 374.921 201.812 271.737
18 -0.383311 -0.918491 2.73656 2 386.905 452.337 206.349 327.847
19 -0.303346 -0.928997 2.74487 2 407.399 453.737 217.279 328.862
20 -0.505723 0.465063 2.45764 2 341.742 184.976 182.263 134.068
21 -0.261923 -0.198702 2.52191 2 412.513 321.093 220.007 232.724
22 -0.317934 -0.071791 2.53007 2 397.517 295.573 212.009 214.228
23 -0.35714 -0.0375996 2.42533 2 382.615 289.062 204.061 209.508
24 -0.433457 -0.0179085 2.43689 2 361.439 284.936 192.768 206.517
1
1
0.30348 -0.0674068 0.944904 -0.102529
0.427078 -0.0805085 0.895851 -0.0925976
0.563614 -0.109713 0.811176 -0.110889
0 0 0 0
-0.290609 0.722453 -0.333763 0.531234
-0.251871 0.431463 0.115116 0.858574
-0.127313 0.0573343 0.17274 0.975021
-0.0108117 0.0181865 0.254489 0.966844
0.392681 0.577573 0.60325 0.385098
0.314216 0.161205 -0.276093 0.893898
-0.151657 -0.383597 -0.406678 0.815148
-0.198477 -0.468039 -0.0667765 0.858538
-0.369646 0.62394 -0.514166 0.457923
0.1821 0.446207 0.220215 0.848083
-0.0229634 0.984889 0.146344 -0.0897152
0 0 0 0
-0.135475 0.562983 0.774135 -0.255758
0.000768359 0.457253 0.0960894 0.88413
-0.0282305 -0.0349855 0.101307 0.993839
0 0 0 0
0.564653 -0.101436 0.813809 -0.0926936
0 0 0 0
0 0 0 0
0 0 0 0
0 0 0 0
