10700989
0 -0.297148 -0.088557 2.43129 2 399.889 299.647 213.274 217.18
1 -0.324051 0.171089 2.33016 2 388.225 244.019 207.053 176.861
2 -0.347557 0.423699 2.21805 2 375.783 184.173 200.418 133.486
3 -0.327326 0.544818 2.20676 2 381.416 155.62 203.422 112.791
4 -0.412598 0.297621 2.17497 2 353.055 211.729 188.296 153.458
5 -0.41484 0.0908627 2.13842 2 350.25 259.661 186.8 188.199
6 -0.362022 -0.123736 2.23921 2 372.621 309.212 198.731 224.113
7 -0.347848 -0.193057 2.28245 2 378.996 324.077 202.131 234.886
8 -0.28381 0.357168 2.45907 2 404.443 207.577 215.703 150.449
9 -0.148166 0.250023 2.60171 2 444.798 232.587 237.226 168.576
10 0.0384408 0.22963 2.67162 2 493.846 237.742 263.384 172.312
11 0.131972 0.233204 2.69111 2 517.668 237.375 276.09 172.046
12 -0.316479 -0.0888318 2.31881 2 390.044 300.608 208.023 217.876
13 -0.374686 -0.487131 2.5328 2 381.847 378.897 203.652 274.62
14 -0.457404 -0.885351 2.76528 2 369.357 444.436 196.99 322.121
15 -0.377246 -0.921191 2.73866 2 388.514 452.707 207.208 328.116
16 -0.265824 -0.0841364 2.47387 2 410.07 298.419 218.704 216.29
17 -0.183741 -0.446777 2.73232 2 437.639 364.085 233.408 263.884
18 -0.0968618 -0.743447 2.89507 2 460.85 411.715 245.787 298.405
19 -0.18536 -0.80647 2.82932 2 438.659 426.232 233.952 308.927
20 -0.342182 0.361653 2.24813 2 378.972 199.562 202.118 144.64
21 -0.323939 -0.265941 2.30797 2 387.27 339.619 206.544 246.152
22 -0.325588 -0.161727 2.29425 2 386.262 316.919 206.007 229.699
23 0.195521 0.215443 2.7298 2 533.201 241.282 284.374 174.878
24 0.16983 0.242001 2.652 2 527.99 235.04 281.594 170.354
1
0
0.556432 -0.144615 0.808784 -0.123846
0.520077 -0.13899 0.832627 -0.130127
0.483119 -0.145397 0.845668 -0.17407
0 0 0 0
-0.144165 0.767841 -0.46099 0.420863
-0.0694085 0.825578 -0.0533344 0.557457
-0.0465111 0.276383 0.236839 0.930246
-0.0116911 0.261036 0.286124 0.921876
0.472063 0.605024 0.516635 0.379724
-0.333349 0.0423749 0.387084 0.858632
-0.0154198 0.688875 0.66997 0.276321
-0.0785547 0.65968 0.715903 0.214789
-0.4805 0.562582 -0.517606 0.429774
0.228779 0.955399 -0.103968 -0.155125
0.233461 0.941043 -0.143096 -0.198638
0 0 0 0
0.370918 0.621331 0.635678 0.26885
-0.0383881 0.175077 0.313205 0.932618
0.183166 0.903195 0.204574 0.329906
0 0 0 0
0.484234 -0.13825 0.850314 -0.152873
0 0 0 0
0 0 0 0
0 0 0 0
0 0 0 0
