10880518
0 1.19383 0.238137 3.41721 2 725.974 245.687 387.186 178.071
1 1.18616 0.484315 3.27839 2 734.798 205.845 391.892 149.194
2 1.17448 0.724338 3.12946 2 744.313 163.055 396.967 118.18
3 1.18009 0.823275 3.04367 2 752.926 143.133 401.561 103.741
4 1.02183 0.664443 3.18833 2 706.113 174.912 376.594 126.774
5 0.979657 0.44804 3.3144 2 688.534 212.363 367.218 153.918
6 1.00842 0.220518 3.36669 1 691.15 247.871 368.613 179.653
7 1.02121 0.17357 3.37546 2 693.234 255.037 369.725 184.847
8 1.33069 0.610941 3.17168 2 775.025 182.876 413.347 132.546
9 1.42326 0.400706 3.20626 2 791.915 217.41 422.355 157.576
10 1.56325 0.211284 3.11428 2 832.023 246.594 443.746 178.728
11 1.64409 0.1565 3.06724 2 855.298 255.2 456.159 184.966
12 1.11416 0.240558 3.39343 2 711.276 245.095 379.347 177.641
13 1.12786 -0.0130695 3.53905 2 704.489 283.091 375.728 205.181
14 1.15682 -0.296612 3.70223 2 700.208 322.012 373.444 233.39
15 1.13954 -0.37898 3.60334 2 702.895 334.79 374.877 242.651
16 1.25076 0.230992 3.37592 2 740.743 246.314 395.063 178.525
17 1.27142 -0.0206978 3.49528 2 735.994 284.23 392.53 206.006
18 1.2831 -0.32076 3.62374 2 729.3 326.343 388.96 236.529
19 1.26463 -0.402896 3.52526 2 732.592 339.499 390.716 246.064
20 1.17817 0.665278 3.16862 2 741.877 174.042 395.668 126.143
21 1.02593 0.118586 3.41274 2 691.878 263.526 369.001 191
22 1.04725 0.170732 3.34936 2 700.312 255.256 373.5 185.006
23 1.69235 0.111784 3.06094 2 866.74 262.606 462.262 190.333
24 1.67499 0.200567 3.08133 2 860.413 248.04 458.887 179.776
1
0
-0.07352 0.00529798 0.964347 -0.254169
-0.0709077 0.00460951 0.964542 -0.254183
-0.0703966 -0.0059078 0.95456 -0.289526
0 0 0 0
0.229817 0.693904 -0.666737 0.145408
0.206663 0.8919 -0.176806 -0.361309
0.0576121 0.818251 0.114184 0.560454
0.000937423 0.817282 0.158849 0.55391
0.165164 0.787437 0.552223 -0.218433
-0.130107 0.529523 0.174835 0.819823
-0.353976 0.486397 -0.0121595 0.798731
-0.49704 0.459149 0.0152339 0.73614
-0.0713038 -0.644549 0.713773 -0.264577
-0.185589 -0.627262 0.180049 0.73463
-0.200517 -0.620798 0.167703 0.739107
0 0 0 0
-0.0643898 0.639728 0.667317 -0.375887
0.142554 0.743394 0.170712 0.630794
0.141519 0.747892 0.143576 0.632468
0 0 0 0
-0.0691508 -0.00019574 0.960425 -0.269819
0 0 0 0
0 0 0 0
0 0 0 0
0 0 0 0
