10695833
0 -0.461277 -0.129388 2.39217 2 351.046 308.644 187.225 223.701
1 -0.483006 0.136281 2.2877 2 338.339 250.978 180.448 181.905
2 -0.501297 0.395064 2.16999 2 324.222 188.579 172.919 136.68
3 -0.489091 0.517179 2.15435 2 326.8 158.926 174.293 115.187
4 -0.548853 0.272012 2.13692 2 306.407 216.461 163.417 156.888
5 -0.469166 0.0518505 2.10751 2 330.395 268.723 176.211 194.766
6 -0.431763 -0.167229 2.21305 2 349.443 319.548 186.369 231.604
7 -0.430502 -0.217369 2.27507 1 353.48 329.689 188.523 238.954
8 -0.407261 0.299702 2.35699 1 364.804 216.688 194.562 157.053
9 -0.38838 0.0950022 2.52699 1 378.155 262.167 201.683 190.015
10 -0.39412 -0.144514 2.37888 2 369.847 311.999 197.252 226.133
11 -0.344005 -0.186711 2.39498 1 385.064 320.707 205.368 232.444
12 -0.488992 -0.12366 2.32798 2 339.098 308.167 180.853 223.355
13 -0.483838 -0.529943 2.53818 1 352.2 387.402 187.84 280.784
14 -0.456523 -0.889178 2.77162 2 369.839 444.767 197.247 322.361
15 -0.374118 -0.92048 2.73393 2 389.142 452.871 207.542 328.235
16 -0.420233 -0.132531 2.38482 2 362.559 309.383 193.365 224.237
17 -0.371356 -0.448711 2.6974 2 389.016 365.626 207.475 265
18 -0.422161 -0.854189 2.89034 2 382.85 431.748 204.187 312.925
19 -0.357237 -0.907287 2.7768 2 394.846 447.746 210.585 324.52
20 -0.4973 0.331496 2.2017 2 327.898 204.662 174.879 148.336
21 -0.402718 -0.305401 2.29468 2 362.91 348.758 193.552 252.775
22 -0.498076 -0.193494 2.27346 2 332.776 324.428 177.48 235.141
23 -0.340515 -0.230959 2.37743 2 385.317 330.442 205.502 239.5
24 -0.337436 -0.224576 2.37825 2 386.25 329.061 206 238.499
1
1
0.291294 -0.0920428 0.937616 -0.165991
0.363828 -0.10476 0.911923 -0.158273
0.438637 -0.129038 0.868499 -0.191458
0 0 0 0
-0.167823 0.771291 -0.424366 0.443688
-0.175019 0.596017 0.0537063 0.781824
-0.177574 -0.483667 0.152484 0.843375
-0.229495 -0.464961 0.364722 0.773383
0.378663 0.701227 0.519047 0.309007
0.222355 0.687811 0.258604 0.64078
0.0706462 -0.212238 -0.264267 0.938151
-0.43249 -0.246631 0.0146289 0.867128
0.357523 -0.537173 0.642657 -0.413054
0.212794 0.863476 -0.103263 -0.445493
0.281946 0.921662 -0.045807 -0.262577
0 0 0 0
0.0695506 0.704708 0.676451 -0.202396
0.129862 0.443864 0.360135 0.810199
0.161441 0.496824 0.159074 0.837734
0 0 0 0
0.439748 -0.122987 0.873596 -0.168306
0 0 0 0
0 0 0 0
0 0 0 0
0 0 0 0
