10931678
0 0.950652 0.221458 3.3727 2 678.823 247.807 362.039 179.607
1 0.948346 0.459712 3.2341 2 686.918 208.814 366.356 151.345
2 0.942483 0.69188 3.08562 2 695.668 166.847 371.023 120.928
3 0.891386 0.804183 3.01251 2 689.128 145.005 367.535 105.098
4 0.8299 0.658008 3.22179 2 662.263 177.18 353.207 128.418
5 0.811033 0.471193 3.37017 2 650.266 210.111 346.808 152.286
6 0.81671 0.261358 3.44803 1 647.483 242.703 345.324 175.908
7 0.820593 0.215106 3.44246 1 648.513 249.469 345.874 180.812
8 1.04809 0.586245 3.04883 2 722.303 183.109 385.228 132.715
9 1.04702 0.355926 3.0233 2 723.924 221.184 386.093 160.311
10 0.821541 0.335775 2.86353 2 682.434 221.518 363.965 160.553
11 0.739173 0.338484 2.82024 2 665.147 220.156 354.745 159.566
12 0.891493 0.229265 3.37384 2 666.532 246.661 355.484 178.776
13 0.939921 -0.0114843 3.5043 2 669.255 282.877 356.936 205.025
14 1.02622 -0.277817 3.64622 2 678.547 319.975 361.892 231.913
15 0.989819 -0.396829 3.60989 2 673.557 337.145 359.231 244.358
16 0.992434 0.209349 3.30691 2 691.552 248.987 368.828 180.462
17 1.02156 -0.0516901 3.36316 2 694.053 289.033 370.162 209.487
18 1.05173 -0.392439 3.50912 2 691.365 338.159 368.728 245.093
19 0.994813 -0.461753 3.5075 2 680.187 348.234 362.766 252.395
20 0.944619 0.63479 3.12469 2 693.422 177.631 369.825 128.745
21 0.802073 0.149452 3.47728 2 643.125 259.387 343 188
22 0.843931 0.175692 3.438 2 653.438 255.248 348.5 185
23 0.693865 0.322669 2.78116 2 656.355 222.217 350.056 161.06
24 0.716654 0.286702 2.80457 2 660.531 229.231 352.283 166.143
1
0
-0.281196 0.0716927 0.923639 -0.250361
-0.306253 0.0784865 0.915636 -0.248315
-0.330468 0.0870766 0.896216 -0.282853
0 0 0 0
0.409364 0.645157 -0.639341 -0.0862381
0.244111 0.770335 -0.223836 -0.544878
0.132101 0.779712 0.11801 0.60056
-0.0727794 0.800186 -0.00225227 0.595315
-0.0526514 0.705735 0.565938 -0.422943
-0.0519469 0.952825 -0.0186995 0.298458
0.299176 0.350735 -0.611662 0.642922
-0.354801 -0.375692 0.623432 -0.586774
-0.203508 -0.637962 0.723871 -0.166133
-0.189439 -0.432865 0.176707 0.863433
-0.231711 -0.422041 0.14852 0.86379
0 0 0 0
-0.22215 0.601613 0.611458 -0.463498
0.0673928 0.876351 0.0977644 0.466807
0.187476 0.957434 0.0822119 0.203505
0 0 0 0
-0.331222 0.0861596 0.902352 -0.261973
0 0 0 0
0 0 0 0
0 0 0 0
0 0 0 0
