10948476
0 -0.483184 -0.116203 2.35835 2 342.69 306.21 182.768 221.937
1 -0.49573 0.149125 2.27339 2 333.52 247.91 177.878 179.682
2 -0.506838 0.408057 2.17294 2 322.648 185.646 172.079 134.554
3 -0.496679 0.527241 2.15383 2 324.295 156.495 172.958 113.426
4 -0.549117 0.258383 2.11597 2 304.562 219.096 162.433 158.798
5 -0.586209 0.0501369 2.0982 2 290.863 269.058 155.127 195.01
6 -0.618843 -0.213996 2.15888 2 285.693 331.66 152.37 240.383
7 -0.629058 -0.300984 2.18792 2 284.997 351.26 151.998 254.589
8 -0.434036 0.324282 2.39311 1 358.837 212.423 191.38 153.961
9 -0.49983 0.124645 2.19688 2 326.958 252.401 174.377 182.937
10 -0.592004 -0.098051 2.13316 1 292.145 304.588 155.811 220.761
11 -0.597871 -0.157072 2.14938 1 291.665 318.385 155.555 230.761
12 -0.498135 -0.117903 2.28815 2 333.786 307.365 178.019 222.774
13 -0.503833 -0.421593 2.42675 1 340.514 369.534 181.607 267.833
14 -0.458165 -0.814798 2.68529 2 365.785 435.853 195.086 315.9
15 -0.373988 -0.890216 2.68258 2 387.369 450.39 206.597 326.437
16 -0.452868 -0.110134 2.35703 2 351.535 304.908 187.485 220.993
17 -0.43098 -0.547558 2.48872 2 364.273 393.103 194.279 284.915
18 -0.539866 -0.867342 2.81343 2 351.003 438.39 187.201 317.739
19 -0.419027 -0.89034 2.77137 2 379.218 444.972 202.249 322.51
20 -0.504794 0.344316 2.20054 2 325.429 201.643 173.562 146.148
21 -0.658211 -0.366306 2.19777 2 276.562 366.142 147.5 265.375
22 -0.679161 -0.353663 2.189 2 269.061 363.555 143.499 263.5
23 -0.612769 -0.235896 2.15967 2 287.706 336.804 153.443 244.111
24 -0.631633 -0.148621 2.1485 2 280.626 316.416 149.667 229.334
1
1
0.461937 -0.0922494 0.873105 -0.125664
0.491316 -0.0964629 0.856917 -0.122459
0.519596 -0.120361 0.829855 -0.163933
0 0 0 0
-0.197133 0.763017 -0.355877 0.50229
0.0247705 0.758528 -0.0941438 0.644328
0.0387059 0.713232 -0.121216 -0.689282
0.0752849 0.706577 -0.151548 -0.687106
0.425546 0.638019 0.519921 0.376199
-0.370739 0.73447 0.124232 -0.554683
0.230612 -0.597431 0.0130143 0.767935
-0.0431668 -0.604368 0.134926 0.78401
-0.443551 0.559358 -0.539839 0.446043
0.200742 0.935089 -0.0700014 -0.283567
0.288805 0.922256 -0.0276388 -0.255483
0 0 0 0
0.104143 0.62391 0.766298 -0.112597
0.0389771 0.414141 0.142314 0.898173
0.178726 0.129437 0.35612 0.90801
0 0 0 0
0.521228 -0.112785 0.834456 -0.138867
0 0 0 0
0 0 0 0
0 0 0 0
0 0 0 0
