10879114
0 1.19311 0.239457 3.41797 2 725.772 245.498 387.078 177.934
1 1.18617 0.485396 3.2784 2 734.8 205.677 391.893 149.072
2 1.175 0.725654 3.12897 2 744.47 162.822 397.051 118.011
3 1.18005 0.831729 3.04193 2 753.068 141.637 401.636 102.657
4 1.02394 0.664555 3.18668 2 706.69 174.838 376.901 126.72
5 0.977851 0.447983 3.31344 2 688.214 212.353 367.047 153.91
6 1.00228 0.224912 3.37935 1 689.099 247.337 367.52 179.266
7 1.01558 0.173361 3.38676 1 691.367 255.158 368.729 184.935
8 1.33054 0.613292 3.17755 2 774.454 182.68 413.042 132.404
9 1.42172 0.397377 3.24903 2 787.534 218.773 420.018 158.564
10 1.56196 0.225082 3.20335 2 822.148 245.35 438.479 177.826
11 1.61345 0.200914 3.16986 2 836.85 248.875 446.32 180.381
12 1.11317 0.241707 3.39357 2 711.065 244.924 379.234 177.518
13 1.12134 -0.0132064 3.54066 2 703.101 283.11 374.987 205.194
14 1.15176 -0.292854 3.69658 2 699.584 321.555 373.111 233.059
15 1.13683 -0.375114 3.59764 2 702.717 334.327 374.782 242.315
16 1.25024 0.232431 3.37758 2 740.509 246.114 394.938 178.38
17 1.27671 -0.0205536 3.49474 2 737.092 284.209 393.116 205.991
18 1.28428 -0.314225 3.62487 2 729.447 325.409 389.039 235.852
19 1.26813 -0.396283 3.52635 2 733.203 338.525 391.042 245.358
20 1.1786 0.666479 3.16826 2 742.002 173.836 395.734 125.994
21 1.02802 0.118829 3.41974 2 691.874 263.526 369 191
22 1.04264 0.156568 3.378 2 697.5 257.614 372 186.715
23 1.636 0.144382 3.09934 2 849.75 257.456 453.2 186.6
24 1.6518 0.225721 3.1391 2 848.592 244.545 452.582 177.243
1
0
-0.0679045 0.00526312 0.964425 -0.255433
-0.0623735 0.00379842 0.964798 -0.255459
-0.0592648 -0.00853734 0.955248 -0.289681
0 0 0 0
0.227097 0.695754 -0.665019 0.148674
0.21387 0.909381 -0.172733 -0.312168
0.0921524 0.834896 0.12094 0.52899
-0.00652335 0.841767 0.142887 0.520547
0.178975 0.789418 0.550491 -0.204319
-0.0985247 0.456311 0.222978 0.855777
-0.314214 0.640022 0.146401 0.685718
0.53712 -0.6374 -0.168608 -0.526113
-0.0698076 -0.644136 0.713151 -0.267642
-0.180344 -0.633038 0.185919 0.729502
-0.19987 -0.62718 0.159074 0.735795
0 0 0 0
-0.0591198 0.640902 0.668242 -0.373098
0.131578 0.741776 0.176109 0.633594
0.14848 0.738987 0.144727 0.64102
0 0 0 0
-0.0578228 -0.00229179 0.961025 -0.270336
0 0 0 0
0 0 0 0
0 0 0 0
0 0 0 0
