10884921
0 -0.405174 -0.11798 2.37456 2 366.428 306.393 195.429 222.07
1 -0.433542 0.133476 2.26582 2 352.072 251.333 187.772 182.162
2 -0.454135 0.379549 2.14878 2 337.913 191.395 180.221 138.72
3 -0.442011 0.498592 2.12597 2 340.107 161.81 181.391 117.277
4 -0.500363 0.252006 2.11104 2 320.227 220.531 170.788 159.838
5 -0.406099 0.0642618 2.12191 2 352.069 265.853 187.77 192.687
6 -0.290463 -0.0986087 2.1877 2 392.602 304.032 209.387 220.358
7 -0.237024 -0.186523 2.22059 2 410.521 323.735 218.945 234.639
8 -0.353849 0.319945 2.39426 1 382.093 213.436 203.783 154.696
9 -0.271173 0.123629 2.49505 1 409.212 256.136 218.246 185.644
10 -0.197272 -0.0637021 2.59743 2 431.765 293.612 230.274 212.806
11 -0.199512 -0.0891442 2.62056 2 431.635 298.413 230.205 216.286
12 -0.417863 -0.121028 2.31032 2 359.337 307.771 191.646 223.068
13 -0.422173 -0.529653 2.51192 2 367.842 388.406 196.182 281.512
14 -0.401108 -0.888016 2.76562 2 383.495 444.873 204.531 322.438
15 -0.32566 -0.930359 2.73548 2 401.476 454.601 214.121 329.489
16 -0.378846 -0.109576 2.3754 2 374.142 304.583 199.542 220.758
17 -0.286863 -0.430485 2.64763 2 409.288 363.664 218.287 263.579
18 -0.179584 -0.795218 2.90572 2 441.242 420.393 235.329 304.695
19 -0.237219 -0.860244 2.80052 2 425.341 437.625 226.848 317.184
20 -0.449715 0.318968 2.17993 2 341.511 206.867 182.139 149.934
21 -0.166521 -0.22207 2.24 2 432.826 331.386 230.841 240.184
22 -0.266974 -0.197112 2.21088 2 400.848 326.363 213.786 236.543
23 -0.180645 -0.11908 2.62491 2 436.662 304.152 232.886 220.445
24 -0.162148 -0.0895881 2.59387 2 441.004 298.674 235.202 216.475
0
1
0.471513 -0.143445 0.856833 -0.151447
0.476533 -0.144332 0.854051 -0.150603
0.482641 -0.145616 0.843074 -0.187296
0 0 0 0
-0.165224 0.766488 -0.405492 0.469866
-0.0960437 0.833372 0.211029 0.501731
-0.325595 -0.652008 -0.0821966 0.679792
-0.297834 -0.662536 -0.0658374 0.68411
0.43364 0.622059 0.560389 0.333109
0.279429 0.870118 0.0733779 -0.399287
0.101346 0.793907 0.274086 0.533215
0.301193 0.722999 0.200248 0.588605
-0.460211 0.577499 -0.514737 0.4356
0.2177 0.938851 -0.0650283 -0.258721
0.296889 0.910513 -0.0650923 -0.280332
0 0 0 0
0.175003 0.579712 0.788253 -0.109385
-0.0122482 0.268471 0.356872 0.89466
0.190778 0.81192 0.258323 0.487504
0 0 0 0
0.483241 -0.141386 0.847812 -0.166442
0 0 0 0
0 0 0 0
0 0 0 0
0 0 0 0
