10917203
0 1.07148 0.227099 3.39377 2 702.462 247.132 374.646 179.118
1 1.06245 0.475931 3.25644 2 709.981 206.707 378.657 149.818
2 1.04878 0.718627 3.10895 2 717.907 163.252 382.884 118.323
3 0.999288 0.832514 3.06126 2 710.384 142.401 378.871 103.211
4 0.950243 0.67355 3.2659 2 685.52 176.079 365.611 127.619
5 0.937866 0.481277 3.39354 2 675.154 209.013 360.082 151.49
6 0.934787 0.234138 3.45536 2 670.921 246.751 357.824 178.842
7 0.934391 0.192934 3.46549 2 670.273 252.902 357.479 183.3
8 1.14886 0.603009 3.06208 2 744.201 180.696 396.907 130.966
9 1.20581 0.366299 3.12483 2 751.544 221.395 400.823 160.464
10 1.16622 0.161781 3.20807 2 735.857 255.497 392.457 185.181
11 1.14298 0.100887 3.23517 2 728.692 265.315 388.636 192.297
12 1.01298 0.237995 3.3989 2 690.112 245.57 368.06 177.986
13 1.07615 -0.0222706 3.5507 2 693.583 284.403 369.911 206.131
14 1.14304 -0.303179 3.6549 2 700.406 323.456 373.55 234.437
15 1.09731 -0.376218 3.67047 2 690.816 333.399 368.435 241.643
16 1.10891 0.211344 3.32311 2 715.018 248.806 381.343 180.331
17 1.15768 -0.0380034 3.43499 2 717.308 286.848 382.564 207.903
18 1.20248 -0.348562 3.58192 2 716.475 330.807 382.12 239.764
19 1.15552 -0.428633 3.56693 2 708.309 342.45 377.765 248.203
20 1.05297 0.65888 3.14772 2 715.894 174.416 381.81 126.415
21 0.925496 0.14502 3.47573 2 667.919 259.999 356.223 188.444
22 0.959811 0.184167 3.427 2 677.555 253.876 361.363 184.006
23 1.13752 0.0382481 3.27266 2 724.689 275.254 386.501 199.501
24 1.11328 0.115712 3.22494 2 723.042 262.925 385.622 190.564
1
1
-0.329939 0.0695582 0.910318 -0.240048
-0.356057 0.0764529 0.900423 -0.237942
-0.381296 0.084656 0.879382 -0.272276
0 0 0 0
0.433006 0.655662 -0.599286 -0.153196
0.198442 0.719436 -0.211316 -0.631172
0.111658 0.884139 0.0501115 0.450909
0.109259 0.884434 0.050425 0.450885
-0.0870982 0.704251 0.541409 -0.45091
0.144183 0.971227 0.0920101 -0.165724
-0.036799 -0.568006 0.206894 0.795745
0.0180992 -0.576186 0.261414 0.774173
-0.225538 -0.625295 0.735084 -0.133383
-0.200507 -0.38401 0.192571 0.880482
-0.122911 -0.0667361 0.165436 0.976253
0 0 0 0
-0.259505 0.608914 0.579645 -0.475282
0.152532 0.890606 0.166265 0.394855
0.182789 0.917114 0.135705 0.327223
0 0 0 0
-0.382327 0.0837856 0.885003 -0.252142
0 0 0 0
0 0 0 0
0 0 0 0
0 0 0 0
