10708731
0 -0.494031 -0.0137099 2.55656 2 350.792 283.93 187.089 205.789
1 -0.515261 0.272148 2.51242 2 342.45 226.213 182.64 163.956
2 -0.533488 0.550378 2.45714 2 333.744 167.178 177.997 121.168
3 -0.541448 0.671464 2.46209 2 331.635 142.211 176.872 103.072
4 -0.681513 0.399327 2.5014 2 295.438 199.928 157.567 144.905
5 -0.463313 0.25094 2.38931 2 350.211 227.906 186.779 165.183
6 -0.408819 0.0118515 2.41693 2 367.48 278.726 195.989 202.017
7 -0.413694 -0.0559582 2.45796 1 368.056 292.747 196.297 212.179
8 -0.445974 0.450711 2.65747 1 368.137 195.08 196.34 141.391
9 -0.376904 0.274409 2.43876 2 377.463 224.157 201.314 162.466
10 -0.439549 0.373717 2.67349 1 370.577 210.276 197.641 152.405
11 -0.392751 0.411095 2.70319 1 383.779 204.052 204.682 147.894
12 -0.542574 -0.00478341 2.51871 2 335.403 282.174 178.881 204.516
13 -0.448656 -0.453726 2.62151 2 365.823 369.122 195.105 267.534
14 -0.460724 -0.917989 2.73914 2 367.383 452.128 195.938 327.696
15 -0.352386 -0.930563 2.71793 2 394.118 455.784 210.196 330.346
16 -0.43256 -0.0210454 2.52658 2 366.056 285.432 195.23 206.877
17 -0.443324 -0.474329 2.63764 2 367.93 372.56 196.229 270.027
18 -0.409339 -0.918589 2.73882 2 380.391 452.229 202.875 327.769
19 -0.35161 -0.931601 2.77296 2 396.11 452.481 211.259 327.952
20 -0.529459 0.481996 2.47302 2 335.944 182.06 179.17 131.954
21 -0.378353 -0.137489 2.46662 2 378.349 309.45 201.786 224.285
22 -0.462021 -0.0724044 2.4553 2 354.296 296.163 188.958 214.655
23 -0.360869 0.381101 2.71075 1 392.217 209.92 209.183 152.147
24 -0.384852 0.369714 2.67437 1 384.771 211.096 205.211 152.999
0
1
0.0212503 -0.0383531 0.996176 -0.0755636
0.117414 -0.0454755 0.989461 -0.0715038
0.229076 -0.0542959 0.966315 -0.103982
0 0 0 0
0.15963 0.850346 -0.488713 0.112206
-0.48831 0.31277 -0.0526033 0.812995
-0.123074 -0.58787 -0.0204887 0.799276
-0.13967 -0.591415 0.231327 0.759742
0.467964 0.714846 0.452387 0.255639
-0.232464 0.679742 0.375821 -0.585381
0.824773 0.518773 0.0945453 0.204169
0.815061 0.384682 0.339444 -0.269207
0.212784 -0.608439 0.725587 -0.240932
0.149743 0.709903 -0.00443131 -0.688182
0.121703 0.986691 -0.0256834 -0.104738
0 0 0 0
-0.0948782 0.708105 0.66157 -0.22784
0.0907013 0.681503 0.0791545 0.721846
-0.063302 -0.240151 0.0991331 0.963584
0 0 0 0
0.228765 -0.0537099 0.968503 -0.0823677
0 0 0 0
0 0 0 0
0 0 0 0
0 0 0 0
