10918415
0 -0.459401 -0.0281492 2.54308 2 359.517 286.822 191.743 207.884
1 -0.480783 0.250872 2.4749 2 349.974 229.766 186.653 166.531
2 -0.499598 0.521362 2.39359 2 339.599 170.358 181.12 123.473
3 -0.493989 0.63947 2.38583 2 340.592 144.647 181.649 104.838
4 -0.518598 0.392461 2.34715 2 331.27 196.184 176.677 142.191
5 -0.420623 0.159839 2.32762 2 359.427 246.389 191.694 178.579
6 -0.329491 -0.0919702 2.38796 2 389.01 300.712 207.472 217.952
7 -0.303066 -0.187845 2.43005 2 398.129 320.356 212.336 232.189
8 -0.39967 0.461603 2.63913 1 379.467 192.407 202.382 139.454
9 -0.430273 0.371361 2.36519 1 358.399 201.469 191.146 146.022
10 -0.391046 0.0973212 2.33024 2 368.386 260.046 196.472 188.478
11 -0.389929 0.0228511 2.35938 1 370.164 276.304 197.421 200.261
12 -0.476307 -0.0327639 2.48429 2 351.839 287.898 187.647 208.665
13 -0.533097 -0.402679 2.7384 2 349.578 355.902 186.442 257.953
14 -0.402627 -0.894862 2.77748 2 383.543 445.434 204.556 322.845
15 -0.328481 -0.936193 2.72824 2 400.534 456.167 213.618 330.624
16 -0.43012 -0.0241095 2.52137 2 366.481 286.056 195.457 207.33
17 -0.392624 -0.487684 2.60027 2 379.741 376.465 202.529 272.856
18 -0.364944 -0.921583 2.74569 1 391.868 452.331 208.996 327.843
19 -0.324612 -0.943446 2.78712 2 403.27 453.773 215.077 328.888
20 -0.495367 0.454961 2.41614 2 342.268 185.454 182.543 134.414
21 -0.259004 -0.232468 2.43911 2 410.888 329.47 219.14 238.795
22 -0.35706 -0.21099 2.4515 2 383.661 324.821 204.619 235.426
23 -0.355587 -0.0557672 2.34882 2 379.755 293.236 202.536 212.533
24 -0.354741 0.057159 2.4162 2 382.914 269.23 204.221 195.135
1
1
0.331556 -0.0751286 0.935115 -0.0999356
0.432544 -0.0856797 0.892902 -0.0910518
0.54301 -0.115101 0.823237 -0.119048
0 0 0 0
-0.250705 0.748983 -0.33385 0.514505
-0.175584 0.637631 0.0987184 0.74354
-0.203252 -0.561598 -0.00530042 0.80204
-0.219865 -0.571759 0.0880637 0.785491
0.391703 0.580553 0.600208 0.386364
0.402804 -0.4869 -0.42683 0.646911
-0.0805648 0.174953 -0.0495212 0.980025
0.019167 0.13884 0.184582 0.972772
-0.413784 0.589595 -0.539604 0.435875
0.186564 0.411512 0.237337 0.859955
0.0810312 0.929054 0.107441 -0.344601
0 0 0 0
-0.145626 0.603134 0.730664 -0.284875
0.000297825 0.430283 0.0929868 0.897892
-0.0833414 -0.334786 0.140839 0.927975
0 0 0 0
0.544253 -0.105603 0.826525 -0.0974372
0 0 0 0
0 0 0 0
0 0 0 0
0 0 0 0
