10703783
0 -0.142518 -0.0509868 2.47062 2 444.326 291.644 236.974 211.379
1 -0.165635 0.226637 2.38136 2 436.124 233.05 232.6 168.912
2 -0.188463 0.496649 2.28074 2 426.939 170.646 227.701 123.682
3 -0.172929 0.61623 2.26988 2 431.3 143.137 230.027 103.743
4 -0.244155 0.357819 2.22368 2 408.29 199.61 217.755 144.675
5 -0.230529 0.150106 2.20237 2 411.961 246.715 219.713 178.816
6 -0.220284 -0.050565 2.2735 2 417.35 292.461 222.587 211.972
7 -0.212633 -0.111296 2.30225 1 420.46 305.667 224.245 221.543
8 -0.105685 0.412313 2.51226 1 454.988 198.048 242.66 143.543
9 -0.0590181 0.248379 2.61245 1 468.427 233.119 249.828 168.961
10 0.13743 0.217984 2.64838 1 519.628 239.577 277.135 173.642
11 0.226972 0.231791 2.64987 1 542.867 236.941 289.529 171.732
12 -0.169923 -0.0366819 2.34914 2 434.253 289.106 231.602 209.54
13 -0.238716 -0.454178 2.53059 2 418.931 372.247 223.43 269.8
14 -0.402486 -0.873392 2.70997 2 381.073 445.494 203.239 322.888
15 -0.335453 -0.924806 2.72768 2 398.752 454.061 212.668 329.097
16 -0.110958 -0.0638579 2.52073 2 453.719 294.016 241.983 213.099
17 -0.0725322 -0.43001 2.78256 2 466.013 359.489 248.54 260.553
18 -0.0737819 -0.774382 2.93049 2 466.565 415.532 248.834 301.172
19 0.00599526 -0.80044 2.93439 2 485.368 419.902 258.863 304.339
20 -0.182997 0.430354 2.30805 2 429.303 186.633 228.962 135.269
21 -0.200805 -0.18457 2.32484 2 424.558 321.385 226.431 232.935
22 -0.189753 -0.0800085 2.31033 2 427.507 298.725 228.004 216.512
23 0.266468 0.237825 2.65543 1 552.993 235.871 294.93 170.956
24 0.221532 0.207401 2.65323 1 541.372 241.657 288.732 175.15
1
0
0.537254 -0.117681 0.828176 -0.107863
0.515996 -0.114897 0.841585 -0.110824
0.493303 -0.130984 0.847128 -0.147883
0 0 0 0
-0.18583 0.764511 -0.424052 0.44852
-0.0589552 0.695658 -0.0138614 0.715816
0.0349805 0.336842 0.167498 0.925882
0.0212316 0.338011 0.224764 0.913663
0.422602 0.632785 0.529375 0.375171
-0.125334 -0.00696818 0.264033 0.95631
-0.626681 -0.3361 -0.178989 0.679905
0.704029 0.253414 0.283785 -0.599658
0.446027 -0.505405 0.598429 -0.433022
0.183754 0.958885 -0.113227 -0.184267
0.193688 0.965662 -0.172794 0.0110986
0 0 0 0
0.3509 0.712375 0.520268 0.314184
0.0206891 0.20111 0.307135 0.929944
0.0100609 0.0406448 0.201228 0.978649
0 0 0 0
0.494743 -0.121271 0.850992 -0.127809
0 0 0 0
0 0 0 0
0 0 0 0
0 0 0 0
