10706603
0 -0.463525 -0.112909 2.43853 2 352.957 304.692 188.244 220.836
1 -0.48684 0.173413 2.35385 2 341.308 243.821 182.031 176.718
2 -0.507329 0.451594 2.25842 2 328.597 179.449 175.252 130.062
3 -0.526745 0.58033 2.25897 2 322.463 150.287 171.98 108.926
4 -0.445963 0.317546 2.18859 2 343.272 207.498 183.078 150.392
5 -0.393414 0.0944083 2.19944 2 360.731 259.451 192.39 188.047
6 -0.357008 -0.146416 2.31898 2 377.953 313.201 201.575 227.004
7 -0.369568 -0.217986 2.38351 1 377.152 327.568 201.148 237.417
8 -0.42327 0.367515 2.49034 1 366.71 206.299 195.578 149.523
9 -0.616267 0.197853 2.37105 1 304.368 238.784 162.329 173.067
10 -0.534161 0.276124 2.61032 2 342.769 227.505 182.81 164.893
11 -0.47118 0.253324 2.61044 2 359.526 231.984 191.747 168.139
12 -0.452014 -0.0949346 2.42533 2 355.537 301.058 189.62 218.203
13 -0.453013 -0.532438 2.56378 2 361.868 386.801 192.996 280.348
14 -0.47173 -0.905354 2.73152 2 364.268 450.241 194.276 326.329
15 -0.400198 -0.937009 2.73973 2 382.726 455.619 204.121 330.227
16 -0.462987 -0.125225 2.38426 2 350.107 307.85 186.724 223.126
17 -0.484762 -0.546074 2.56493 2 353.317 389.501 188.436 282.305
18 -0.46938 -0.559154 2.90716 1 372.481 378.929 198.656 274.643
19 -0.485063 -0.666358 2.84429 2 366.055 400.395 195.229 290.201
20 -0.502745 0.383286 2.2843 2 331.867 195.888 176.996 141.977
21 -0.353801 -0.295012 2.39963 2 382.358 343.549 203.924 249
22 -0.327595 -0.16904 2.40462 2 390.185 316.816 208.099 229.624
23 -0.438089 0.225234 2.61836 1 368.677 237.598 196.628 172.208
24 -0.462492 0.213164 2.58158 1 360.485 239.335 192.259 173.467
0
1
0.796649 -0.091833 -0.585974 0.116408
0.98867 -0.141979 -0.0234119 0.0427327
0.756078 -0.158653 0.628484 -0.0904579
0 0 0 0
-0.44975 0.491457 -0.208375 0.716083
-0.0735746 0.633695 0.0918973 0.764573
0.0355782 0.419335 0.234349 0.876341
0.20617 0.372926 0.298787 0.853901
0.400143 0.614144 0.551605 0.398051
-0.421485 0.699523 -0.151392 -0.556865
0.803153 0.572675 0.0523177 -0.155727
0.231702 0.74968 0.52547 -0.3289
0.914051 -0.239847 0.150483 -0.290413
0.0231367 0.142741 0.150879 0.977919
0.208728 0.976984 -0.0302285 -0.0319545
0 0 0 0
0.420308 -0.532068 -0.461188 0.572321
0.163238 0.713682 0.120092 0.670514
0.507652 0.548912 0.472453 0.466661
0 0 0 0
0.757682 -0.145398 0.631913 -0.0739131
0 0 0 0
0 0 0 0
0 0 0 0
0 0 0 0
