10919150
0 1.05536 0.228801 3.39822 2 698.858 246.927 372.724 178.969
1 1.04877 0.477071 3.26175 2 706.682 206.658 376.897 149.783
2 1.03756 0.719505 3.11563 2 714.896 163.367 381.278 118.406
3 0.984909 0.835626 3.06566 2 706.798 142.087 376.959 102.983
4 0.940095 0.674714 3.26894 2 683.168 176.002 364.356 127.564
5 0.926949 0.480947 3.40298 2 672.381 209.271 358.603 151.677
6 0.921381 0.236533 3.46185 2 667.868 246.469 356.196 178.637
7 0.924254 0.193171 3.47327 2 667.817 252.934 356.169 183.323
8 1.13576 0.603991 3.06588 2 740.905 180.662 395.149 130.941
9 1.18963 0.363437 3.12643 2 747.796 221.898 398.825 160.829
10 1.14398 0.159059 3.20743 2 731.06 255.929 389.899 185.494
11 1.11839 0.102199 3.2265 2 724.028 265.068 386.148 192.118
12 0.998744 0.237097 3.4046 2 686.844 245.769 366.317 178.13
13 1.07201 -0.025347 3.55185 2 692.7 284.843 369.44 206.45
14 1.14153 -0.297322 3.65647 2 700.02 322.621 373.344 233.832
15 1.08847 -0.360202 3.72161 2 686.28 330.478 366.016 239.526
16 1.0912 0.215912 3.3263 2 711.077 248.142 379.241 179.85
17 1.15261 -0.0424689 3.43956 2 715.964 287.501 381.848 208.377
18 1.20185 -0.344165 3.58108 2 716.405 330.192 382.083 239.319
19 1.16028 -0.427861 3.55486 2 710.014 342.551 378.674 248.276
20 1.04116 0.659805 3.15405 2 712.815 174.489 380.168 126.467
21 0.914921 0.143326 3.48502 2 665.309 260.306 354.831 188.666
22 0.946776 0.182096 3.44376 2 673.963 254.32 359.447 184.327
23 1.11436 0.0438898 3.25209 2 721.247 274.334 384.665 198.833
24 1.08795 0.0989845 3.22987 2 717.185 265.596 382.499 192.5
1
1
-0.334876 0.0747029 0.908795 -0.237422
-0.35982 0.0812245 0.899211 -0.235271
-0.384035 0.0886454 0.878874 -0.268775
0 0 0 0
0.428957 0.654015 -0.603725 -0.154198
0.201137 0.707621 -0.22133 -0.64018
0.109507 0.878779 0.0450106 0.462309
0.0988129 0.878978 0.0878757 0.458161
-0.0974802 0.702582 0.540708 -0.452229
0.136973 0.97325 0.0860747 -0.163138
0.00368167 -0.46499 0.211833 0.859591
0.0997548 -0.484924 0.232478 0.837169
-0.228999 -0.641728 0.720838 -0.127031
-0.209434 -0.373126 0.180167 0.885694
-0.0668526 0.260336 0.203974 0.941356
0 0 0 0
-0.280039 0.600266 0.585147 -0.467827
0.14224 0.894794 0.179751 0.383146
0.167042 0.890559 0.155843 0.393339
0 0 0 0
-0.384933 0.0879191 0.884479 -0.248584
0 0 0 0
0 0 0 0
0 0 0 0
0 0 0 0
