10950014
0 -0.465316 -0.113773 2.38304 2 349.366 305.426 186.329 221.369
1 -0.509092 0.142061 2.28311 2 330.104 249.619 176.055 180.921
2 -0.551593 0.389468 2.17098 2 308.179 189.883 164.362 137.624
3 -0.532622 0.511076 2.14803 2 312.243 159.967 166.53 115.942
4 -0.583194 0.260651 2.11567 2 293.307 218.51 156.43 158.373
5 -0.533549 0.0585327 2.10234 2 308.706 267.063 164.643 193.564
6 -0.405717 -0.114594 2.20099 2 356.936 307.61 190.366 222.952
7 -0.359255 -0.181189 2.2591 2 374.421 321.862 199.691 233.281
8 -0.478617 0.305785 2.3912 1 345.824 216.27 184.439 156.75
9 -0.361257 0.110907 2.46304 1 383.002 258.404 204.268 187.288
10 -0.277979 -0.0546983 2.53836 2 408.656 292.114 217.95 211.72
11 -0.246958 -0.0954502 2.54902 2 417.35 300.154 222.587 217.548
12 -0.47773 -0.11426 2.30159 2 340.828 306.401 181.775 222.075
13 -0.451274 -0.535168 2.48614 2 358.5 390.69 191.2 283.167
14 -0.429079 -0.913237 2.74204 2 375.522 451.036 200.279 326.905
15 -0.338619 -0.935113 2.70138 2 397.094 457.722 211.784 331.751
16 -0.439796 -0.110666 2.39527 2 357.444 304.636 190.637 220.796
17 -0.446876 -0.522233 2.46903 2 358.876 388.772 191.4 281.777
18 -0.538294 -0.853625 2.78817 2 350.193 437.301 186.769 316.95
19 -0.437354 -0.859259 2.82761 2 376.852 436.052 200.988 316.044
20 -0.541233 0.328889 2.20138 2 313.993 205.211 167.463 148.734
21 -0.287606 -0.242721 2.26991 2 396.716 335.388 211.582 243.085
22 -0.386623 -0.138215 2.18209 2 361.879 313.325 193.002 227.093
23 -0.215028 -0.140364 2.54008 2 425.761 309.165 227.072 224.078
24 -0.207134 -0.0932802 2.51043 2 427.246 300.004 227.865 217.438
0
0
0.5293 -0.16665 0.824482 -0.110903
0.526476 -0.16627 0.826288 -0.111472
0.521191 -0.188367 0.818599 -0.150908
0 0 0 0
-0.244675 0.75766 -0.386399 0.465598
-0.0822393 0.888558 0.0930775 0.44163
0.22412 0.930403 0.290036 -0.000598577
0.309093 0.912318 0.266451 0.0337644
0.409543 0.620788 0.524274 0.414769
0.243151 0.883717 0.180098 -0.357053
0.072739 0.845784 0.28437 0.445524
-0.0405871 0.84787 0.329925 0.413059
-0.502489 0.574651 -0.494521 0.415607
0.206583 0.958148 -0.0126525 -0.197775
0.290423 0.927938 -0.0455529 -0.229151
0 0 0 0
0.256701 0.664395 0.699046 0.0633939
0.0536912 0.52263 0.0709103 0.847908
0.0476973 -0.141829 0.380108 0.912758
0 0 0 0
0.5228 -0.176007 0.824122 -0.128548
0 0 0 0
0 0 0 0
0 0 0 0
0 0 0 0
