10868677
0 -0.443368 -0.0449767 2.48187 2 360.903 290.396 192.482 210.475
1 -0.450908 0.219396 2.3993 2 354.384 234.819 189.005 170.193
2 -0.455442 0.475058 2.30443 2 347.339 176.351 185.248 127.817
3 -0.435273 0.596637 2.29248 2 352.553 148.672 188.028 107.755
4 -0.511075 0.354723 2.27293 2 328.589 201.86 175.248 146.305
5 -0.372517 0.12641 2.24542 2 369.695 252.679 197.171 183.139
6 -0.415678 -0.0783888 2.29273 2 359.053 298.543 191.495 216.38
7 -0.419298 -0.134728 2.34454 2 360.736 310.345 192.393 224.934
8 -0.379678 0.342252 2.43268 1 376.346 209.831 200.718 152.082
9 -0.306951 0.129178 2.25309 1 390.2 252.176 208.106 182.774
10 -0.36352 0.246713 2.48154 2 383.059 230.822 204.298 167.297
11 -0.334561 0.232396 2.53973 1 393.268 234.856 209.743 170.22
12 -0.475203 -0.0552135 2.40424 2 347.727 292.858 185.454 212.26
13 -0.549373 -0.384947 2.69526 1 343.235 353.768 183.059 256.406
14 -0.446918 -0.883277 2.77641 2 372.444 443.384 198.637 321.359
15 -0.375811 -0.931529 2.74126 2 388.96 454.48 207.446 329.401
16 -0.397871 -0.0348115 2.4851 2 373.735 288.307 199.325 208.961
17 -0.456891 -0.479692 2.60491 2 362.843 374.78 193.516 271.635
18 -0.376953 -0.958934 2.7528 2 389.053 458.863 207.495 332.578
19 -0.34696 -0.907448 2.79485 2 397.977 446.684 212.254 323.75
20 -0.454808 0.412398 2.33031 2 349.146 191.261 186.211 138.623
21 -0.408301 -0.221201 2.36148 2 364.796 328.715 194.558 238.248
22 -0.371206 -0.100343 2.36683 2 375.978 302.689 200.522 219.385
23 -0.301928 0.204349 2.54758 1 402.404 240.595 214.616 174.38
24 -0.326939 0.192346 2.51072 1 394.333 242.411 210.311 175.696
0
1
0.393297 -0.0726052 0.906865 -0.132819
0.381412 -0.0708631 0.911928 -0.133757
0.366586 -0.0771481 0.909793 -0.178714
0 0 0 0
-0.153038 0.799818 -0.430164 0.389654
-0.273423 0.210685 0.00678053 0.938512
0.124941 0.230533 0.0847286 0.961283
0.121183 0.248276 0.343063 0.897765
0.291415 0.815623 0.416312 0.276625
-0.147561 0.673155 0.32909 -0.645592
0.847579 0.519258 -0.0707729 0.0834991
0.590283 0.773825 0.209784 -0.093553
-0.347316 0.604909 -0.564636 0.441184
0.237696 0.421597 0.271748 0.831811
0.106266 0.944263 0.0711683 -0.303331
0 0 0 0
0.144432 0.621344 0.766747 -0.0718954
0.10619 0.350165 0.0991844 0.925349
-0.139848 -0.463015 0.0928941 0.870305
0 0 0 0
0.367698 -0.0726937 0.914077 -0.154843
0 0 0 0
0 0 0 0
0 0 0 0
0 0 0 0
