10875459
0 -0.393657 -0.151387 2.40332 2 371.143 313.135 197.943 226.956
1 -0.409211 0.134152 2.2955 2 361.132 251.581 192.604 182.343
2 -0.42235 0.411098 2.17533 2 349.813 185.131 186.567 134.181
3 -0.417305 0.536934 2.15901 2 350.219 154.589 186.784 112.044
4 -0.463505 0.28822 2.13839 2 334.28 212.723 178.282 154.179
5 -0.397459 0.0342082 2.10521 2 353.868 272.972 188.73 197.846
6 -0.556492 -0.0299045 2.30601 2 317.392 287.797 169.276 208.591
7 -0.558752 -0.0848761 2.30233 2 316.426 299.937 168.76 217.39
8 -0.322258 0.351387 2.42078 1 392.21 207.597 209.179 150.463
9 -0.249422 0.233113 2.58791 1 417.655 235.613 222.749 170.769
10 -0.239901 -0.0153946 2.641 1 421.522 284.159 224.812 205.954
11 -0.323202 -0.0501577 2.64712 1 399.981 290.8 213.323 210.768
12 -0.422141 -0.140288 2.33906 2 359.601 311.621 191.787 225.858
13 -0.41641 -0.557254 2.52594 2 370.041 393.388 197.355 285.122
14 -0.474399 -0.905481 2.73882 2 363.913 449.813 194.087 326.018
15 -0.391453 -0.933025 2.72517 2 384.411 455.803 205.019 330.36
16 -0.355174 -0.158313 2.3988 2 382.019 314.645 203.744 228.051
17 -0.294502 -0.46728 2.7122 2 409.105 368.604 218.189 267.159
18 -0.377959 -0.854502 2.88603 2 393.318 432.001 209.769 313.108
19 -0.279525 -0.824564 2.92394 1 417.847 424.712 222.852 307.826
20 -0.419506 0.343113 2.20756 2 352.776 202.26 188.147 146.595
21 -0.590354 -0.0976545 2.36879 2 311.875 302.157 166.333 218.999
22 -0.544608 -0.128479 2.27083 2 318.397 309.951 169.812 224.648
23 -0.316012 -0.0769607 2.65143 1 401.984 295.901 214.392 214.465
24 -0.333547 -0.0184144 2.59158 1 395.425 284.807 210.893 206.424
1
0
0.292604 -0.0780755 0.938902 -0.163556
0.395972 -0.0959115 0.9002 -0.153777
0.498799 -0.128845 0.838258 -0.178665
0 0 0 0
-0.19489 0.739048 -0.428742 0.48167
-0.141077 0.424869 -0.00311092 0.894189
0.465149 0.787532 -0.402785 -0.0345491
-0.0282473 0.975661 -0.0272455 0.215744
0.436104 0.612249 0.572237 0.327886
0.275243 0.751273 0.39003 0.455749
0.106659 0.978356 -0.000196196 -0.177323
-0.182756 0.763324 -0.523906 -0.330846
0.35318 -0.509026 0.673239 -0.403616
0.188521 0.867778 -0.0907012 -0.450771
0.257127 0.952354 -0.107343 -0.124037
0 0 0 0
0.0798356 0.744501 0.636905 -0.183565
0.0715988 0.337884 0.383587 0.856486
0.0446432 -0.242124 0.224567 0.942843
0 0 0 0
0.500472 -0.12086 0.84256 -0.158152
0 0 0 0
0 0 0 0
0 0 0 0
0 0 0 0
