10432743
0 -0.189282 -0.0735189 2.52206 2 432.381 295.952 230.603 214.502
1 -0.174901 0.20818 2.43889 2 434.646 238.022 231.811 172.515
2 -0.157568 0.482498 2.34363 2 437.591 176.735 233.382 128.095
3 -0.103461 0.604452 2.34731 2 453.514 150.336 241.874 108.961
4 -0.252645 0.340877 2.2611 2 406.972 204.778 217.052 148.42
5 -0.307016 0.095424 2.29031 2 391.722 260.116 208.918 188.528
6 -0.332164 -0.166685 2.36339 2 387.208 316.936 206.511 229.711
7 -0.33671 -0.23506 2.39105 2 386.978 331.029 206.389 239.925
8 -0.0916367 0.368412 2.54733 2 459.199 207.968 244.906 150.732
9 0.0233086 0.239992 2.64386 2 490.016 235.3 261.342 170.542
10 0.221552 0.206108 2.66745 2 541.07 242.114 288.57 175.481
11 0.317322 0.222105 2.66494 2 565.897 239.007 301.812 173.229
12 -0.216523 -0.0668155 2.4018 2 421.99 295.282 225.061 214.016
13 -0.289396 -0.461482 2.62054 2 407.82 370.551 217.504 268.57
14 -0.341259 -0.83241 2.83101 2 400.543 430.93 213.623 312.332
15 -0.265625 -0.878181 2.80996 2 418.526 440.388 223.214 319.187
16 -0.156802 -0.0781924 2.57227 2 442.073 296.58 235.772 214.957
17 -0.0779792 -0.419495 2.81681 2 464.903 356.636 247.948 258.485
18 -0.0743551 -0.738288 2.97609 2 466.708 407.239 248.911 295.161
19 -0.0107212 -0.781096 2.97503 2 481.467 414.655 256.783 300.536
20 -0.162216 0.415078 2.36965 2 436.791 192.402 232.955 139.451
21 -0.32953 -0.298509 2.41146 2 389.814 343.964 207.901 249.3
22 -0.301407 -0.219954 2.39433 2 397.305 327.742 211.896 237.543
23 0.375306 0.229807 2.6392 2 581.873 237.092 310.332 171.841
24 0.320169 0.259509 2.65 2 567.121 231.609 302.465 167.867
1
0
0.546748 -0.0583777 0.82464 -0.13277
0.508531 -0.0522554 0.848741 -0.135297
0.467002 -0.0581762 0.864524 -0.176415
0 0 0 0
-0.166939 0.730725 -0.489536 0.445564
0.0997922 0.891478 -0.0716706 0.436088
0.105298 0.47207 0.096563 0.869907
0.119116 0.471348 0.152208 0.860509
0.415188 0.706329 0.457221 0.345929
-0.288158 0.101742 0.303186 0.902603
-0.447974 0.483331 0.464385 0.591656
-0.54109 0.46755 0.538118 0.446148
0.408235 -0.502718 0.600405 -0.469182
0.226342 0.945717 -0.130544 -0.193253
0.233557 0.941174 -0.117289 -0.214211
0 0 0 0
0.388653 0.679783 0.556769 0.277221
-0.0313971 0.200144 0.315518 0.927041
0.030263 0.150171 0.227647 0.961618
0 0 0 0
0.469377 -0.0505165 0.867778 -0.155226
0 0 0 0
0 0 0 0
0 0 0 0
0 0 0 0
