10935227
0 -0.512971 -0.0911327 2.36759 2 334.521 300.746 178.411 217.977
1 -0.499251 0.169683 2.29363 2 333.778 243.652 178.015 176.595
2 -0.493222 0.422708 2.20064 2 328.979 183.474 175.455 132.98
3 -0.477019 0.546125 2.19136 2 333.266 154.261 177.742 111.806
4 -0.543655 0.280323 2.14698 2 308.923 214.799 164.759 155.683
5 -0.515805 0.0599575 2.12729 2 316.585 266.895 168.845 193.442
6 -0.609943 -0.176254 2.17303 2 289.888 322.477 154.607 233.727
7 -0.646942 -0.255783 2.1969 2 280.191 340.493 149.435 246.785
8 -0.420526 0.338917 2.42078 1 364.13 210.148 194.203 152.313
9 -0.490993 0.163056 2.2035 2 330.195 243.636 176.104 176.584
10 -0.537018 -0.0744592 2.19663 1 315.187 298.43 168.1 216.298
11 -0.532509 -0.0987442 2.25865 1 321.238 303.414 171.327 219.91
12 -0.53355 -0.090056 2.31352 2 324.819 300.976 173.237 218.143
13 -0.385657 -0.400326 2.45533 1 375.601 363.977 200.321 263.806
14 -0.431261 -0.809404 2.6886 2 372.883 434.61 198.871 315
15 -0.365654 -0.899343 2.68301 2 389.532 452.106 207.75 327.68
16 -0.480378 -0.0878341 2.3514 2 343.109 300.161 182.991 217.553
17 -0.444051 -0.463466 2.45412 2 358.983 377.193 191.458 273.385
18 -0.535256 -0.799242 2.76949 1 350.102 428.285 186.721 310.415
19 -0.433014 -0.859688 2.72221 2 373.771 442.184 199.344 320.489
20 -0.493546 0.359844 2.22593 2 330.746 199.012 176.398 144.241
21 -0.664733 -0.326324 2.20476 2 275.212 356.617 146.78 258.471
22 -0.636063 -0.312823 2.21243 2 285 353.213 152 256.004
23 -0.498489 -0.174866 2.2673 2 332.25 320.371 177.2 232.2
24 -0.594071 -0.126045 2.22964 2 299.86 309.953 159.925 224.65
1
1
0.297983 -0.0170686 0.944258 -0.138895
0.400792 -0.0323561 0.905418 -0.136148
0.507851 -0.0962498 0.840205 -0.163946
0 0 0 0
-0.170005 0.755212 -0.383632 0.503567
-0.071545 0.24333 -0.0276636 0.966906
0.207038 0.430687 -0.00072859 0.878432
0.248577 0.431329 0.0277428 0.86683
0.439731 0.651791 0.506561 0.353839
0.384922 -0.60836 -0.216367 0.659484
-0.0546128 0.894997 -0.0796625 -0.43549
0.527199 0.748568 -0.200412 -0.348629
0.353961 -0.541078 0.619689 -0.444896
0.262775 0.886861 0.117127 -0.361536
0.230849 0.926331 -0.119929 -0.272464
0 0 0 0
-0.0834062 0.634011 0.733604 -0.229999
0.0233562 0.480476 0.138736 0.86565
0.200857 0.255528 0.319598 0.890067
0 0 0 0
0.511767 -0.0761157 0.841988 -0.152832
0 0 0 0
0 0 0 0
0 0 0 0
0 0 0 0
