10703412
0 -0.122212 -0.0508803 2.48615 2 450.188 291.556 240.1 211.316
1 -0.120456 0.232679 2.40345 2 449.497 232.23 239.732 168.317
2 -0.120258 0.508249 2.30862 2 448.021 169.454 238.945 122.818
3 -0.0852304 0.631628 2.29908 2 458.338 141.507 244.447 102.562
4 -0.19575 0.363493 2.23791 2 423.696 198.87 225.971 144.138
5 -0.208539 0.143804 2.23861 2 419.9 248.707 223.947 180.259
6 -0.215693 -0.0497174 2.29376 2 419.318 292.174 223.636 211.764
7 -0.202887 -0.100249 2.3184 1 423.8 303.083 226.027 219.67
8 -0.0377935 0.423905 2.54007 1 473.711 196.651 252.646 142.53
9 -0.0379799 0.231497 2.60071 1 473.919 236.191 252.757 171.188
10 0.162679 0.261287 2.61118 1 526.801 230.574 280.96 167.117
11 0.252228 0.275094 2.61267 1 550.387 227.896 293.54 165.176
12 -0.150527 -0.0384238 2.36925 2 440.305 289.41 234.829 209.76
13 -0.234332 -0.454719 2.54764 2 420.557 371.74 224.297 269.432
14 -0.400009 -0.867305 2.72288 2 382.202 443.557 203.841 321.484
15 -0.332178 -0.923117 2.73517 2 399.819 453.264 213.237 328.52
16 -0.0912302 -0.0615795 2.52973 2 459.185 293.515 244.899 212.735
17 -0.0727504 -0.432212 2.78791 2 465.993 359.74 248.53 260.735
18 -0.0714928 -0.772932 2.92951 2 467.099 415.323 249.119 301.02
19 0.00528324 -0.799952 2.93926 2 485.199 419.584 258.773 304.109
20 -0.120277 0.440564 2.33447 2 448.449 185.506 239.173 134.452
21 -0.198844 -0.179296 2.34378 2 425.618 319.919 226.996 231.873
22 -0.219861 -0.136272 2.3364 2 419.253 310.721 223.601 225.207
23 0.29162 0.280954 2.61824 1 560.623 226.86 298.999 164.425
24 0.246548 0.250307 2.61609 1 548.792 232.774 292.689 168.711
1
0
0.531123 -0.0733297 0.835408 -0.120937
0.51136 -0.0704697 0.847649 -0.122626
0.488111 -0.0899349 0.853717 -0.157562
0 0 0 0
-0.170134 0.747207 -0.452642 0.455907
0.0209426 0.732885 -0.0202229 0.679729
-0.0389031 -0.396275 0.133917 0.907479
-0.191206 -0.375491 0.158914 0.892857
0.433808 0.644259 0.523753 0.349891
-0.00670011 -0.046584 0.151913 0.987273
0.708952 0.260982 0.265921 -0.5988
0.706628 0.247763 0.27723 -0.602025
0.420287 -0.498334 0.612263 -0.447389
0.174932 0.954595 -0.132252 -0.201637
0.185131 0.964891 -0.184549 -0.0255493
0 0 0 0
0.351101 0.722155 0.527863 0.276735
0.047634 0.218258 0.29631 0.928598
6.25113e-005 0.00902313 0.195671 0.980628
0 0 0 0
0.490402 -0.0788821 0.856774 -0.138645
0 0 0 0
0 0 0 0
0 0 0 0
0 0 0 0
