10694466
0 1.20527 0.240331 3.40874 2 728.927 245.267 388.761 177.766
1 1.20095 0.489002 3.2695 2 738.645 204.901 393.944 148.509
2 1.19198 0.732102 3.12044 2 748.964 161.44 399.447 117.01
3 1.21146 0.839586 3.04136 2 760.258 140.305 405.471 101.691
4 1.04856 0.660825 3.15832 2 714.137 174.465 380.873 126.45
5 0.985874 0.440837 3.2865 2 691.603 212.887 368.855 154.298
6 1.02101 0.21171 3.3327 2 695.919 248.869 371.157 180.377
7 1.03034 0.180383 3.35786 1 696.243 253.863 371.33 183.996
8 1.34986 0.614917 3.18732 2 777.765 182.723 414.808 132.435
9 1.46011 0.402591 3.28227 2 792.573 218.595 422.706 158.435
10 1.62079 0.246103 3.26414 2 828.294 242.737 441.757 175.932
11 1.65572 0.227949 3.1932 2 843.35 244.802 449.787 177.429
12 1.12453 0.241509 3.37634 2 714.586 244.763 381.113 177.401
13 1.1185 -0.0202126 3.53711 2 702.763 284.12 374.807 205.927
14 1.14445 -0.291271 3.72326 2 696.651 321.044 371.547 232.688
15 1.14148 -0.373815 3.62298 2 702.066 333.77 374.435 241.912
16 1.26308 0.234517 3.37634 2 743.263 245.783 396.407 178.14
17 1.28333 -0.0284323 3.49995 2 738.035 285.353 393.619 206.82
18 1.25914 -0.311727 3.6441 2 723.319 324.817 385.77 235.423
19 1.26426 -0.394478 3.57984 1 728.692 337.402 388.636 244.545
20 1.19507 0.672231 3.15961 2 746.337 172.606 398.047 125.103
21 1.03107 0.126764 3.38456 2 694.688 262.146 370.5 190
22 0.993249 0.174909 3.3402 2 689.62 254.561 367.797 184.502
23 1.71682 0.214767 3.19709 2 855.939 246.969 456.501 179
24 1.66897 0.263242 3.20427 2 844.931 239.315 450.63 173.452
1
0
-0.0138418 -0.00421131 0.967485 -0.252514
-0.00639553 -0.00615455 0.967563 -0.252474
-0.00225598 -0.0218193 0.958134 -0.28548
0 0 0 0
0.173618 0.707963 -0.656542 0.193899
0.201877 0.908889 -0.199399 -0.305625
-0.122435 -0.69448 0.0179273 0.708791
-0.317752 -0.675411 0.13882 0.650832
0.204758 0.804841 0.535591 -0.153124
-0.12582 0.390052 0.267813 0.871955
-0.351306 0.49129 0.169886 0.778689
0.598855 -0.579271 0.171725 -0.525669
-0.0330148 -0.638957 0.711114 -0.291481
-0.183213 -0.674102 0.201188 0.68669
-0.233233 -0.656343 0.186311 0.692895
0 0 0 0
-0.0191203 0.653193 0.675236 -0.342097
0.132296 0.703791 0.176344 0.675336
0.184493 0.649231 0.147038 0.723077
0 0 0 0
-0.000312632 -0.0142013 0.963655 -0.266772
0 0 0 0
0 0 0 0
0 0 0 0
0 0 0 0
