10874175
0 -0.129828 -0.0544196 2.48877 2 448.12 292.264 238.997 211.829
1 -0.17532 0.210263 2.37872 2 433.274 236.483 231.079 171.399
2 -0.219289 0.467208 2.25609 2 416.898 176.078 222.345 127.619
3 -0.204756 0.585512 2.2374 2 420.714 148.136 224.381 107.367
4 -0.279784 0.331523 2.21244 2 396.804 205.22 211.629 148.741
5 -0.267688 0.124309 2.18596 2 399.709 252.422 213.178 182.952
6 -0.248988 -0.130343 2.28055 2 408.865 310.137 218.061 224.783
7 -0.235803 -0.187145 2.31655 1 413.936 322.103 220.766 233.456
8 -0.120169 0.407326 2.50108 1 450.871 198.686 240.464 144.005
9 -0.0374065 0.311357 2.64534 2 474.232 221.649 252.924 160.648
10 0.167066 0.299839 2.5977 2 528.199 222.782 281.706 161.469
11 0.239287 0.299712 2.57272 2 547.968 222.214 292.25 161.058
12 -0.150846 -0.0444548 2.38902 2 440.575 290.618 234.973 210.636
13 -0.257628 -0.471935 2.52952 2 413.728 375.877 220.655 272.43
14 -0.429327 -0.876107 2.71385 2 374.356 445.789 199.656 323.102
15 -0.356179 -0.92564 2.70682 2 392.778 455.575 209.481 330.195
16 -0.105322 -0.0628631 2.51749 2 455.218 293.833 242.783 212.966
17 -0.0261266 -0.422235 2.77726 2 477.482 358.211 254.657 259.627
18 -0.014904 -0.73802 2.95707 2 480.477 408.005 256.254 295.717
19 0.0435936 -0.784795 2.96062 2 494.128 415.953 263.535 301.477
20 -0.20859 0.404138 2.28898 2 421.148 191.665 224.612 138.917
21 -0.224269 -0.261381 2.33495 2 417.856 337.899 222.857 244.905
22 -0.21139 -0.15408 2.31579 2 421.189 314.876 224.634 228.218
23 0.284749 0.291892 2.54302 2 561.043 223.064 299.223 161.674
24 0.271282 0.270777 2.5715 2 556.561 227.884 296.833 165.167
1
0
0.520462 -0.171072 0.827705 -0.121485
0.489613 -0.16648 0.846319 -0.127705
0.460046 -0.179644 0.852504 -0.171238
0 0 0 0
-0.151703 0.782683 -0.437867 0.415531
-0.0657409 0.717294 -0.023247 0.693273
0.0397099 0.398983 0.175551 0.899121
0.0225169 0.397007 0.291659 0.86995
0.432482 0.608322 0.565593 0.350727
-0.15282 0.180773 0.476187 0.846884
-0.634672 -0.119679 -0.264198 0.716287
-0.636718 -0.0813673 -0.306202 0.703001
0.456526 -0.51426 0.583293 -0.432307
0.132804 0.966874 -0.142107 -0.1653
0.178297 0.954994 -0.209478 -0.11098
0 0 0 0
0.325797 0.74172 0.533615 0.242824
-0.0236217 0.208352 0.317063 0.924934
0.0282646 0.166216 0.254773 0.952189
0 0 0 0
0.460993 -0.170469 0.857808 -0.150304
0 0 0 0
0 0 0 0
0 0 0 0
0 0 0 0
