10953276
0 1.19131 0.227093 3.40218 2 726.531 247.185 387.483 179.156
1 1.16681 0.474195 3.26386 2 731.781 207.099 390.283 150.102
2 1.13782 0.715237 3.11465 2 737.371 163.993 393.264 118.86
3 1.14483 0.810876 3.02981 2 746.094 144.585 397.917 104.793
4 0.998584 0.640656 3.1746 2 701.957 178.294 374.377 129.225
5 0.968523 0.421071 3.29855 2 687.15 216.206 366.48 156.703
6 1.00917 0.205558 3.34608 1 692.59 249.94 369.381 181.153
7 1.01759 0.166361 3.35748 2 693.61 255.989 369.926 185.538
8 1.30092 0.618848 3.16892 2 768.763 181.516 410.007 131.561
9 1.35924 0.392137 3.28471 2 771.008 220.272 411.204 159.65
10 1.37112 0.168347 3.31162 2 771.124 255.266 411.266 185.013
11 1.36788 0.12987 3.29569 2 771.83 261.099 411.643 189.241
12 1.10929 0.223783 3.37283 2 711.663 247.408 379.554 179.318
13 1.11798 -0.0277472 3.5202 2 703.721 285.224 375.318 206.727
14 1.14779 -0.300537 3.67665 2 700.013 322.839 373.34 233.99
15 1.13772 -0.382617 3.57734 2 704.147 335.701 375.545 243.311
16 1.25039 0.225982 3.3664 2 741.397 246.974 395.412 179.003
17 1.2759 -0.0453517 3.43318 2 741.508 287.947 395.471 208.7
18 1.30134 -0.325804 3.62567 2 732.685 327.033 390.766 237.029
19 1.40708 -0.330841 3.63553 2 752.321 327.642 401.238 237.471
20 1.14585 0.655923 3.15398 2 735.942 175.068 392.503 126.887
21 1.01606 0.0977351 3.38491 2 691.561 266.516 368.833 193.167
22 1.05143 0.147404 3.334 2 702.187 258.698 374.5 187.501
23 1.36507 0.0965861 3.30265 2 770.624 266.285 411 193
24 1.37269 0.135326 3.26069 2 775.964 260.028 413.847 188.464
1
1
-0.0264099 -0.0376908 0.966422 -0.252804
-0.0321138 -0.0361979 0.96625 -0.253022
-0.0395119 -0.0466647 0.955262 -0.289373
0 0 0 0
0.225135 0.727008 -0.63107 0.150081
0.212887 0.898826 -0.149413 -0.352799
0.0332078 0.802866 0.136777 0.579306
0.0523061 0.797764 0.164391 0.577765
0.200001 0.763588 0.586727 -0.180789
0.136604 0.827239 0.217475 0.499719
0.0514086 0.967143 0.0402749 0.245701
-0.181159 0.956285 -0.0811787 0.214734
-0.0380089 -0.663959 0.692509 -0.279547
-0.192654 -0.669076 0.177959 0.69538
-0.206771 -0.640394 0.159539 0.72228
0 0 0 0
-0.0203252 0.620117 0.701104 -0.351419
0.0562058 0.723643 0.115495 0.678117
-0.0430757 -0.0129685 0.295049 0.954423
0 0 0 0
-0.0386869 -0.0402409 0.961408 -0.269404
0 0 0 0
0 0 0 0
0 0 0 0
0 0 0 0
