9457973
0 -0.371162 -0.0629986 2.5333 2 383.124 293.805 204.333 212.946
1 -0.396426 0.241534 2.4864 2 374.108 231.962 199.524 168.123
2 -0.419217 0.536611 2.42793 2 364.623 168.809 194.465 122.35
3 -0.43667 0.65797 2.4422 2 360.209 144.003 192.111 104.371
4 -0.422662 0.402471 2.34641 2 359.597 194.072 191.785 140.661
5 -0.344772 0.209379 2.3127 2 381.284 235.329 203.352 170.563
6 -0.255379 -0.0430028 2.37559 2 410.042 290.369 218.689 210.456
7 -0.259078 -0.101871 2.41969 2 410.329 302.514 218.842 219.258
8 -0.38661 0.449252 2.64784 1 383.239 195.089 204.394 141.398
9 -0.285063 0.284908 2.43194 2 403.248 221.854 215.066 160.797
10 -0.277766 0.0518899 2.32956 2 401.953 269.938 214.375 195.647
11 -0.291542 0.00895393 2.36725 1 399.252 279.296 212.934 202.43
12 -0.375165 -0.062078 2.51281 2 381.198 293.723 203.306 212.886
13 -0.254548 -0.503555 2.6289 2 417.186 378.408 222.499 274.265
14 -0.299134 -0.889895 2.7734 2 409.275 444.696 218.28 322.31
15 -0.184223 -0.891379 2.77601 2 438.021 444.763 233.611 322.358
16 -0.357346 -0.0619173 2.48469 2 384.985 293.83 205.325 212.964
17 -0.42646 -0.411833 2.76347 2 377.539 356.832 201.354 258.627
18 -0.410356 -0.734449 2.90467 2 386.287 409.843 206.02 297.048
19 -0.310506 -0.790792 2.84843 2 408.572 422.486 217.905 306.212
20 -0.413942 0.464168 2.44463 2 367.033 184.733 195.751 133.892
21 -0.190868 -0.168491 2.42726 2 429.894 316.329 229.277 229.271
22 -0.237777 -0.0488057 2.45983 2 417.507 291.247 222.671 211.092
23 -0.255571 -0.0665217 2.37434 2 409.944 295.386 218.637 214.092
24 -0.258728 0.0547836 2.41567 2 410.315 269.737 218.834 195.501
1
1
-0.476217 0.000368905 0.875065 -0.0864773
0.039132 -0.0439716 0.995485 -0.0744644
0.6414 -0.10009 0.758027 -0.063115
0 0 0 0
-0.346439 0.677049 -0.338787 0.553902
-0.193969 0.664447 0.0681371 0.718501
-0.145905 0.151477 0.141038 0.967406
0.0510643 0.0741365 0.312602 0.945609
0.446618 0.549694 0.514057 0.483854
-0.298533 0.803044 0.356714 -0.372498
-0.038017 0.111783 -0.202432 0.972153
0.139631 0.0370359 0.339405 0.929481
0.468463 -0.540889 0.550069 -0.430588
-0.159473 -0.27334 0.083969 0.944883
0.178184 0.982489 -0.0514528 0.0178512
0 0 0 0
-0.393192 0.529893 0.596738 -0.456637
0.335891 0.893243 0.0264675 0.297646
0.0437372 0.314791 0.20129 0.92654
0 0 0 0
0.642257 -0.08922 0.759916 -0.0455428
0 0 0 0
0 0 0 0
0 0 0 0
0 0 0 0
