9433942
0 1.01948 0.124821 3.30261 2 697.517 261.97 372.009 189.872
1 1.0769 0.42655 3.26066 2 712.744 214.528 380.13 155.487
2 1.1281 0.720352 3.20456 2 728.121 166.483 388.331 120.665
3 1.24301 0.816018 3.19581 2 753.791 150.861 402.022 109.342
4 0.95355 0.636669 3.11981 2 695.751 177.154 371.067 128.398
5 0.840404 0.449627 3.0626 2 673.802 206.471 359.361 149.647
6 0.730978 0.342677 3.21236 1 641.069 227.013 341.903 164.536
7 0.720839 0.335723 3.20492 2 639.232 227.996 340.924 165.248
8 1.24168 0.607897 3.2959 1 745.262 187.074 397.473 135.589
9 1.32654 0.495796 3.44271 1 751.187 207.716 400.633 150.55
10 1.20784 0.353449 3.54989 1 719.651 230.459 383.814 167.033
11 1.16967 0.306525 3.58922 1 709.591 237.7 378.449 172.282
12 0.948642 0.133017 3.2396 2 686.442 260.318 366.103 188.675
13 0.913038 -0.150576 3.25031 2 678.129 304.774 361.669 220.896
14 0.902228 -0.383107 3.54656 2 659.753 336.14 351.868 243.63
15 0.964636 -0.467994 3.43749 1 678.105 350.521 361.656 254.053
16 1.06925 0.113396 3.29597 2 708.5 263.688 377.867 191.117
17 1.17896 -0.073471 3.43708 2 721.497 292.104 384.798 211.713
18 1.20613 -0.283682 3.71246 2 708.881 320.139 378.07 232.032
19 1.26635 -0.36967 3.60392 1 727.436 333.512 387.966 241.725
20 1.11641 0.64811 3.22097 2 724.3 178.54 386.293 129.403
21 0.688886 0.338986 3.21418 2 631.875 227.65 337 164.998
22 0.721946 0.303097 3.17475 2 640.94 232.713 341.835 168.667
23 1.15662 0.256029 3.61675 1 705.315 245.154 376.168 177.685
24 1.11959 0.316056 3.54009 1 702.873 235.736 374.866 170.858
1
0
0.20657 0.0770276 0.971595 -0.08602
0.233253 0.0746291 0.965536 -0.088109
0.25444 0.047674 0.95754 -0.126901
0 0 0 0
0.107892 -0.67102 0.67718 -0.281992
0.129376 0.575567 -0.263416 0.76328
0.466898 0.835923 -0.179574 0.225817
-0.132667 0.80351 -0.490328 0.310401
0.229548 0.786484 0.560815 0.119319
0.404409 0.880524 0.246407 0.0203711
0.0643997 0.764921 -0.404257 -0.497317
0.0882589 0.756023 -0.408689 -0.503601
0.182521 -0.600599 0.71397 -0.310185
0.0327064 -0.682038 0.0563274 0.728411
0.361054 0.760103 -0.24709 -0.480448
0 0 0 0
-0.00706692 0.775886 0.623713 -0.0945117
0.00493336 0.579325 0.372361 0.725055
0.208344 0.495581 0.3926 0.746229
0 0 0 0
0.257812 0.0613836 0.958273 -0.107133
0 0 0 0
0 0 0 0
0 0 0 0
0 0 0 0
