9419364
0 0.970034 0.299029 3.51624 2 674.674 237.949 359.826 172.462
1 0.950418 0.563556 3.37058 2 679.137 196.049 362.206 142.093
2 0.927651 0.818746 3.22134 2 683.578 151.564 364.575 109.852
3 0.876117 0.924399 3.16088 2 676.162 131.982 360.62 95.6587
4 0.81464 0.793202 3.39054 2 650.305 162.024 346.83 117.433
5 0.810913 0.552133 3.54567 2 642.002 202.026 342.401 146.426
6 0.80812 0.34449 3.59964 2 638.923 232.601 340.759 168.586
7 0.803939 0.296041 3.60403 2 637.901 239.497 340.214 173.584
8 1.04476 0.713979 3.16522 2 712.833 166.115 380.178 120.398
9 1.15078 0.526082 3.17511 2 735.269 196.671 392.144 142.544
10 1.05122 0.310119 3.23112 2 709.23 232.308 378.256 168.374
11 1.02588 0.261271 3.24674 2 702.657 240.225 374.751 174.112
12 0.904287 0.308999 3.52173 2 661.366 236.602 352.729 171.486
13 0.958328 0.023416 3.6606 2 664.777 277.96 354.548 201.461
14 1.04707 -0.262787 3.79259 2 674.794 316.454 359.89 229.362
15 0.95464 -0.356665 3.70969 2 661.776 330.097 352.947 239.25
16 1.01042 0.284997 3.44074 2 687.084 239.051 366.445 173.261
17 1.12991 0.0160698 3.50962 2 706.766 278.879 376.942 202.128
18 1.29816 -0.276661 3.70363 2 726.784 319.292 387.618 231.418
19 1.20348 -0.370411 3.62143 2 714.119 333.338 380.864 241.599
20 0.932392 0.756264 3.26067 2 682.108 162.945 363.791 118.1
21 0.807906 0.236016 3.62456 2 637.755 248.149 340.136 179.855
22 0.81603 0.274486 3.56454 2 641.968 242.101 342.383 175.471
23 0.999397 0.208332 3.26674 2 695.619 248.743 370.997 180.286
24 1.00778 0.246501 3.18535 2 702.937 241.797 374.9 175.251
1
3
-0.319213 0.0503767 0.913876 -0.245757
-0.34838 0.0582384 0.90316 -0.244013
-0.373597 0.0769256 0.884713 -0.267939
0 0 0 0
-0.451673 -0.615694 0.631727 0.133543
0.194786 0.678961 -0.204032 -0.677821
0.121446 0.932559 0.0370316 0.337955
0.0569758 0.937482 -0.024858 0.342438
-0.0795614 0.671708 0.596509 -0.432037
0.0538475 0.960025 0.249196 -0.115561
0.127636 0.969525 -0.204294 0.0446657
0.151821 0.961862 -0.223572 0.0422879
-0.221403 -0.637387 0.725046 -0.137939
-0.171791 -0.408948 0.164944 0.880933
-0.208622 -0.367874 0.139397 0.895385
0 0 0 0
-0.242816 0.585291 0.600154 -0.48815
0.0290379 0.89573 0.232926 0.377586
0.16423 0.872044 0.311704 0.339719
0 0 0 0
-0.378812 0.0616903 0.888482 -0.251587
0 0 0 0
0 0 0 0
0 0 0 0
0 0 0 0
