9371668
0 -0.0348117 0.0275302 2.62025 2 474.832 275.901 253.244 199.969
1 -0.0254176 0.300345 2.53607 2 477.064 221.279 254.434 160.38
2 -0.0151176 0.565946 2.44006 2 479.682 163.448 255.83 118.465
3 0.0270519 0.682075 2.4321 2 491.644 138.583 262.21 100.443
4 -0.111356 0.422865 2.37148 2 451.607 190.816 240.857 138.301
5 -0.176646 0.183781 2.39602 2 433.269 242.405 231.077 175.692
6 -0.19111 -0.0786269 2.46161 2 430.601 297.364 229.654 215.525
7 -0.197667 -0.145742 2.49068 2 429.401 310.81 229.014 225.271
8 0.0970119 0.484559 2.67017 2 508.987 189.213 271.46 137.139
9 0.299227 0.463395 2.78823 2 557.922 196.923 297.558 142.727
10 0.486218 0.475141 2.84695 2 601.824 196.454 320.973 142.387
11 0.580671 0.479396 2.88825 2 622.813 196.854 332.167 142.677
12 -0.0640423 0.0204608 2.51333 2 466.456 277.096 248.776 200.836
13 -0.134449 -0.39055 2.65712 2 449.127 355.66 239.534 257.777
14 -0.302623 -0.80399 2.85031 2 410.527 424.763 218.948 307.863
15 -0.232559 -0.868886 2.82207 2 426.931 437.99 227.697 317.449
16 -0.00437868 0.0335827 2.6569 2 482.825 274.823 257.507 199.188
17 0.0346686 -0.364508 2.89462 2 492.195 344.947 262.504 250.013
18 0.00381194 -0.707514 3.03712 2 484.823 399.493 258.572 289.547
19 0.0884277 -0.739273 3.03222 2 504.088 405.055 268.847 293.578
20 -0.0177415 0.500701 2.46623 2 478.998 178.229 255.465 129.178
21 -0.195134 -0.213168 2.51897 2 430.687 324.032 229.7 234.854
22 -0.165031 -0.132507 2.4884 2 438.377 308.14 233.801 223.336
23 0.638933 0.460272 2.90355 2 635.994 200.617 339.197 145.405
24 0.61008 0.515737 2.87717 2 630.492 190.057 336.262 137.751
1
0
0.541504 -0.0677062 0.827217 -0.133795
0.492395 -0.0597971 0.857357 -0.137512
0.439934 -0.0679272 0.877609 -0.177897
0 0 0 0
-0.131695 0.751128 -0.479982 0.433682
0.0874218 0.943754 -0.111206 0.298862
0.0882146 0.532703 0.0884891 0.837028
0.146951 0.524109 0.146411 0.826002
0.415066 0.672072 0.541585 0.287619
-0.490414 0.167113 0.463126 0.719084
-0.356403 0.469801 0.634734 0.499377
-0.320081 0.445497 0.646663 0.530008
0.379465 -0.550155 0.569369 -0.478701
0.146874 0.964016 -0.111926 -0.191243
0.156119 0.932431 -0.224907 -0.235829
0 0 0 0
0.389522 0.62495 0.64132 0.215447
0.0143105 0.206507 0.268377 0.94081
0.0590416 0.0851654 0.190677 0.976168
0 0 0 0
0.442406 -0.0584896 0.880967 -0.157331
0 0 0 0
0 0 0 0
0 0 0 0
0 0 0 0
