9442104
0 -0.389376 -0.157602 2.45075 2 374.543 313.798 199.756 227.437
1 -0.335488 0.128977 2.35774 2 386.019 253.505 205.877 183.737
2 -0.286641 0.406053 2.25436 2 396.259 189.795 211.338 137.561
3 -0.205455 0.506835 2.24703 2 420.844 166.644 224.45 120.782
4 -0.358519 0.265562 2.18169 2 370.673 219.465 197.692 159.065
5 -0.406158 0.0632139 2.16412 2 354.638 266.4 189.14 193.083
6 -0.460197 -0.144521 2.20973 2 340.326 314.402 181.507 227.874
7 -0.494843 -0.222074 2.25482 2 332.487 331.231 177.327 240.072
8 -0.217747 0.283682 2.47811 1 423.491 223.245 225.862 161.805
9 -0.442012 0.146633 2.55114 1 364.6 252.075 194.453 182.7
10 -0.469418 -0.0448412 2.34226 2 345.814 290.921 184.434 210.856
11 -0.461252 -0.116538 2.31869 2 346.82 306.707 184.971 222.297
12 -0.418854 -0.13965 2.37677 2 362.544 310.998 193.357 225.407
13 -0.298207 -0.475143 2.5447 2 403.13 375.977 215.002 272.503
14 -0.446168 -0.836138 2.81616 2 374.264 432.479 199.607 313.455
15 -0.328083 -0.85627 2.77544 2 402.127 438.365 214.468 317.721
16 -0.350101 -0.171158 2.45509 2 385.789 316.526 205.754 229.414
17 -0.36936 -0.537521 2.59322 2 385.614 386.523 205.661 280.146
18 -0.254037 -0.888171 2.8064 2 421.297 442.416 224.692 320.657
19 -0.168923 -0.901738 2.7867 2 441.996 446.035 235.731 323.28
20 -0.299005 0.33814 2.28236 2 393.665 206.074 209.955 149.359
21 -0.530045 -0.296791 2.25326 2 321.438 348.173 171.434 252.351
22 -0.446553 -0.175313 2.29445 2 349.771 319.975 186.545 231.914
23 -0.462017 -0.180382 2.29309 2 345.009 321.129 184.005 232.75
24 -0.415579 -0.0922309 2.2622 2 357.383 301.882 190.604 218.8
1
1
0.335868 0.0313829 0.924848 -0.175684
0.416249 0.0157417 0.891564 -0.177769
0.495165 -0.0241571 0.843005 -0.208734
0 0 0 0
-0.188381 0.701457 -0.448172 0.521165
0.0562045 0.670127 -0.108981 0.732048
0.143644 0.200915 0.07773 0.965897
0.235907 0.194012 0.202778 0.93037
0.420307 0.721026 0.445994 0.323347
0.481577 0.473759 -0.129916 0.725781
-0.343905 0.833375 -0.213146 0.376543
-0.165789 0.893975 -0.016984 0.415973
0.317631 -0.44715 0.713483 -0.436016
0.246307 0.946628 0.116975 -0.171884
0.278297 0.928763 -0.206848 -0.131008
0 0 0 0
0.126949 0.808844 0.567123 -0.089594
0.100086 0.425901 0.150653 0.886507
-0.0922328 0.171842 0.283177 0.939028
0 0 0 0
0.498785 -0.0155202 0.845807 -0.188636
0 0 0 0
0 0 0 0
0 0 0 0
0 0 0 0
