9365708
0 1.14731 0.283317 3.40476 2 717.336 238.803 382.579 173.081
1 1.15193 0.560913 3.27468 2 727.839 193.826 388.181 140.482
2 1.15154 0.831879 3.1346 2 738.82 145.731 394.037 105.624
3 1.11748 0.950066 3.08832 2 734.97 124.174 391.984 90
4 1.01762 0.778327 3.25726 2 700.565 159.301 373.634 115.459
5 0.9587 0.56347 3.34444 2 682.404 195.384 363.949 141.612
6 0.853493 0.381533 3.26793 2 664.496 221.824 354.398 160.775
7 0.82837 0.322315 3.22513 2 661.444 230.393 352.77 166.986
8 1.27725 0.712363 3.09793 2 769.974 163.827 410.653 118.74
9 1.3056 0.492463 3.11678 2 774.565 200.55 413.102 145.356
10 1.2066 0.300584 3.06072 2 757.342 231.096 403.916 167.495
11 1.15422 0.233272 3.04761 2 746.505 242.165 398.136 175.518
12 1.07358 0.296503 3.40316 2 702.315 236.834 374.568 171.654
13 1.08589 0.0141801 3.55495 2 695.244 279.18 370.797 202.346
14 1.137 -0.287692 3.73904 2 694.352 320.384 370.321 232.21
15 1.06307 -0.385172 3.63691 2 686.177 335.126 365.961 242.894
16 1.19824 0.264759 3.33938 2 732.6 240.784 390.72 174.517
17 1.29651 -0.0207553 3.47613 2 742.442 284.256 395.969 206.025
18 1.38638 -0.283984 3.66055 2 746.511 320.786 398.139 232.501
19 1.31027 -0.381501 3.55917 2 739.147 335.886 394.212 243.445
20 1.15247 0.765187 3.17155 2 736.037 158.052 392.553 114.554
21 0.814261 0.280825 3.21821 2 658.748 236.852 351.332 171.667
22 0.811335 0.340368 3.19042 2 659.686 226.963 351.833 164.5
23 1.12387 0.178634 3.04205 2 740 251.264 394.666 182.113
24 1.12842 0.22195 3.00367 2 744.374 243.519 396.999 176.5
3
3
-0.248876 0.0628835 0.943805 -0.20818
-0.263708 0.0661542 0.939768 -0.207164
-0.279403 0.0662021 0.926969 -0.241413
0 0 0 0
0.338261 0.674868 -0.653116 -0.0597707
0.00231524 -0.537225 0.225731 0.812668
-0.258772 0.883551 -0.162204 -0.355056
-0.335275 0.887068 -0.0659641 -0.310401
-0.0408241 0.733519 0.571887 -0.365004
0.0242803 0.962331 0.0727756 0.260833
-0.197625 0.91272 -0.175674 -0.311487
-0.187308 0.884575 -0.273673 -0.327942
-0.15978 -0.624733 0.749985 -0.147313
-0.138634 -0.482623 0.20179 0.840914
-0.195823 -0.468329 0.197885 0.838548
0 0 0 0
-0.202924 0.653627 0.591241 -0.426647
0.118538 0.855394 0.235108 0.446065
0.192536 0.837387 0.261837 0.439493
0 0 0 0
-0.279201 0.0676473 0.931872 -0.221553
0 0 0 0
0 0 0 0
0 0 0 0
0 0 0 0
