9447852
0 -0.323312 -0.111354 2.39498 2 391.065 304.753 208.568 220.881
1 -0.358069 0.139925 2.27923 2 375.777 250.103 200.414 181.271
2 -0.385547 0.386122 2.14891 2 360.069 189.912 192.037 137.646
3 -0.365181 0.502591 2.1241 2 365.087 160.828 194.713 116.566
4 -0.442407 0.272999 2.1301 2 340.591 216.112 181.649 156.635
5 -0.358866 0.0215841 2.12566 2 367.702 276.066 196.107 200.089
6 -0.246994 -0.194463 2.23737 2 407.997 325.218 217.599 235.713
7 -0.222385 -0.272345 2.295 2 417.261 341.315 222.539 247.38
8 -0.316095 0.263654 2.37284 1 392.213 224.901 209.18 163.005
9 -0.236792 0.0703711 2.5412 1 419.903 267.203 223.948 193.665
10 -0.136253 -0.0654167 2.64596 1 448.58 293.709 239.243 212.876
11 -0.0794874 -0.0935644 2.66735 1 463.487 298.941 247.193 216.668
12 -0.343876 -0.10172 2.32463 2 382.135 303.374 203.806 219.881
13 -0.353481 -0.409801 2.46876 1 385.205 365.455 205.443 264.877
14 -0.307966 -0.795379 2.74457 2 406.328 428.742 216.708 310.746
15 -0.241436 -0.869387 2.76452 2 423.508 441.384 225.871 319.909
16 -0.293773 -0.115763 2.37831 2 398.982 305.851 212.79 221.676
17 -0.302627 -0.55168 2.54235 2 401.781 391.444 214.283 283.713
18 -0.256882 -0.830016 2.87963 2 422.259 427.903 225.205 310.138
19 -0.172932 -0.868278 2.82229 2 441.562 437.843 235.5 317.343
20 -0.379048 0.326053 2.18407 2 364.22 205.421 194.251 148.886
21 -0.160365 -0.336985 2.32652 2 436.503 354.587 232.802 257
22 -0.282648 -0.265253 2.31556 2 399.906 339.253 213.283 245.886
23 -0.0824373 -0.100952 2.67848 1 462.815 300.262 246.834 217.626
24 -0.0740302 -0.0883654 2.63577 1 464.664 298.156 247.821 216.1
0
0
0.316557 -0.129583 0.922162 -0.180603
0.363644 -0.138715 0.904629 -0.173687
0.412066 -0.155053 0.871695 -0.215191
0 0 0 0
-0.119131 0.787503 -0.465883 0.385486
-0.10035 0.800376 0.124521 0.577774
-0.29596 -0.435548 0.0943841 0.844866
-0.26487 -0.467628 0.200705 0.819076
0.423323 0.725008 0.413756 0.352089
-0.100953 0.15402 0.360035 0.914583
0.15816 0.845857 0.36533 0.355029
0.0061492 0.792106 0.538057 0.28814
0.411006 -0.500949 0.629474 -0.428821
0.190704 0.885252 -0.104513 -0.411143
0.307904 0.926674 -0.0197596 -0.214661
0 0 0 0
-0.0255007 0.668069 0.659469 -0.343707
0.111917 0.572028 0.139987 0.800414
0.0927685 0.312488 0.418178 0.847864
0 0 0 0
0.413864 -0.14591 0.878453 -0.189067
0 0 0 0
0 0 0 0
0 0 0 0
0 0 0 0
