9470472
0 1.26103 0.302982 3.4745 2 735.486 236.74 392.259 171.586
1 1.27515 0.575342 3.34039 2 748.73 193.303 399.323 140.103
2 1.28733 0.841153 3.19737 2 763.246 146.925 407.064 106.489
3 1.34169 0.948816 3.13331 2 780.742 126.77 416.396 91.881
4 1.13238 0.773333 3.22813 2 727.278 158.934 387.881 115.194
5 1.02746 0.564874 3.39796 2 693.363 196.495 369.794 142.417
6 0.990336 0.357035 3.47202 2 681.24 228.874 363.328 165.885
7 0.993546 0.31101 3.48911 2 680.878 235.851 363.135 170.942
8 1.44919 0.726299 3.26358 2 791.92 167.637 422.357 121.501
9 1.53511 0.529808 3.34402 2 802.382 200.343 427.937 145.206
10 1.66553 0.317379 3.27762 2 836.227 231.815 445.988 168.016
11 1.7057 0.263553 3.2214 2 850.813 239.5 453.767 173.586
12 1.18093 0.30496 3.43868 2 721.853 236.005 384.988 171.053
13 1.11899 -0.0107357 3.56815 2 700.936 282.743 373.832 204.928
14 1.10396 -0.269511 3.77206 2 686.369 317.573 366.063 230.173
15 1.1748 -0.304199 3.82813 2 696.311 321.672 371.366 233.144
16 1.3173 0.295044 3.44328 2 749.197 237.496 399.572 172.134
17 1.36198 0.0327001 3.5741 2 748.098 276.544 398.986 200.435
18 1.36872 -0.249112 3.76676 2 735.76 314.934 392.405 228.26
19 1.45996 -0.298828 3.76563 2 752.777 321.699 401.481 233.163
20 1.28508 0.775752 3.235 2 759.544 158.794 405.09 115.092
21 0.987832 0.252162 3.51952 2 677.999 244.762 361.599 177.4
22 0.962057 0.289358 3.49373 2 674.317 239.08 359.636 173.282
23 1.74208 0.219889 3.17229 2 864.169 245.896 460.89 178.222
24 1.68994 0.221857 3.20047 2 849.84 245.865 453.248 178.2
1
0
0.0043502 0.0228519 0.973687 -0.226698
0.0124486 0.0209656 0.973617 -0.22688
0.0177018 0.0106709 0.965853 -0.258263
0 0 0 0
0.151093 0.688349 -0.685025 0.184626
0.195492 0.829372 -0.317268 -0.416253
-0.0336617 -0.589756 0.18549 0.785269
-0.131688 -0.585247 0.12219 0.790704
0.197024 0.790776 0.564696 -0.13028
-0.0488652 0.570949 0.262073 0.776497
-0.146618 -0.526252 -0.258376 0.796746
-0.0489987 -0.437441 -0.43628 0.784796
-0.00741344 -0.635206 0.714992 -0.291969
0.0741045 0.703667 -0.198339 -0.67825
0.327011 0.933055 0.0272386 0.147411
0 0 0 0
-0.044868 0.678179 0.660888 -0.318256
0.109863 0.699287 0.21352 0.673303
0.0363288 0.150506 0.293253 0.943414
0 0 0 0
0.0199728 0.0176334 0.970422 -0.239941
0 0 0 0
0 0 0 0
0 0 0 0
0 0 0 0
