9399236
0 -0.355835 -0.032094 2.5711 2 388.733 287.531 207.324 208.398
1 -0.353249 0.246159 2.47196 2 385.538 230.745 205.62 167.241
2 -0.348756 0.516246 2.36043 2 381.899 170.045 203.679 123.246
3 -0.346538 0.638801 2.35194 2 382.028 142.95 203.748 103.608
4 -0.40711 0.397878 2.34913 2 364.337 195.185 194.313 141.468
5 -0.257196 0.161918 2.30667 2 407.253 245.677 217.202 178.064
6 -0.224669 -0.093589 2.39518 2 419.472 300.977 223.719 218.144
7 -0.225472 -0.156617 2.40253 2 419.423 314.196 223.692 227.725
8 -0.261625 0.332058 2.27788 2 404.827 207.308 215.908 150.254
9 -0.182016 0.149695 2.32049 2 430.033 248.577 229.351 180.165
10 -0.337966 0.313207 2.46303 1 389.418 216.741 207.689 157.091
11 -0.383433 0.381917 2.58591 1 381.724 206.28 203.586 149.509
12 -0.401309 -0.0231811 2.52271 2 374.444 285.866 199.704 207.191
13 -0.249616 -0.444466 2.66964 2 419.528 365.629 223.748 265.003
14 -0.383398 -0.83444 2.97041 2 394.666 424.212 210.488 307.463
15 -0.424182 -0.892409 2.90836 1 382.966 437.555 204.248 317.134
16 -0.300578 -0.0401929 2.54933 2 402.872 289.189 214.865 209.6
17 -0.288979 -0.479593 2.70821 2 410.393 371.048 218.876 268.931
18 -0.246796 -0.853049 2.84724 2 423.988 433.739 226.127 314.368
19 -0.287837 -0.916762 2.76054 2 411.741 450.462 219.595 326.488
20 -0.350206 0.449959 2.39053 2 382.853 185.622 204.188 134.536
21 -0.196445 -0.220347 2.42273 2 428.19 327.239 228.368 237.179
22 -0.187974 -0.224588 2.41 2 430.314 328.373 229.501 238
23 -0.378257 0.364616 2.58901 1 383.245 209.775 204.397 152.042
24 -0.392202 0.398937 2.55235 1 377.976 201.886 201.587 146.324
0
1
0.0927222 -0.0116016 0.981011 -0.169958
0.0325008 -0.00117676 0.984847 -0.170349
-0.0422304 0.0193104 0.976415 -0.21085
0 0 0 0
-0.212505 0.884585 -0.396746 0.122245
-0.283697 0.410112 0.0476859 0.865477
0.125839 0.898386 0.122844 0.402463
0.0555208 0.910005 0.018088 0.410464
-0.278875 0.887487 0.323369 -0.173287
0.198243 0.822998 0.112337 -0.52034
0.0627754 -0.303522 0.895587 0.319152
-0.0485548 -0.206828 0.85432 0.474344
0.20079 -0.56254 0.725397 -0.342099
0.200094 0.9342 0.113917 -0.272499
-0.0698216 -0.548198 0.336226 0.762598
0 0 0 0
-0.0200917 0.709038 0.657296 -0.254604
0.100701 0.630015 0.140704 0.757062
0.118967 0.824671 0.140959 0.534691
0 0 0 0
-0.0428316 0.0152925 0.981037 -0.188411
0 0 0 0
0 0 0 0
0 0 0 0
0 0 0 0
