9372442
0 0.97636 0.304736 3.48397 2 677.727 236.708 361.454 171.562
1 0.95474 0.567591 3.35387 2 681.021 195.003 363.211 141.335
2 0.928938 0.82331 3.21316 2 684.373 150.504 364.999 109.083
3 0.867296 0.937262 3.15602 2 674.525 129.669 359.747 93.982
4 0.811867 0.796255 3.3614 2 651.191 160.518 347.302 116.341
5 0.790856 0.633487 3.51256 2 639.608 189.466 341.124 137.322
6 0.797601 0.360979 3.61458 2 636.265 230.487 339.341 167.054
7 0.779344 0.306947 3.62411 2 632.331 238.209 337.243 172.651
8 1.0423 0.717668 3.14911 2 713.471 164.924 380.518 119.535
9 1.00667 0.486946 3.08638 2 709.943 200.772 378.636 145.517
10 0.808966 0.43276 2.99508 2 670.79 207.664 357.755 150.512
11 0.714818 0.421869 2.9294 2 652.62 207.964 348.064 150.729
12 0.916339 0.310465 3.49328 2 665.229 236.017 354.789 171.062
13 0.938456 0.0179444 3.63824 2 662.092 278.704 353.116 202.001
14 1.02758 -0.272519 3.80801 2 670.448 317.605 357.572 230.196
15 0.936944 -0.366883 3.72206 2 657.874 331.323 350.866 240.139
16 1.01712 0.293075 3.40636 2 690.53 237.411 368.283 172.072
17 1.10987 0.00678985 3.5047 2 703.086 280.224 374.979 203.103
18 1.22597 -0.299705 3.7147 2 712.482 322.32 379.99 233.613
19 1.13351 -0.39381 3.62931 1 700.16 336.484 373.419 243.879
20 0.936104 0.760457 3.25036 2 683.541 161.904 364.555 117.346
21 0.781633 0.248366 3.64521 2 631.875 246.625 337 178.75
22 0.80117 0.282447 3.61908 2 636.717 241.582 339.582 175.095
23 0.679061 0.425036 2.89948 2 645.798 206.67 344.425 149.792
24 0.710048 0.475551 2.92829 2 651.605 198.588 347.523 143.934
1
3
-0.33919 0.0438301 0.912058 -0.226229
-0.356479 0.0481258 0.90544 -0.225354
-0.371327 0.0546259 0.889014 -0.262272
0 0 0 0
-0.422151 -0.620871 0.65331 0.0974335
0.265548 0.753629 -0.254435 -0.544784
0.10043 0.606019 0.14758 0.775161
0.178432 0.597726 -0.0309802 0.780978
-0.104903 0.666595 0.590778 -0.442298
-0.115719 0.97244 -0.0969322 0.177688
-0.499295 0.686521 -0.36052 -0.386547
-0.582365 0.670227 -0.337081 -0.313086
-0.225469 -0.664921 0.704355 -0.104537
-0.126466 -0.405716 0.192418 0.88452
-0.224652 -0.384418 0.179582 0.877214
0 0 0 0
-0.254326 0.579729 0.607774 -0.479419
0.0885695 0.89956 0.200071 0.378046
0.199976 0.868689 0.257516 0.372928
0 0 0 0
-0.372957 0.0531749 0.894359 -0.241241
0 0 0 0
0 0 0 0
0 0 0 0
0 0 0 0
