9442355
0 1.40562 0.398959 3.62796 2 752.625 225.098 401.4 163.148
1 1.45447 0.614027 3.43189 2 777.979 189.873 414.922 137.617
2 1.50344 0.821384 3.23193 2 806.319 151.614 430.037 109.888
3 1.52108 0.919002 3.1395 2 819.199 132.168 436.906 95.7933
4 1.32509 0.812702 3.27742 2 764.433 154.629 407.698 112.073
5 1.22191 0.628453 3.39892 2 733.255 186.861 391.069 135.434
6 1.26561 0.366916 3.38798 2 742.933 225.963 396.231 163.775
7 1.29054 0.342215 3.42864 2 744.906 230.293 397.283 166.913
8 1.62653 0.704315 3.29405 2 826.041 172.211 440.555 124.816
9 1.65945 0.513275 3.37961 2 824.376 203.731 439.667 147.661
10 1.70473 0.304111 3.29959 2 842.042 234.205 449.089 169.749
11 1.69333 0.240358 3.22265 2 848.073 243.179 452.306 176.253
12 1.32288 0.415862 3.59823 2 738.816 222.256 394.035 161.088
13 1.20967 0.115989 3.69781 2 710.399 265.234 378.879 192.238
14 1.22078 -0.16224 3.95476 2 697.517 302.096 372.009 218.955
15 1.1564 -0.251432 3.96919 2 685.432 313.446 365.564 227.181
16 1.46276 0.374856 3.59174 2 766.435 227.943 408.765 165.21
17 1.47637 0.0768994 3.60589 2 767.906 270.327 409.55 195.93
18 1.50739 -0.224707 3.79269 2 759.559 311.442 405.098 225.729
19 1.56054 -0.308382 3.71893 2 775.034 323.537 413.351 234.495
20 1.49183 0.768328 3.28093 2 799.215 161.735 426.248 117.223
21 1.31361 0.299092 3.43526 2 749.072 236.792 399.505 171.624
22 1.27989 0.3428 3.3699 2 747.283 229.313 398.551 166.203
23 1.68081 0.187184 3.1709 2 851.246 251.112 453.998 182.003
24 1.71744 0.248564 3.18545 2 857.38 241.442 457.269 174.994
0
0
-0.0741083 0.117226 0.926773 -0.349081
-0.0680882 0.114957 0.927235 -0.349835
-0.0633102 0.109811 0.926628 -0.353968
0 0 0 0
-0.28689 -0.56338 0.73909 -0.232474
0.16705 0.874404 -0.306545 -0.33696
-0.042126 0.959771 0.0740328 0.267552
0.3806 0.837517 0.35385 0.168818
0.229148 0.794913 0.483426 -0.286188
0.080548 0.656657 0.2067 0.720825
-0.205457 0.868593 0.00744017 0.450865
-0.363042 0.828755 -0.226384 0.360715
-0.16086 -0.541252 0.754002 -0.335636
0.0568208 -0.549921 0.223732 0.802685
-0.128102 -0.289347 0.34121 0.885124
0 0 0 0
-0.0213768 0.705917 0.575961 -0.411695
0.00195479 0.73437 0.0328424 0.677951
0.11123 0.525292 0.253317 0.804691
0 0 0 0
-0.0617254 0.117116 0.921062 -0.366222
0 0 0 0
0 0 0 0
0 0 0 0
0 0 0 0
