9371094
0 -0.0624027 0.0259272 2.60787 2 467.522 276.186 249.345 200.176
1 -0.0707625 0.293328 2.51941 2 464.64 222.291 247.808 161.114
2 -0.0784155 0.552898 2.41945 2 461.595 165.188 246.184 119.726
3 -0.0397558 0.673067 2.41152 2 472.563 139.271 252.034 100.942
4 -0.157689 0.403938 2.3507 2 437.742 194.099 233.463 140.68
5 -0.201481 0.180845 2.36829 2 425.456 242.572 226.91 175.813
6 -0.200183 -0.0310995 2.42511 2 427.228 287.696 227.855 208.518
7 -0.201275 -0.114872 2.45452 2 427.591 304.882 228.049 220.975
8 0.0360974 0.472007 2.66127 2 493.299 191.316 263.093 138.663
9 0.209163 0.451546 2.77118 2 535.948 198.62 285.839 143.957
10 0.4014 0.458143 2.8174 2 582.209 198.692 310.511 144.009
11 0.491274 0.483419 2.84024 2 603.347 194.762 321.785 141.161
12 -0.0872696 0.0142964 2.50875 2 460.064 278.331 245.367 201.73
13 -0.150821 -0.398571 2.6495 2 444.767 357.419 237.209 259.052
14 -0.315648 -0.80992 2.85453 2 407.472 425.623 217.318 308.486
15 -0.242899 -0.868846 2.82841 2 424.529 437.632 226.415 317.19
16 -0.0351 0.0368763 2.63732 2 474.816 274.144 253.235 198.696
17 0.0135845 -0.354619 2.88278 2 487.198 343.468 259.839 248.941
18 0.00096742 -0.698894 3.02872 2 484.177 398.367 258.228 288.731
19 0.0835137 -0.743169 2.96905 2 503.378 408.385 268.468 295.992
20 -0.0766133 0.489222 2.44656 2 462.371 179.783 246.598 130.304
21 -0.197469 -0.177297 2.45464 2 428.645 317.754 228.611 230.304
22 -0.17113 -0.158256 2.44975 2 435.939 313.886 232.501 227.501
23 0.554533 0.478536 2.86088 2 617.809 196.214 329.498 142.213
24 0.508747 0.509147 2.80077 2 609.397 188.833 325.012 136.864
1
0
0.54872 -0.100877 0.820608 -0.123827
0.50474 -0.0942151 0.848368 -0.128968
0.457487 -0.105065 0.866367 -0.170515
0 0 0 0
-0.156244 0.763205 -0.44117 0.445505
0.0718239 0.923602 -0.0752711 0.368964
0.0779637 0.609773 0.104802 0.781739
0.108089 0.605259 0.128785 0.77807
0.40878 0.660693 0.545429 0.314469
-0.426918 0.230021 0.517772 0.7048
-0.212032 0.597941 0.686816 0.354672
-0.237067 0.516939 0.758476 0.318256
-0.401278 0.58091 -0.531442 0.468069
0.146549 0.968219 -0.101044 -0.175685
0.172803 0.934431 -0.221169 -0.219231
0 0 0 0
0.386585 0.577122 0.694314 0.188172
0.00168986 0.192406 0.280546 0.940357
0.0852016 0.339971 0.18071 0.918969
0 0 0 0
0.459504 -0.0952282 0.87024 -0.1499
0 0 0 0
0 0 0 0
0 0 0 0
0 0 0 0
