9420855
0 -0.290437 -0.0665198 2.4348 2 401.916 295.037 214.355 213.839
1 -0.301318 0.20818 2.36319 2 396.191 236.591 211.302 171.478
2 -0.312981 0.474525 2.2806 2 389.209 175.505 207.578 127.204
3 -0.318611 0.60148 2.2921 2 387.833 147.681 206.845 107.037
4 -0.235748 0.291055 2.17815 1 409.42 213.496 218.357 154.739
5 -0.194727 0.0944809 2.21607 2 423.553 259.645 225.895 188.187
6 -0.150008 -0.141897 2.32668 2 439.644 312.055 234.477 226.173
7 -0.150963 -0.210075 2.38443 2 440.426 325.785 234.894 236.125
8 -0.23446 0.359495 2.52695 1 420.063 209.122 224.034 151.569
9 -0.16569 0.202416 2.29272 2 434.262 236.538 231.607 171.439
10 -0.184627 -0.0178575 2.24997 2 427.564 285.224 228.034 206.727
11 -0.183605 -0.0498436 2.27582 1 428.512 292.286 228.54 211.845
12 -0.293259 -0.0634259 2.41063 2 400.284 294.527 213.485 213.469
13 -0.199599 -0.473283 2.60716 2 431.193 373.274 229.97 270.544
14 -0.265201 -0.882246 2.80645 2 418.546 441.333 223.225 319.872
15 -0.181711 -0.887298 2.80011 2 439.043 442.591 234.157 320.784
16 -0.289469 -0.0687485 2.3932 2 400.764 295.75 213.741 214.355
17 -0.16178 -0.349248 2.5347 2 440.027 350.995 234.681 254.396
18 -0.320722 -0.709926 2.80738 2 405.008 409.804 216.004 297.021
19 -0.251148 -0.793974 2.79995 2 421.929 425.506 225.029 308.401
20 -0.310165 0.409134 2.30339 2 391.074 191.054 208.573 138.474
21 -0.0963794 -0.276641 2.41994 2 456.566 339.064 243.502 245.749
22 -0.202534 -0.219237 2.37875 2 425.394 327.858 226.877 237.627
23 -0.178303 -0.0904624 2.28436 2 430.311 301.238 229.499 218.333
24 -0.2153 -0.0298932 2.25883 2 418.438 287.905 223.167 208.669
1
1
-0.627907 0.0655231 0.767599 -0.110599
-0.0706502 -0.0102071 0.989183 -0.128145
0.772166 -0.143484 0.612786 -0.0875558
0 0 0 0
-0.389971 0.508353 -0.181907 0.745929
-0.0115937 0.668272 0.137503 0.731006
-0.20602 -0.63574 0.105792 0.736341
-0.227886 -0.633083 0.258007 0.69333
0.385028 0.646514 0.498847 0.430028
-0.320382 0.74719 0.356083 -0.460725
0.0936785 -0.638154 -0.046084 0.762798
-0.217138 -0.584971 0.253194 0.739292
0.482302 -0.480715 0.574844 -0.453709
-0.124916 -0.0952882 0.20694 0.965656
0.220639 0.971574 -0.0803087 -0.0302031
0 0 0 0
-0.474714 0.5129 0.497902 -0.513491
-0.156597 0.163982 0.248833 0.941631
0.242487 0.216038 0.254801 0.910826
0 0 0 0
0.774357 -0.125977 0.615774 -0.0729559
0 0 0 0
0 0 0 0
0 0 0 0
0 0 0 0
