9450528
0 -0.325618 -0.117474 2.37309 2 389.532 306.278 207.75 221.986
1 -0.313267 0.144328 2.2769 2 389.261 249.107 207.606 180.55
2 -0.295922 0.397561 2.16583 2 389.692 188.022 207.836 136.276
3 -0.255336 0.514032 2.15609 2 402.148 160.022 214.479 115.982
4 -0.364778 0.273027 2.12619 2 365.649 216.051 195.013 156.591
5 -0.279161 0.0658569 2.1523 2 394.728 265.721 210.521 192.591
6 -0.208133 -0.13148 2.24964 2 420.344 310.781 224.183 225.25
7 -0.172175 -0.214969 2.29162 2 432.286 328.683 230.552 238.225
8 -0.226871 0.275045 2.38964 1 418.617 222.921 223.262 161.57
9 -0.239567 0.106141 2.15365 1 407.452 256.269 217.308 185.74
10 -0.206007 0.0168154 2.40035 1 424.973 277.668 226.652 201.25
11 -0.186585 -0.0743705 2.67591 1 436.043 295.264 232.556 214.003
12 -0.349712 -0.127744 2.28378 2 378.529 309.549 201.882 224.357
13 -0.269761 -0.506581 2.53011 2 410.402 382.851 218.881 277.485
14 -0.291629 -0.872366 2.79621 2 411.763 440.124 219.607 318.996
15 -0.206944 -0.890117 2.77262 2 432.29 444.74 230.555 322.341
16 -0.293604 -0.106237 2.3902 2 399.457 303.709 213.044 220.124
17 -0.2465 -0.572431 2.46624 1 414.944 399.141 221.303 289.292
18 -0.171963 -0.792551 2.87639 2 442.636 421.347 236.072 305.387
19 -0.162025 -0.871023 2.82365 2 444.255 438.263 236.936 317.647
20 -0.301489 0.334743 2.19496 2 389.267 203.848 207.609 147.746
21 -0.115993 -0.269899 2.31094 2 449.432 340.325 239.697 246.663
22 -0.237208 -0.222242 2.29389 2 412.802 330.266 220.161 239.372
23 -0.183617 -0.078115 2.67984 2 436.875 295.95 233 214.5
24 -0.187564 -0.0811156 2.65825 2 435.47 296.641 232.251 215.001
0
1
0.509427 -0.071344 0.842231 -0.161371
0.481881 -0.0660799 0.858289 -0.163597
0.450622 -0.0627995 0.865502 -0.209531
0 0 0 0
-0.132234 0.753508 -0.454964 0.455793
-0.108887 0.636211 0.170737 0.744464
-0.256636 -0.556889 0.0860626 0.785242
-0.279234 -0.549815 0.0715791 0.78397
0.421449 0.726085 0.429822 0.332317
0.317047 -0.580956 -0.329779 0.673214
0.5553 0.753065 -0.150965 -0.318975
0.558161 0.752795 -0.178126 -0.300046
-0.374434 0.564476 -0.551926 0.486358
0.29488 0.924005 0.0167726 -0.242857
0.301032 0.938573 -0.0743014 -0.151456
0 0 0 0
0.320991 0.591492 0.738114 0.0478527
0.0276839 0.748864 0.0905024 0.655931
0.288712 0.598166 0.427995 0.612914
0 0 0 0
0.450589 -0.0670381 0.8692 -0.192266
0 0 0 0
0 0 0 0
0 0 0 0
0 0 0 0
