9381845
0 1.23 0.236069 3.39637 2 734.915 245.768 391.955 178.13
1 1.27891 0.506151 3.25641 2 756.37 201.877 403.397 146.318
2 1.32069 0.772821 3.10844 2 778.64 154.322 415.275 111.85
3 1.41871 0.84963 3.0576 2 805.375 139.568 429.533 101.157
4 1.13549 0.719164 3.11912 2 736.488 163.518 392.794 118.516
5 1.0165 0.577625 3.22581 2 702.286 189.917 374.553 137.649
6 1.01984 0.289229 3.2712 2 699.731 236.181 373.19 171.181
7 1.02684 0.254593 3.30116 1 699.216 241.937 372.915 175.353
8 1.4696 0.643252 3.21775 2 800.696 179.194 427.038 129.877
9 1.60278 0.5065 3.29719 2 821.003 202.835 437.868 147.012
10 1.6834 0.308298 3.2634 2 841.488 233.029 448.794 168.896
11 1.66044 0.263878 3.21936 2 841.458 239.404 448.778 173.517
12 1.1488 0.243338 3.36113 2 720.687 244.312 384.367 177.074
13 1.07784 -0.0271042 3.50276 2 696.819 285.15 371.637 206.673
14 1.06193 -0.277408 3.71963 2 681.366 319.158 363.395 231.321
15 1.12556 -0.322614 3.79723 2 689.009 324.459 367.471 235.163
16 1.28713 0.224839 3.3655 2 749.092 247.13 399.516 179.117
17 1.3363 -0.020273 3.48639 2 749.65 284.177 399.813 205.967
18 1.34343 -0.279741 3.67086 2 737.591 320.074 393.382 231.985
19 1.47858 -0.314268 3.68712 2 762.066 324.708 406.435 235.344
20 1.31159 0.706928 3.14697 2 773.085 166.539 412.312 120.705
21 1.03119 0.215432 3.31269 2 699.361 248.097 372.993 179.817
22 0.984241 0.261146 3.29241 2 690.762 240.834 368.407 174.553
23 1.6991 0.186283 3.2153 2 850.138 251.669 453.407 182.406
24 1.64864 0.226638 3.15686 2 845.892 244.598 451.142 177.282
1
0
0.00278172 0.0812581 0.968656 -0.234724
0.0450552 0.0709363 0.967611 -0.238047
0.0809278 0.0393211 0.960237 -0.264289
0 0 0 0
-0.12693 -0.64533 0.719808 -0.222068
0.180655 0.877539 -0.3686 -0.247837
-0.053536 -0.627531 0.0569763 0.774657
-0.281218 -0.590776 0.217008 0.724436
0.271059 0.81797 0.503922 -0.0592765
-0.00282203 0.779548 0.411441 0.472243
-0.081225 0.978476 0.189539 0.00785588
-0.392712 0.894004 -0.11165 -0.184575
-0.034561 -0.608191 0.734661 -0.298635
0.085381 0.690059 -0.247534 -0.674726
0.346719 0.915804 0.0483217 0.196858
0 0 0 0
-0.0537818 0.701037 0.641791 -0.3062
0.102235 0.710774 0.21956 0.66041
-0.00301152 0.0273484 0.30428 0.952185
0 0 0 0
0.0851521 0.0513172 0.962992 -0.250524
0 0 0 0
0 0 0 0
0 0 0 0
0 0 0 0
