9446472
0 1.19237 0.41409 3.6863 2 707.948 223.97 377.572 162.33
1 1.16812 0.678613 3.55591 2 711.655 183.873 379.549 133.269
2 1.13949 0.936955 3.41675 2 715.303 141.233 381.495 102.364
3 1.10663 1.05301 3.35854 2 712.548 121.152 380.026 87.8093
4 1.00614 0.894013 3.55094 2 680.35 152.8 362.853 110.747
5 1.00199 0.694761 3.69953 2 671.442 185.552 358.102 134.485
6 1.00881 0.465387 3.65617 2 674.802 216.425 359.894 156.862
7 1.02358 0.42729 3.65311 2 677.757 221.68 361.47 160.67
8 1.27764 0.834247 3.38322 2 745.947 155.33 397.839 112.581
9 1.42998 0.639901 3.47543 2 769.406 187.217 410.35 135.692
10 1.39483 0.424979 3.4887 2 761.264 219.038 406.007 158.756
11 1.36995 0.3934 3.50402 2 755.086 223.919 402.713 162.293
12 1.12052 0.418884 3.68595 2 694.36 223.332 370.326 161.868
13 1.15626 0.118243 3.8312 2 692.701 265.503 369.44 192.433
14 1.22498 -0.145547 3.98933 2 696.38 299.783 371.402 217.279
15 1.1747 -0.249767 3.98206 2 687.983 313.132 366.924 226.954
16 1.24136 0.401741 3.6195 2 721.57 224.625 384.837 162.805
17 1.32567 0.0701932 3.66908 2 734.289 271.457 391.621 196.748
18 1.42142 -0.224737 3.79818 2 743.349 311.389 396.453 225.691
19 1.34708 -0.323798 3.69875 2 736.368 325.856 392.73 236.176
20 1.14738 0.873393 3.45345 2 714.396 152.134 381.011 110.265
21 1.02808 0.371759 3.64999 2 678.749 229.379 361.999 166.251
22 1.05382 0.428522 3.61326 2 685.755 220.828 365.736 160.053
23 1.35659 0.349825 3.51378 2 751.662 230.413 400.886 167
24 1.33753 0.412071 3.49955 2 748.979 221.129 399.456 160.272
0
1
-0.251994 0.0179654 0.939929 -0.229585
-0.268098 0.0219054 0.935463 -0.229243
-0.283303 0.0227138 0.922101 -0.26259
0 0 0 0
0.377257 0.661698 -0.646004 -0.0501113
0.223266 0.69108 -0.222232 -0.650518
-0.0898408 0.888432 -0.0290029 0.449196
-0.122345 0.858686 0.141958 0.47701
-0.00708623 0.701792 0.609987 -0.367904
0.128418 0.916613 0.338901 0.168747
0.0534947 -0.514253 0.0678913 0.853272
0.156324 -0.506873 0.329433 0.7811
-0.164264 -0.664906 0.711552 -0.156879
-0.157901 -0.48404 0.165573 0.844605
-0.192684 -0.311609 0.210574 0.906329
0 0 0 0
-0.191517 0.607399 0.624177 -0.452538
0.0027953 0.862781 0.142926 0.484948
0.111348 0.866235 0.220368 0.434369
0 0 0 0
-0.28421 0.0237756 0.927247 -0.242637
0 0 0 0
0 0 0 0
0 0 0 0
0 0 0 0
