9373246
0 0.972904 0.303953 3.48451 2 677.005 236.831 361.069 171.652
1 0.955061 0.566937 3.35486 2 681.028 195.128 363.215 141.426
2 0.93534 0.822749 3.21535 2 685.622 150.679 365.665 109.21
3 0.881022 0.935665 3.15303 2 677.734 129.776 361.458 94.06
4 0.812061 0.797032 3.36041 2 651.282 160.364 347.35 116.229
5 0.785402 0.609419 3.5069 2 638.758 192.824 340.671 139.756
6 0.746103 0.363078 3.5647 2 628.377 229.495 335.135 166.335
7 0.733078 0.300098 3.57388 2 625.439 238.592 333.568 172.928
8 1.04776 0.719259 3.15451 2 714.281 164.864 380.95 119.491
9 1.02127 0.459302 3.12657 2 710.249 206.322 378.8 149.54
10 0.783989 0.411958 2.94636 2 667.982 210.055 356.257 152.245
11 0.742574 0.414602 2.94416 2 658.323 209.573 351.105 151.896
12 0.912367 0.309613 3.49127 2 664.542 236.117 354.422 171.134
13 0.932728 0.0257836 3.62664 2 661.567 277.598 352.836 201.199
14 1.02064 -0.276375 3.79374 2 669.883 318.258 357.271 230.669
15 0.931957 -0.371128 3.70522 2 657.737 332.134 350.793 240.726
16 1.01398 0.292087 3.40819 2 689.774 237.584 367.88 172.197
17 1.10926 -0.000782416 3.4986 2 703.348 281.325 375.119 203.9
18 1.23846 -0.284354 3.69814 2 715.87 320.393 381.797 232.217
19 1.14778 -0.379019 3.61022 1 704.067 334.696 375.502 242.583
20 0.940711 0.759814 3.2522 2 684.414 162.07 365.021 117.466
21 0.738746 0.237676 3.60888 2 625.119 247.791 333.397 179.596
22 0.751871 0.312202 3.53689 2 630.626 236.396 336.334 171.337
23 0.650992 0.436575 2.91724 2 638.123 205.132 340.332 148.677
24 0.77127 0.437878 2.90915 2 667.337 204.6 355.913 148.292
1
0
-0.327985 0.0470047 0.916549 -0.223953
-0.344928 0.0511504 0.910308 -0.223043
-0.358818 0.0618261 0.895306 -0.25662
0 0 0 0
-0.410883 -0.619525 0.662763 0.0900562
-0.175228 -0.637662 0.278654 0.696444
0.137438 0.776309 0.0100508 0.615104
0.118739 0.773714 -0.0342035 0.621368
-0.101929 0.670653 0.595705 -0.430082
-0.0345899 0.946066 -0.0648025 0.315537
-0.464765 0.75222 -0.453355 -0.112373
0.318313 -0.63055 0.656121 0.265685
-0.209119 -0.663234 0.708897 -0.117705
-0.124042 -0.41623 0.185094 0.881536
-0.217129 -0.394382 0.169809 0.876632
0 0 0 0
-0.253396 0.585271 0.606603 -0.474638
0.071741 0.897132 0.196559 0.389064
0.189713 0.862727 0.284315 0.37266
0 0 0 0
-0.360631 0.0585318 0.900203 -0.236966
0 0 0 0
0 0 0 0
0 0 0 0
0 0 0 0
