9461782
0 -0.414293 -0.0161678 2.61553 2 374.916 284.342 199.955 206.087
1 -0.449579 0.284622 2.57223 2 363.46 225.077 193.845 163.132
2 -0.48251 0.576197 2.51901 2 351.493 164.811 187.463 119.453
3 -0.495177 0.690117 2.52356 2 348.098 141.883 185.652 102.835
4 -0.39767 0.442486 2.39825 2 369.482 187.482 197.057 135.884
5 -0.34594 0.223032 2.41028 2 385.118 234.321 205.396 169.832
6 -0.264409 0.0143201 2.46784 2 410.292 278.275 218.822 201.69
7 -0.235089 -0.0650191 2.50771 2 419.515 294.326 223.741 213.323
8 -0.449794 0.488876 2.73897 1 370.605 190.554 197.656 138.111
9 -0.363521 0.281834 2.55687 2 386.023 225.34 205.879 163.323
10 -0.342412 0.0236071 2.44641 1 387.651 276.325 206.747 200.277
11 -0.329941 -0.00109021 2.48269 1 392.532 281.433 209.35 203.979
12 -0.410941 -0.00323746 2.59546 2 374.962 281.843 199.98 204.276
13 -0.272004 -0.455209 2.66376 2 413.576 367.882 220.574 266.636
14 -0.322206 -0.918486 2.78571 2 403.845 449.254 215.384 325.613
15 -0.202401 -0.892993 2.76323 2 433.25 445.834 231.066 323.135
16 -0.408063 -0.029128 2.56577 2 374.469 286.962 199.717 207.986
17 -0.438972 -0.413749 2.8111 2 376.273 355.897 200.679 257.949
18 -0.437774 -0.830459 2.94911 2 381.236 424.6 203.326 307.744
19 -0.327409 -0.844863 2.87057 2 405.037 431.065 216.02 312.43
20 -0.474766 0.504492 2.53429 2 354.513 179.996 189.074 130.459
21 -0.188484 -0.126874 2.53023 2 432.757 306.571 230.804 222.199
22 -0.278785 -0.0468553 2.49335 2 407.072 290.719 217.105 210.709
23 -0.322727 -0.0468046 2.48722 2 394.698 290.736 210.505 210.722
24 -0.375868 0.00124204 2.44944 2 378.336 280.954 201.779 203.632
1
1
0.762487 -0.0171626 -0.640477 0.0900504
0.99518 -0.0730437 0.034846 0.0553917
0.781478 -0.114785 0.612859 -0.0228152
0 0 0 0
-0.509007 0.479283 -0.237915 0.674237
-0.0302593 0.877622 0.114513 0.464491
-0.220448 -0.625297 -0.0179567 0.748388
-0.26842 -0.629157 0.060934 0.726911
0.38336 0.483799 0.561493 0.551089
-0.242205 0.842379 0.288127 -0.385639
0.0677538 -0.492791 -0.192349 0.845913
-0.400517 -0.537809 0.262608 0.693819
0.758008 -0.370911 0.439996 -0.307004
-0.140174 0.0900947 0.0856296 0.982294
0.124505 0.988703 -0.0600103 -0.0579963
0 0 0 0
-0.375559 0.558749 0.483589 -0.559371
0.275119 0.955318 -0.061056 -0.0891584
0.0474137 0.302133 0.152011 0.939873
0 0 0 0
0.781782 -0.101606 0.615164 -0.00820755
0 0 0 0
0 0 0 0
0 0 0 0
0 0 0 0
