9369561
0 -0.260396 -0.0187366 2.51924 2 412.896 284.973 220.211 206.545
1 -0.282903 0.239716 2.42487 2 403.655 231.141 215.283 167.528
2 -0.301836 0.489917 2.31754 2 394.043 173.82 210.156 125.982
3 -0.289901 0.61015 2.30265 2 396.906 146.393 211.683 106.104
4 -0.336816 0.366528 2.28106 2 382.121 199.665 203.798 144.714
5 -0.277051 0.137342 2.24083 2 398.891 250.18 212.742 181.327
6 -0.217532 0.329244 2.19537 2 415.703 205.194 221.708 148.722
7 -0.263461 0.358126 2.25952 1 403.597 200.831 215.252 145.559
8 -0.210515 0.326498 2.24497 1 419.377 207.508 223.668 150.399
9 -0.189701 0.340685 2.50012 2 431.727 212.188 230.254 153.791
10 -0.0939054 0.353531 2.74483 2 460.421 216.01 245.558 156.561
11 -0.0411713 0.359267 2.91487 2 474.242 218.831 252.929 158.606
12 -0.307197 -0.0343358 2.45791 2 397.991 288.281 212.262 208.942
13 -0.27859 -0.472426 2.63225 2 410.987 372.264 219.193 269.812
14 -0.344511 -0.84157 2.85372 2 400.417 431.376 213.556 312.656
15 -0.265932 -0.874727 2.81865 2 418.657 439.263 223.284 318.372
16 -0.199658 -0.00279814 2.50258 2 429.131 281.776 228.87 204.227
17 -0.22181 -0.42189 2.59108 2 424.982 363.752 226.657 263.643
18 -0.105648 -0.717386 2.98144 2 459.497 403.426 245.065 292.398
19 -0.183414 -0.782757 2.90394 2 440.31 418.279 234.832 303.163
20 -0.297594 0.42871 2.34659 2 396.48 188.481 211.456 136.608
21 -0.267978 0.373723 2.25919 2 402.189 197.3 214.501 143
22 -0.268746 0.352764 2.2196 2 400.502 200.602 213.601 145.394
23 -0.0426767 0.36668 2.92009 2 473.904 217.654 252.749 157.753
24 -0.0100292 0.361255 2.88183 2 481.563 217.765 256.834 157.833
1
1
0.21407 -0.0782355 0.960353 -0.160549
0.130453 -0.0640986 0.975236 -0.166698
0.0190321 -0.0363151 0.97492 -0.218748
0 0 0 0
-0.334325 0.894495 -0.26929 0.124854
-0.0417634 0.940216 0.145838 -0.304928
-0.388407 0.179412 0.90273 -0.0450449
-0.17768 -0.426481 0.80019 0.382413
-0.300466 0.890195 0.325926 -0.1051
-0.0242745 0.032956 0.726 0.686475
0.380832 0.551537 0.615938 0.413998
0.399148 0.540474 0.597311 0.437936
-0.240646 0.668146 -0.585664 0.390728
0.175388 0.829863 -0.0743506 -0.524442
0.23724 0.931932 -0.141083 -0.235191
0 0 0 0
0.0398481 0.583424 0.788084 -0.192229
0.100715 0.826816 0.0360323 0.552208
0.345443 0.814303 0.295023 0.361304
0 0 0 0
0.0179943 -0.0401078 0.980016 -0.194
0 0 0 0
0 0 0 0
0 0 0 0
0 0 0 0
