9416314
0 1.01739 0.314636 3.48526 2 685.875 235.261 365.8 170.514
1 0.981799 0.574775 3.35257 2 686.733 193.857 366.258 140.505
2 0.942863 0.828328 3.20909 2 687.655 149.528 366.749 108.376
3 0.88926 0.947964 3.15989 2 679.132 128.111 362.203 92.8527
4 0.842995 0.79496 3.37874 2 656.734 161.317 350.258 116.92
5 0.826076 0.576814 3.54095 2 645.215 198.354 344.115 143.764
6 0.792737 0.336436 3.64263 2 634.14 234.309 338.208 169.824
7 0.784012 0.303548 3.68025 2 630.929 239.338 336.496 173.469
8 1.02835 0.732175 3.1229 2 712.309 161.573 379.898 117.106
9 0.980998 0.527604 3.03832 2 707.686 192.668 377.432 139.643
10 0.74612 0.402134 2.97398 2 657.377 212.433 350.601 153.968
11 0.650672 0.378336 2.95611 2 635.948 216.179 339.172 156.684
12 0.96787 0.319378 3.49886 2 675.21 234.771 360.112 170.159
13 0.980205 0.0372821 3.64296 2 669.847 276.008 357.252 200.047
14 1.04897 -0.256007 3.79043 2 675.25 315.565 360.134 228.717
15 0.945857 -0.346392 3.72087 2 659.587 328.54 351.779 238.121
16 1.04603 0.30367 3.40258 2 696.7 235.764 371.574 170.878
17 1.15948 0.0202039 3.49942 2 713.328 278.27 380.442 201.686
18 1.31756 -0.279991 3.69702 2 730.891 319.825 389.808 231.805
19 1.21205 -0.37016 3.62824 2 715.334 333.208 381.511 241.504
20 0.953217 0.76598 3.24701 2 687.426 160.898 366.627 116.616
21 0.781485 0.262955 3.69906 2 629.683 245.129 335.831 177.666
22 0.808057 0.273206 3.6672 2 635.997 243.384 339.199 176.401
23 0.586222 0.346403 2.9197 2 622.5 220.97 332 160.156
24 0.616525 0.386103 2.91175 2 630.142 213.844 336.076 154.991
0
0
-0.411509 0.042054 0.879087 -0.236852
-0.428808 0.0467285 0.870779 -0.235974
-0.441662 0.0581704 0.853167 -0.271399
0 0 0 0
0.459152 0.628755 -0.610216 -0.146568
-0.165894 -0.580008 0.26836 0.751034
0.199679 0.807999 0.0578306 0.551291
0.393905 0.760548 0.143672 0.495746
-0.200809 0.600291 0.588398 -0.503104
-0.190634 0.975597 -0.108686 0.00756187
-0.286625 0.811625 -0.434566 -0.265072
-0.315016 0.738924 -0.530802 -0.270196
-0.272083 -0.669798 0.686987 -0.0734204
-0.100395 -0.33941 0.212115 0.910895
-0.177096 -0.330738 0.177237 0.909855
0 0 0 0
-0.300055 0.539964 0.589739 -0.520205
0.0929919 0.925025 0.221073 0.294633
0.187123 0.891856 0.287561 0.294765
0 0 0 0
-0.444443 0.0544087 0.85819 -0.251037
0 0 0 0
0 0 0 0
0 0 0 0
0 0 0 0
