9462349
0 1.33546 0.402343 3.62109 2 739.615 224.533 394.461 162.738
1 1.33306 0.662217 3.48955 2 748.944 184.346 399.437 133.611
2 1.32652 0.91341 3.34666 2 758.91 141.895 404.752 102.844
3 1.30501 1.03784 3.27948 2 759.876 119.743 405.267 86.7879
4 1.19904 0.88708 3.47564 2 723.263 150.932 385.74 109.393
5 1.1861 0.675319 3.66637 2 708.155 187.28 377.683 135.738
6 1.15891 0.474738 3.73813 2 698.598 216.51 372.586 156.924
7 1.17203 0.436364 3.75684 1 699.933 222.04 373.298 160.932
8 1.44792 0.799867 3.30893 2 787.417 157.854 419.956 114.41
9 1.50499 0.561193 3.39225 2 791.728 196.761 422.255 142.61
10 1.498 0.355776 3.45494 2 784.753 228.642 418.535 165.717
11 1.46584 0.301225 3.47499 2 776.571 236.963 414.171 171.748
12 1.26496 0.40973 3.61964 2 726.12 223.492 387.264 161.984
13 1.265 0.130997 3.7787 2 715.742 263.549 381.729 191.016
14 1.33025 -0.135701 3.99467 2 714.507 298.517 381.071 216.361
15 1.24037 -0.214111 3.99047 2 699.03 308.53 372.816 223.618
16 1.38139 0.387477 3.55606 2 753.335 225.61 401.778 163.519
17 1.41957 0.107278 3.65405 2 753.29 266.234 401.755 192.962
18 1.45396 -0.207886 3.87906 2 743.755 308.544 396.669 223.629
19 1.54431 -0.289076 3.76233 2 768.653 320.425 409.948 232.24
20 1.32869 0.851825 3.3846 2 756.301 152.731 403.361 110.698
21 1.16256 0.387101 3.75214 2 698.417 228.664 372.489 165.733
22 1.15842 0.438278 3.76173 2 697.125 221.864 371.8 160.804
23 1.46048 0.227903 3.49786 2 773.571 247.955 412.571 179.714
24 1.43039 0.318553 3.46106 2 770.623 234.233 410.999 169.769
1
1
-0.250987 0.0558155 0.939734 -0.225367
-0.280404 0.0628724 0.93138 -0.223501
-0.308713 0.0726581 0.911164 -0.263055
0 0 0 0
-0.384687 -0.622701 0.678694 0.0602866
-0.20729 -0.589285 0.293078 0.723795
0.0595977 -0.0275421 0.171634 0.982971
-0.147397 0.0217706 0.220674 0.9639
-0.0380547 0.720171 0.570871 -0.392444
0.157087 0.978317 0.121859 0.0580497
-0.067231 -0.542883 0.132307 0.826591
0.100918 -0.591688 0.281386 0.748694
-0.165536 -0.649223 0.724359 -0.162517
-0.128733 -0.485121 0.221733 0.836014
-0.166053 -0.196212 0.301154 0.918277
0 0 0 0
-0.217138 0.630935 0.600894 -0.440112
0.11324 0.857595 0.138076 0.482331
0.109935 0.470344 0.287365 0.827111
0 0 0 0
-0.309935 0.0701955 0.917226 -0.240227
0 0 0 0
0 0 0 0
0 0 0 0
0 0 0 0
