9459241
0 -0.391961 -0.0184484 2.5867 2 379.663 284.823 202.487 206.436
1 -0.423792 0.277996 2.54521 2 369.194 225.815 196.903 163.668
2 -0.452383 0.56633 2.49323 2 358.511 165.651 191.206 120.061
3 -0.472113 0.680147 2.50085 2 353.271 142.672 188.411 103.406
4 -0.384768 0.43571 2.3701 2 371.891 187.83 198.342 136.136
5 -0.321072 0.237921 2.37599 1 390.906 230.472 208.483 167.043
6 -0.249703 -0.0166712 2.44949 2 413.875 284.654 220.733 206.313
7 -0.247838 -0.0801122 2.48936 2 415.509 297.492 221.605 215.618
8 -0.419738 0.478991 2.71317 1 377.202 191.566 201.175 138.845
9 -0.315581 0.328358 2.48834 2 396.588 214.318 211.514 155.335
10 -0.304691 0.0703877 2.37572 1 395.73 266.213 211.056 192.948
11 -0.308173 0.0392668 2.43759 1 396.995 273.057 211.731 197.908
12 -0.380184 0.00279167 2.57332 2 382.282 280.661 203.884 203.42
13 -0.273556 -0.456465 2.64559 2 412.684 368.724 220.098 267.246
14 -0.316164 -0.908393 2.77755 2 405.124 447.881 216.066 324.618
15 -0.198048 -0.890072 2.7703 2 434.47 444.866 231.717 322.433
16 -0.392214 -0.038288 2.53132 2 377.301 288.872 201.227 209.371
17 -0.438803 -0.412328 2.78752 2 375.398 356.274 200.212 258.222
18 -0.425139 -0.734312 2.92968 2 383.632 408.721 204.604 296.235
19 -0.348144 -0.799443 2.84026 2 399.167 424.482 212.889 307.659
20 -0.445705 0.495426 2.50821 2 361.205 180.808 192.643 131.047
21 -0.196116 -0.14929 2.51793 2 430.415 311.202 229.555 225.555
22 -0.189369 -0.100347 2.49078 2 431.705 301.585 230.243 218.585
23 -0.294821 -0.00674528 2.45075 2 401.223 282.604 213.986 204.827
24 -0.353112 0.0381115 2.41931 2 383.513 273.233 204.54 198.036
1
1
0.846304 -0.0307775 -0.525515 0.0815856
0.994335 -0.0722946 0.0607847 0.048754
0.764067 -0.109192 0.635087 -0.030717
0 0 0 0
-0.493005 0.503033 -0.270227 0.656415
-0.108585 0.64174 0.111676 0.750938
-0.00832205 0.652442 0.18994 0.733603
0.172017 0.630992 0.217259 0.724609
0.39286 0.497265 0.553181 0.540721
-0.308258 0.782236 0.38111 -0.384497
-0.152475 0.786947 0.13731 -0.581903
0.389129 0.661993 -0.352379 -0.534951
0.916862 -0.201035 0.205825 -0.27674
-0.0922433 0.22757 0.100347 0.964175
0.14107 0.98894 -0.0457706 -0.00140346
0 0 0 0
0.381573 -0.539204 -0.431018 0.614724
0.27313 0.926267 -0.122668 -0.22887
0.0782546 0.454388 0.191891 0.866363
0 0 0 0
0.764387 -0.0962166 0.637348 -0.0155542
0 0 0 0
0 0 0 0
0 0 0 0
0 0 0 0
