9384865
0 -0.102594 -0.042061 2.56069 2 456.436 289.513 243.433 209.835
1 -0.124248 0.240175 2.46318 2 449.274 231.877 239.613 168.061
2 -0.144448 0.514592 2.35397 2 441.623 170.236 235.532 123.385
3 -0.118917 0.64082 2.34765 2 448.952 142.404 239.441 103.212
4 -0.192446 0.374881 2.30409 2 426.418 198.734 227.423 144.039
5 -0.124043 0.159397 2.31032 2 447.056 246.318 238.43 178.528
6 -0.0365636 -0.0533527 2.39032 2 473.451 292.491 252.507 211.994
7 -0.0084684 -0.136798 2.43462 2 481.567 309.615 256.836 224.405
8 -0.0495379 0.442276 2.57952 1 470.731 194.323 251.057 140.843
9 0.0709945 0.340031 2.79229 2 501.444 219.578 267.437 159.147
10 0.261515 0.368125 2.85116 2 547.098 215.807 291.786 156.414
11 0.288445 0.386063 2.85446 2 553.54 212.679 295.221 154.147
12 -0.129113 -0.0515927 2.48918 2 448.323 291.688 239.106 211.412
13 -0.170827 -0.465891 2.692 2 440.239 368.945 234.794 267.406
14 -0.24868 -0.816073 2.87469 2 424.136 425.663 226.206 308.515
15 -0.177299 -0.857208 2.84228 2 440.805 434.731 235.096 315.087
16 -0.0727922 -0.031508 2.56413 2 464.458 287.421 247.711 208.319
17 -0.0580655 -0.387343 2.84742 2 469.926 350.081 250.627 253.734
18 -0.0651024 -0.737724 2.95114 2 468.726 408.215 249.987 295.869
19 -0.0112815 -0.759522 3.01547 2 481.373 409.182 256.733 296.569
20 -0.139612 0.447177 2.38342 2 443.587 186.062 236.58 134.855
21 0.0594791 -0.192103 2.44192 2 500.696 320.993 267.038 232.652
22 -0.0661234 -0.133112 2.451 2 465.422 308.666 248.225 223.717
23 0.3411 0.43349 2.89565 2 565.125 205.305 301.4 148.802
24 0.28693 0.404536 2.8612 2 553.021 209.559 294.945 151.886
3
0
0.442697 -0.107002 0.880552 -0.131147
0.467136 -0.110626 0.867834 -0.128104
0.490466 -0.131357 0.846545 -0.159843
0 0 0 0
-0.186317 0.763082 -0.403877 0.468909
-0.0829784 0.779859 0.129346 0.606798
-0.242993 -0.447606 0.064632 0.858153
-0.242152 -0.45979 0.134393 0.843738
0.418109 0.627873 0.560207 0.342241
-0.278979 -0.0100807 0.478844 0.832332
0.674275 -0.108693 -0.339275 -0.646862
0.799563 -0.14482 -0.36939 -0.450863
-0.369817 0.608931 -0.548846 0.437272
0.200822 0.928707 -0.111443 -0.291127
0.200748 0.933911 -0.15738 -0.250486
0 0 0 0
0.177305 0.574861 0.796544 -0.060133
0.0890444 0.301386 0.317968 0.894502
-0.0466532 -0.383889 0.135926 0.912127
0 0 0 0
0.492073 -0.12184 0.850478 -0.14038
0 0 0 0
0 0 0 0
0 0 0 0
0 0 0 0
