9374219
0 1.02904 0.280266 3.46276 2 689.529 240.011 367.749 173.957
1 1.01648 0.544988 3.33606 2 694.973 197.959 370.652 143.478
2 1.00066 0.803238 3.1984 2 700.904 153.066 373.815 110.94
3 0.989817 0.894631 3.11273 2 704.537 134.506 375.753 97.4879
4 0.840207 0.776317 3.2783 2 661.469 160.521 352.783 116.344
5 0.789578 0.558249 3.45687 2 641.813 199.084 342.3 144.293
6 0.775678 0.365379 3.54648 2 634.92 228.884 338.624 165.892
7 0.774996 0.286008 3.56568 2 633.924 240.486 338.093 174.301
8 1.15601 0.718346 3.20402 2 734.224 166.774 391.586 120.875
9 1.21985 0.52403 3.26493 2 743.058 199.306 396.298 144.454
10 1.14635 0.394593 3.00168 2 748.789 214.131 399.354 155.199
11 1.11664 0.355244 2.96807 2 744.806 220.146 397.23 159.559
12 0.951801 0.281507 3.44652 2 674.87 239.661 359.931 173.703
13 0.953296 0.0230845 3.58833 2 667.475 277.941 355.987 201.448
14 1.02249 -0.270235 3.78872 2 670.47 317.483 357.584 230.108
15 1.09865 -0.318611 3.81642 2 683.043 323.696 364.29 234.61
16 1.08758 0.273186 3.41119 2 704.652 240.418 375.814 174.252
17 1.18513 -0.0148154 3.49965 2 718.436 283.368 383.166 205.381
18 1.308 -0.298478 3.66903 2 730.979 322.69 389.855 233.881
19 1.44639 -0.318166 3.67928 2 756.559 325.336 403.498 235.799
20 1.00526 0.739695 3.23487 2 699.383 164.567 373.004 119.276
21 0.778376 0.229314 3.60271 2 632.997 248.901 337.599 180.4
22 0.786694 0.285897 3.5145 2 638.438 239.899 340.5 173.876
23 1.07102 0.338289 2.93667 2 736.763 222.453 392.94 161.231
24 1.13281 0.319088 2.9596 2 749.355 226.201 399.656 163.947
1
0
-0.128691 0.00746129 0.966451 -0.222162
-0.135817 0.00909988 0.965475 -0.2221
-0.143131 0.00601861 0.955143 -0.259189
0 0 0 0
-0.277445 -0.624943 0.726582 -0.0674402
0.23388 0.799857 -0.254061 -0.4909
0.213233 0.912277 0.0453011 0.346742
0.112279 0.929479 0.0377131 0.349341
0.0916879 0.710461 0.650289 -0.252909
0.0295605 0.794488 0.209445 0.569251
-0.113328 0.394541 -0.522643 0.747221
0.0586314 0.500172 -0.40847 0.761276
-0.0790874 -0.66624 0.708241 -0.219689
-0.154019 -0.592719 0.19481 0.766166
0.296828 0.949477 0.0815923 -0.0610758
0 0 0 0
-0.118847 0.631384 0.663843 -0.382807
0.0234223 0.791639 0.211497 0.572737
-0.169334 0.0521031 0.2626 0.9485
0 0 0 0
-0.143026 0.00893077 0.960539 -0.238388
0 0 0 0
0 0 0 0
0 0 0 0
0 0 0 0
