9394744
0 1.03484 0.336011 3.55233 2 685.465 233.065 365.581 168.922
1 1.02369 0.608529 3.4206 2 691.231 190.544 368.657 138.104
2 1.00872 0.874959 3.27911 2 697.289 145.047 371.888 105.128
3 0.95525 0.98761 3.25586 2 687.463 126.388 366.647 91.6045
4 0.917048 0.834985 3.45574 2 667.803 158.034 356.162 114.541
5 0.917048 0.604927 3.62469 2 658.945 196.271 351.437 142.255
6 0.893268 0.406854 3.71415 2 650.085 225.532 346.712 163.462
7 0.885201 0.365477 3.7247 2 648.078 231.348 345.642 167.678
8 1.1108 0.750081 3.21178 2 723.836 162.017 386.046 117.428
9 1.15983 0.531427 3.24941 2 731.427 197.773 390.094 143.343
10 1.11125 0.334924 3.32029 2 715.766 229.8 381.742 166.556
11 1.08823 0.267872 3.3678 1 707.655 240.692 377.416 174.45
12 0.979841 0.347381 3.56307 2 674.089 231.609 359.514 167.867
13 1.01018 0.0513765 3.69294 2 672.97 274.137 358.917 198.691
14 1.09452 -0.24666 3.81849 2 682.149 314.077 363.813 227.639
15 1.0873 -0.308412 3.88343 2 677.532 321.614 361.35 233.102
16 1.06891 0.318345 3.47352 2 696.922 234.539 371.692 169.991
17 1.14249 -0.00875326 3.54295 2 707.13 282.469 377.136 204.73
18 1.2535 -0.286743 3.69924 2 718.643 320.715 383.276 232.45
19 1.14729 -0.375586 3.62601 1 703.003 333.978 374.935 242.062
20 1.01315 0.809373 3.31647 2 695.753 156.707 371.068 113.579
21 0.888365 0.314928 3.73288 2 648.278 238.346 345.748 172.75
22 0.893524 0.363162 3.68069 2 651.631 231.063 347.536 167.472
23 1.0709 0.187248 3.38969 2 702.592 253.08 374.716 183.429
24 1.05898 0.259877 3.34363 2 703.173 241.625 375.025 175.126
0
1
-0.385525 0.0709108 0.895116 -0.21239
-0.408951 0.0764764 0.884659 -0.21045
-0.430533 0.0867753 0.865083 -0.242371
0 0 0 0
0.455471 0.618468 -0.606111 -0.206577
-0.160906 -0.490956 0.266652 0.813614
0.216274 0.922646 0.0158109 0.318903
0.147328 0.930563 -0.0472036 0.331841
-0.129871 0.693547 0.540195 -0.458602
0.103456 0.971059 0.0902845 -0.195422
0.0782486 0.820045 -0.189116 -0.534452
0.166754 0.787769 -0.281667 -0.521801
-0.24468 -0.627682 0.734548 -0.0811621
-0.118818 -0.355051 0.17324 0.910939
-0.143517 -0.0711937 0.183124 0.969948
0 0 0 0
-0.293653 0.602984 0.559471 -0.487001
0.0578796 0.925859 0.137752 0.347073
0.172647 0.902169 0.242023 0.312585
0 0 0 0
-0.432086 0.0838498 0.869888 -0.222634
0 0 0 0
0 0 0 0
0 0 0 0
0 0 0 0
