9429505
0 -0.417825 -0.0188892 2.57509 2 372.247 284.927 198.532 206.511
1 -0.435706 0.276463 2.54677 2 366.027 226.148 195.214 163.909
2 -0.45132 0.563399 2.50737 2 359.523 166.908 191.746 120.973
3 -0.438748 0.674066 2.50776 2 362.88 144.332 193.536 104.61
4 -0.460638 0.425397 2.4167 2 352.316 191.754 187.902 138.981
5 -0.359891 0.187293 2.38232 2 379.927 241.373 202.628 174.944
6 -0.266693 -0.0696265 2.42445 2 408.316 295.742 217.768 214.35
7 -0.254381 -0.122581 2.45337 2 412.656 306.493 220.083 222.142
8 -0.344937 0.436319 2.72673 1 396.752 200.042 211.601 144.987
9 -0.345699 0.245825 2.50795 1 389.038 231.544 207.487 167.82
10 -0.400152 -0.0187906 2.4324 1 370.689 285.125 197.701 206.654
11 -0.424451 -0.059864 2.46244 1 365.244 293.531 194.797 212.747
12 -0.432151 -0.0153792 2.50354 2 365.079 284.324 194.709 206.074
13 -0.250462 -0.444209 2.60398 1 417.669 367.721 222.757 266.519
14 -0.404684 -0.804246 2.93984 2 388.737 420.458 207.327 304.742
15 -0.308106 -0.837107 2.89702 2 410.386 428.298 218.873 310.424
16 -0.392159 -0.0211864 2.57734 2 379.23 285.374 202.256 206.835
17 -0.291104 -0.484469 2.63927 2 407.898 374.355 217.546 271.327
18 -0.224014 -0.872989 2.77832 2 428.152 441.239 228.347 319.804
19 -0.13436 -0.867388 2.82347 2 451.035 437.603 240.552 317.169
20 -0.447852 0.492884 2.5193 2 361.163 181.767 192.62 131.742
21 -0.209642 -0.17875 2.47053 2 425.609 317.819 226.991 230.351
22 -0.248726 -0.145897 2.41193 2 413.036 311.822 220.286 226.005
23 -0.421005 -0.120367 2.46064 2 366.108 306.004 195.257 221.788
24 -0.47796 -0.0127379 2.46985 2 350.599 283.826 186.986 205.713
1
1
0.506992 -0.0501796 0.860102 -0.0258045
0.53221 -0.0509209 0.84473 -0.024309
0.559017 -0.067066 0.824567 -0.0555911
0 0 0 0
-0.349381 0.714189 -0.323487 0.513053
-0.193848 0.635971 0.0772292 0.742967
0.111161 0.961155 0.151986 -0.201805
0.257085 0.951671 0.0629574 -0.155778
0.331042 0.672819 0.521303 0.407393
-0.339568 0.74409 0.237403 -0.524084
0.161644 -0.606067 -0.047196 0.777385
0.0459146 -0.489957 0.365683 0.790006
0.46741 -0.540229 0.552768 -0.429101
0.170235 0.911941 0.144853 -0.344095
0.312279 0.901613 -0.231474 -0.189725
0 0 0 0
0.0601822 0.737836 0.67229 -0.00116196
-0.0867853 0.248166 0.0898273 0.960631
-0.116995 -0.216425 0.147144 0.95803
0 0 0 0
0.559555 -0.0584039 0.825925 -0.0365338
0 0 0 0
0 0 0 0
0 0 0 0
0 0 0 0
