9452649
0 -0.132656 -0.0388124 2.52925 2 447.926 288.968 238.894 209.44
1 -0.105213 0.243504 2.4627 2 454.583 231.186 242.444 167.56
2 -0.0776471 0.517696 2.38464 2 461.499 171.031 246.133 123.961
3 -0.0208182 0.637158 2.38964 2 477.938 145.672 254.9 105.581
4 -0.165451 0.371723 2.28854 2 434.161 198.885 231.552 144.149
5 -0.175333 0.0930635 2.30718 2 431.728 260.812 230.255 189.033
6 -0.105971 -0.164586 2.37158 2 453.249 316.306 241.733 229.254
7 -0.110689 -0.19222 2.4073 2 452.352 321.597 241.255 233.089
8 -0.0388626 0.42942 2.6148 1 473.723 198.005 252.652 143.511
9 0.0919609 0.365906 2.74261 2 507.026 213.666 270.414 154.862
10 0.278069 0.367275 2.81383 2 551.996 215.083 294.398 155.889
11 0.357836 0.389574 2.82993 2 571.076 211.418 304.574 153.233
12 -0.145221 -0.0388297 2.41597 2 442.66 289.336 236.085 209.707
13 -0.179954 -0.46218 2.60401 2 436.339 371.204 232.714 269.044
14 -0.276841 -0.85737 2.80172 2 415.574 437.049 221.639 316.767
15 -0.187171 -0.876968 2.81135 2 437.885 440.053 233.539 318.944
16 -0.113035 -0.0371296 2.58184 2 453.883 288.48 242.071 209.086
17 -0.0436645 -0.40359 2.84564 2 473.398 353.024 252.479 255.867
18 -0.0439783 -0.738124 2.96013 2 473.699 407.893 252.64 295.635
19 -0.107516 -0.819876 2.88823 2 458.224 425.605 244.386 308.473
20 -0.0845431 0.450374 2.40628 2 459.747 186.31 245.199 135.035
21 -0.0867795 -0.248687 2.4264 2 459.366 333.066 244.995 241.401
22 -0.164994 -0.186331 2.43183 2 437.313 319.972 233.234 231.911
23 0.409715 0.429451 2.87001 2 582.375 205.301 310.6 148.799
24 0.396343 0.378432 2.79214 2 581.785 212.477 310.285 154
1
0
0.620026 -0.0348662 0.77464 -0.11952
0.580111 -0.0287852 0.804966 -0.121129
0.53573 -0.042507 0.828701 -0.156336
0 0 0 0
-0.183176 0.71032 -0.47466 0.486405
0.0368829 0.962959 -0.00813428 0.266989
-0.16424 -0.377945 0.0607622 0.909115
-0.145071 -0.402489 0.417928 0.801432
0.482377 0.630043 0.467404 0.389733
-0.385725 0.056132 0.432652 0.812944
0.342836 0.697899 0.621206 -0.0974868
0.334863 0.58975 0.721117 -0.141607
0.433324 -0.492357 0.558708 -0.507603
0.201153 0.970897 -0.0621565 -0.11416
0.228442 0.96758 -0.105024 0.0239274
0 0 0 0
0.459923 0.605045 0.550865 0.344875
-0.0439346 0.1108 0.311419 0.942768
0.145042 0.870528 0.0767904 0.463947
0 0 0 0
0.538642 -0.0313059 0.830675 -0.137345
0 0 0 0
0 0 0 0
0 0 0 0
0 0 0 0
