9367376
0 -0.33609 -0.0371741 2.60891 2 395.341 288.423 210.848 209.045
1 -0.363308 0.276923 2.56795 2 386.508 226.554 206.138 164.203
2 -0.38701 0.58069 2.51446 2 377.592 163.773 201.383 118.701
3 -0.387235 0.697727 2.51328 2 377.341 139.853 201.248 101.363
4 -0.485069 0.451941 2.50589 2 350.245 189.539 186.797 137.375
5 -0.634403 0.401341 2.71007 2 322.188 205.904 171.833 149.237
6 -0.450698 0.219516 2.60146 2 364.571 238.423 194.438 172.806
7 -0.441506 0.152792 2.51607 2 363.063 250.425 193.634 181.504
8 -0.270373 0.417205 2.40925 2 406.59 193.363 216.848 140.147
9 -0.226116 0.188472 2.42028 2 419.703 241.801 223.842 175.254
10 -0.312326 -0.0315578 2.43735 1 395.812 287.764 211.1 208.568
11 -0.305859 -0.0861145 2.48407 1 399.262 298.758 212.94 216.535
12 -0.383577 -0.0479523 2.60307 2 382.545 290.54 204.024 210.579
13 -0.373409 -0.46233 2.81644 2 392.54 364.498 209.355 264.183
14 -0.301312 -0.813103 2.93106 2 412.872 422.365 220.198 306.124
15 -0.313756 -0.88423 2.87459 2 408.408 437.881 217.818 317.37
16 -0.279247 -0.0277953 2.54548 2 408.527 286.736 217.881 207.822
17 -0.199055 -0.485382 2.65607 2 432.305 373.89 230.563 270.99
18 -0.169366 -0.843704 2.76526 2 441.583 436.537 235.511 316.396
19 -0.202749 -0.907901 2.67517 2 431.466 454.173 230.115 329.179
20 -0.381425 0.505982 2.5299 2 379.864 179.601 202.594 130.172
21 -0.430309 0.128256 2.50774 2 365.762 255.288 195.073 185.029
22 -0.434586 0.192402 2.47186 2 362.805 241.742 193.496 175.211
23 -0.300314 -0.166906 2.49816 2 401.247 315.036 213.998 228.334
24 -0.367285 -0.0592181 2.47988 2 382.024 293.304 203.746 212.583
1
0
-0.235266 -0.026475 0.96883 -0.0729199
-0.185731 -0.0301462 0.979533 -0.0714804
-0.128081 -0.0233424 0.985869 -0.105413
0 0 0 0
-0.0871831 0.85077 -0.515713 0.0512831
0.386113 0.742267 -0.502838 -0.21705
-0.308676 0.869017 0.283644 0.26282
-0.439591 0.893012 -0.000120761 0.0963801
-0.263277 0.824082 0.438904 -0.242772
0.0264086 0.994778 0.0946404 -0.0276207
0.130545 -0.5643 0.136478 0.803677
-0.239709 -0.544355 0.25356 0.762839
-0.00148216 0.77533 -0.624591 0.0935248
-0.136839 -0.525785 0.191967 0.817297
-0.170135 -0.579053 0.0678526 0.794448
0 0 0 0
-0.249868 0.586246 0.701636 -0.31873
0.05596 0.845716 0.133271 0.513684
0.0971291 0.807835 0.117361 0.569381
0 0 0 0
-0.129245 -0.0280783 0.987442 -0.0864035
0 0 0 0
0 0 0 0
0 0 0 0
0 0 0 0
