9372782
0 -0.00194577 0.0136723 2.65693 2 483.454 278.61 257.842 201.933
1 0.0278701 0.296756 2.57261 2 491.406 222.84 262.083 161.512
2 0.0583535 0.571453 2.47749 2 500.208 164.099 266.778 118.937
3 0.123904 0.686094 2.46674 2 518.675 139.748 276.627 101.287
4 -0.0470778 0.434151 2.40454 2 470.47 189.687 250.917 137.483
5 -0.138295 0.205894 2.42731 2 444.788 238.3 237.22 172.717
6 -0.186275 -0.0563253 2.48172 2 432.377 292.687 230.601 212.136
7 -0.199782 -0.124487 2.50374 2 429.109 306.359 228.858 222.045
8 0.152825 0.471879 2.70319 2 522.904 192.719 278.882 139.68
9 0.305218 0.433636 2.81296 2 558.717 203.052 297.983 147.169
10 0.487371 0.417103 2.88433 2 600.508 207.812 320.271 150.619
11 0.581368 0.424802 2.89798 2 622.454 206.743 331.976 149.845
12 -0.0336845 0.014441 2.54426 2 474.864 278.342 253.261 201.739
13 -0.136418 -0.414879 2.68271 2 448.947 359.559 239.438 260.603
14 -0.295778 -0.803399 2.8496 2 412.172 424.689 219.825 307.809
15 -0.232029 -0.865692 2.8246 2 427.114 437.267 227.794 316.925
16 0.0297826 0.0117956 2.69985 2 491.533 279.003 262.151 202.217
17 0.0469183 -0.386749 2.91789 2 495.019 348.308 264.01 252.449
18 0.00996135 -0.728541 3.05447 2 486.207 402.339 259.311 291.61
19 0.0874729 -0.777149 2.99258 2 504.145 413.196 268.877 299.479
20 0.0507111 0.50395 2.50338 2 497.92 179.101 265.557 129.81
21 -0.199498 -0.187901 2.53482 2 429.844 318.715 229.25 231
22 -0.163451 -0.114303 2.51081 2 439.221 304.231 234.251 220.503
23 0.636242 0.429012 2.90964 2 634.999 206.267 338.666 149.5
24 0.585148 0.435322 2.88917 2 623.799 204.656 332.693 148.332
1
0
0.532129 -0.0345475 0.832833 -0.148439
0.489469 -0.0270207 0.858599 -0.149991
0.442748 -0.0339774 0.876488 -0.185981
0 0 0 0
-0.12925 0.729091 -0.508891 0.439034
0.0921818 0.950437 -0.170832 0.242875
0.127326 0.491594 0.0434717 0.860368
0.15827 0.490869 0.0860959 0.8524
0.423086 0.69691 0.500256 0.291647
-0.399129 0.201987 0.490848 0.74764
-0.578783 0.12542 0.350581 0.725515
0.669796 -0.18772 -0.302932 -0.651434
0.369357 -0.516349 0.605689 -0.479688
0.125864 0.960807 -0.142031 -0.20208
0.1423 0.936424 -0.223287 -0.230226
0 0 0 0
0.391981 0.67952 0.573396 0.236266
0.0375666 0.221115 0.245463 0.943104
0.115659 0.355318 0.156988 0.914181
0 0 0 0
0.445626 -0.0252329 0.879244 -0.166465
0 0 0 0
0 0 0 0
0 0 0 0
0 0 0 0
