9419443
0 -0.168629 -0.0557504 2.4781 2 437.2 292.586 233.173 212.062
1 -0.184354 0.220509 2.40071 2 431.145 234.728 229.944 170.128
2 -0.198761 0.488825 2.31122 2 424.626 173.839 226.467 125.996
3 -0.185836 0.61265 2.32246 2 428.663 147.075 228.62 106.598
4 -0.218564 0.349861 2.23369 2 416.545 201.808 222.158 146.268
5 -0.17945 0.145213 2.20766 2 428.073 247.934 228.306 179.699
6 -0.171279 -0.117703 2.284 2 432.413 307.275 230.621 222.709
7 -0.172982 -0.186922 2.34473 2 433.232 321.544 231.057 233.051
8 -0.120749 0.373765 2.55744 1 451.458 207.188 240.778 150.167
9 -0.127221 0.266992 2.28679 2 445.688 222.113 237.7 160.984
10 -0.07036 0.175163 2.52842 1 464.835 246.181 247.912 178.429
11 -0.0680425 0.108918 2.52295 2 465.43 259.389 248.229 188.001
12 -0.180691 -0.0732565 2.41468 2 432.533 296.552 230.684 214.937
13 -0.185488 -0.494107 2.60746 2 434.921 377.33 231.958 273.483
14 -0.258478 -0.866663 2.79974 2 420.061 438.857 224.033 318.078
15 -0.184426 -0.891893 2.80008 2 438.369 443.438 233.797 321.398
16 -0.152333 -0.0390776 2.47049 2 441.593 289.208 235.516 209.614
17 -0.113815 -0.378616 2.53469 1 453.048 356.872 241.625 258.656
18 -0.0913379 -0.646954 2.92644 1 462.427 393.422 246.628 285.147
19 -0.117122 -0.751168 2.87423 2 455.809 414.051 243.098 300.099
20 -0.195395 0.422947 2.33578 2 426.299 189.373 227.359 137.255
21 -0.134755 -0.267213 2.34247 2 444.387 338.95 237.006 245.666
22 -0.172012 -0.258477 2.30911 2 432.708 337.878 230.778 244.889
23 -0.0639716 0.108491 2.51307 1 466.47 259.389 248.784 188.001
24 -0.0674281 0.107934 2.50017 1 465.43 259.389 248.229 188.001
1
0
0.522198 -0.0951824 0.84146 -0.100973
0.54443 -0.0978386 0.827249 -0.0984011
0.565286 -0.12176 0.805249 -0.13115
0 0 0 0
-0.302015 0.713419 -0.350094 0.52655
-0.112577 0.567987 0.0023928 0.815299
0.140108 0.958766 -0.020452 -0.246413
0.340577 0.91077 -0.0906129 -0.215161
0.389958 0.650014 0.495021 0.424698
0.342749 -0.487804 -0.446183 0.667451
-0.384504 -0.39847 0.422703 0.717426
0.00604657 -0.510856 -0.044265 0.858505
-0.388213 0.612757 -0.467351 0.505374
0.206459 0.951966 -0.0531126 -0.219806
0.228391 0.967063 -0.100533 -0.0501886
0 0 0 0
-0.0201749 0.366159 0.916252 -0.161253
0.0244752 0.690851 0.105502 0.714839
0.351613 0.698631 0.306803 0.542361
0 0 0 0
0.567216 -0.110172 0.808538 -0.111326
0 0 0 0
0 0 0 0
0 0 0 0
0 0 0 0
