9397374
0 -0.406429 -0.0185147 2.59448 2 376.123 284.825 200.599 206.438
1 -0.411304 0.274741 2.53798 2 372.273 226.315 198.546 164.03
2 -0.41271 0.559422 2.46975 2 368.46 166.011 196.512 120.323
3 -0.411234 0.680498 2.47529 2 368.982 141.211 196.79 102.348
4 -0.439655 0.424047 2.41139 2 358.063 191.861 190.967 139.058
5 -0.335215 0.191206 2.38626 2 387.244 240.618 206.53 174.396
6 -0.282283 -0.0699627 2.45101 2 404.753 295.656 215.868 214.287
7 -0.264938 -0.151261 2.48169 2 410.532 312.058 218.95 226.175
8 -0.345706 0.394442 2.37328 1 383.486 196.857 204.526 142.679
9 -0.245785 0.214106 2.38888 1 413.17 235.836 220.358 170.931
10 -0.401595 0.372692 2.53665 1 374.778 206.654 199.882 149.78
11 -0.445181 0.437916 2.65929 1 368.437 197.593 196.5 143.213
12 -0.454418 -0.0128756 2.53468 2 360.465 283.785 192.248 205.684
13 -0.27931 -0.434989 2.66434 2 411.713 364.001 219.58 263.823
14 -0.400923 -0.798881 2.96825 2 390.541 418.182 208.288 303.093
15 -0.374349 -0.865 2.89959 2 394.599 433.146 210.453 313.938
16 -0.346606 -0.0235106 2.58102 2 391.569 285.822 208.837 207.16
17 -0.2979 -0.483749 2.68634 2 407.493 372.579 217.33 270.04
18 -0.236733 -0.852249 2.8361 2 426.207 434.194 227.31 314.698
19 -0.268048 -0.917239 2.74441 1 416.31 451.546 222.032 327.274
20 -0.412785 0.489546 2.48897 2 369.426 181.261 197.027 131.376
21 -0.237628 -0.221746 2.50452 2 418.69 326.027 223.301 236.3
22 -0.259028 -0.189049 2.44849 2 411.183 320.294 219.297 232.145
23 -0.439827 0.42046 2.66244 1 369.985 201.038 197.326 145.71
24 -0.454917 0.453651 2.62771 1 364.452 193.518 194.375 140.259
2
1
0.187893 -0.0259839 0.97755 -0.0917451
0.118259 -0.0194277 0.988394 -0.0933536
0.0159423 -0.00163071 0.990876 -0.133818
0 0 0 0
-0.399624 0.89904 -0.168759 0.0595622
-0.20662 0.474372 0.0574067 0.853805
0.132927 0.976551 0.0783947 -0.150108
0.189573 0.968606 0.0729923 -0.143308
-0.382102 0.887087 0.253417 -0.0534334
0.173432 0.797804 0.18389 -0.547371
0.0610576 -0.304916 0.890675 0.331658
-0.0523269 -0.206037 0.849278 0.483258
0.276677 -0.594978 0.678325 -0.330646
0.193493 0.921258 0.13513 -0.309167
0.199509 0.770951 -0.297432 -0.526655
0 0 0 0
-0.0108883 0.719821 0.677701 -0.149871
0.0203988 0.559934 0.121482 0.819329
0.110259 0.798651 0.173247 0.565672
0 0 0 0
0.0157053 -0.00514898 0.993587 -0.11186
0 0 0 0
0 0 0 0
0 0 0 0
0 0 0 0
