9370428
0 1.08385 0.290297 3.44574 2 701.669 238.302 374.224 172.718
1 1.07649 0.561257 3.312 2 709.178 194.804 378.228 141.191
2 1.06388 0.825283 3.16858 2 716.855 148.268 382.323 107.462
3 1.01042 0.941632 3.1252 2 708.25 127.4 377.734 92.3377
4 0.946732 0.793849 3.3273 2 681.141 159.544 363.275 115.635
5 0.915357 0.547478 3.47417 2 666.213 200.997 355.313 145.68
6 0.820205 0.34966 3.47824 2 646.799 230.127 344.959 166.793
7 0.797851 0.305537 3.47727 2 642.347 236.577 342.585 171.468
8 1.17118 0.70876 3.11254 2 744.991 164.969 397.328 119.567
9 1.1859 0.488499 3.11035 2 748.388 201.058 399.14 145.724
10 1.04478 0.319111 3.0834 2 718.675 228.457 383.293 165.583
11 0.966428 0.262842 3.06738 2 702.034 237.567 374.418 172.185
12 1.02326 0.303011 3.45059 2 689.104 236.509 367.522 171.418
13 1.00028 0.0303887 3.59863 2 676.049 276.916 360.56 200.705
14 1.03934 -0.273808 3.78184 2 673.921 318.036 359.424 230.508
15 0.9458 -0.366524 3.69675 2 660.744 331.624 352.397 240.356
16 1.12268 0.272395 3.37339 2 714.419 240.064 381.023 173.995
17 1.22161 -0.0125816 3.5066 2 725.242 283.039 386.796 205.143
18 1.34971 -0.288354 3.67355 2 738.601 321.243 393.921 232.833
19 1.2534 -0.380937 3.58936 2 725.917 335.323 387.156 243.038
20 1.06793 0.760373 3.20648 2 714.933 160.196 381.298 116.108
21 0.794118 0.252765 3.49117 2 640.941 244.442 341.835 177.168
22 0.808459 0.261784 3.4896 2 643.874 243.107 343.399 176.2
23 0.928617 0.219461 3.06901 2 693.288 244.807 369.754 177.433
24 0.93865 0.217507 3.0848 2 694.477 245.314 370.388 177.8
0
3
-0.333511 0.0660706 0.914875 -0.217736
-0.356288 0.0714958 0.906247 -0.216016
-0.378451 0.0766436 0.887654 -0.250941
0 0 0 0
-0.419573 -0.62176 0.648032 0.132011
-0.0695005 -0.436437 0.261232 0.858167
0.203805 0.428682 -0.0891995 0.875636
0.204674 0.423781 -0.110314 0.875414
-0.102448 0.696111 0.56223 -0.434547
-0.00767989 0.996033 0.0328491 0.0823397
0.31989 0.178832 -0.12791 0.92159
0.424339 0.174957 -0.179493 0.87012
-0.207816 -0.619095 0.74778 -0.119827
-0.0717506 -0.418471 0.238026 0.873543
-0.163191 -0.402905 0.218213 0.873739
0 0 0 0
-0.259835 0.619413 0.570946 -0.472053
0.133696 0.891743 0.223693 0.369974
0.164105 0.880431 0.274899 0.349773
0 0 0 0
-0.379288 0.07625 0.893098 -0.229572
0 0 0 0
0 0 0 0
0 0 0 0
0 0 0 0
