9411605
0 -0.341868 -0.0797767 2.45354 2 388.077 297.675 206.974 215.751
1 -0.334485 0.195485 2.37783 2 387.108 239.561 206.458 173.63
2 -0.323129 0.462053 2.28669 2 386.406 178.567 206.083 129.423
3 -0.277174 0.58233 2.2806 2 399.953 151.342 213.308 109.691
4 -0.370588 0.320603 2.21903 2 368.768 207.882 196.676 150.67
5 -0.292453 0.0681359 2.23461 2 393.92 265.775 210.091 192.63
6 -0.21429 -0.129559 2.3344 2 420.843 309.29 224.449 224.169
7 -0.18949 -0.194218 2.39518 2 429.556 322.24 229.097 233.555
8 -0.244572 0.347086 2.53302 1 417.472 211.782 222.652 153.497
9 -0.327976 0.129212 2.36659 1 388.579 253.561 207.242 183.777
10 -0.320213 0.0881801 2.62534 1 400.062 264.21 213.366 191.496
11 -0.302264 0.0393422 2.66597 1 405.992 273.744 216.529 198.406
12 -0.35924 -0.0766452 2.37439 2 379.814 297.561 202.567 215.668
13 -0.366497 -0.359965 2.54873 1 384.839 352.847 205.247 255.738
14 -0.334116 -0.764674 2.80528 2 401.594 419.917 214.184 304.35
15 -0.237267 -0.823182 2.7916 2 425.164 431.308 226.754 312.606
16 -0.315521 -0.0808893 2.46187 2 395.79 297.843 211.088 215.873
17 -0.289566 -0.505095 2.58208 2 406.595 380.509 216.851 275.787
18 -0.258367 -0.871299 2.82425 2 420.645 438.319 224.344 317.688
19 -0.152322 -0.865999 2.82527 2 446.657 437.255 238.217 316.917
20 -0.325962 0.396644 2.31151 2 386.688 194.116 206.234 140.692
21 -0.142534 -0.261597 2.43031 2 443.62 335.686 236.597 243.301
22 -0.249298 -0.212115 2.38721 2 412.107 326.195 219.79 236.422
23 -0.29972 0.00629324 2.66742 1 406.694 280.017 216.903 202.952
24 -0.282741 0.0465773 2.65659 1 410.781 272.34 219.083 197.389
0
1
0.501732 -0.0564824 0.854518 -0.121958
0.514114 -0.0582511 0.847126 -0.121124
0.522862 -0.0784032 0.832891 -0.163586
0 0 0 0
-0.219013 0.730564 -0.393025 0.513654
-0.0731246 0.757301 0.133541 0.635071
-0.27442 -0.607805 0.0614896 0.742621
-0.343946 -0.602196 0.175607 0.69873
0.41288 0.67969 0.476208 0.375203
0.329822 -0.671203 -0.105281 0.655455
0.33292 0.409249 0.557575 0.640929
0.0839096 0.565083 0.350772 0.742024
0.417666 -0.513618 0.58725 -0.465714
0.2598 0.928513 -0.0823035 -0.252178
0.279102 0.93584 -0.0276238 -0.213407
0 0 0 0
0.195196 0.721034 0.664669 0.0149615
0.00657039 0.253955 0.140461 0.95694
-0.0390764 -0.00681422 0.287166 0.957059
0 0 0 0
0.525542 -0.0671246 0.835631 -0.144984
0 0 0 0
0 0 0 0
0 0 0 0
0 0 0 0
