9369815
0 1.173 0.283573 3.43089 2 720.775 239.083 384.413 173.284
1 1.15743 0.549412 3.28668 2 728.101 195.932 388.32 142.009
2 1.13701 0.808776 3.13256 2 735.762 149.41 392.406 108.29
3 1.09206 0.92293 3.08124 2 729.837 128.301 389.246 92.9906
4 1.0191 0.781426 3.27909 2 699.428 159.635 373.028 115.701
5 1.0305 0.57958 3.47947 2 689.032 196.338 367.484 142.303
6 1.0356 0.378878 3.62135 1 681.758 227.96 363.604 165.222
7 1.03045 0.322282 3.65992 1 678.64 236.406 361.941 171.344
8 1.26595 0.701968 3.09765 2 767.475 165.527 409.32 119.972
9 1.34318 0.486409 3.17207 2 777.721 202.93 414.785 147.081
10 1.33297 0.254355 3.23412 2 769.832 241.07 410.577 174.724
11 1.32151 0.186885 3.26173 2 764.937 251.971 407.966 182.625
12 1.10383 0.293951 3.43147 2 706.653 237.572 376.882 172.189
13 1.05611 0.0304402 3.56564 2 688.773 276.867 367.346 200.669
14 1.04269 -0.272473 3.76677 2 675.308 318.006 360.164 230.486
15 0.961146 -0.370144 3.67343 2 664.79 332.455 354.555 240.959
16 1.21876 0.267618 3.36313 2 735.092 240.632 392.049 174.407
17 1.29827 -0.0206498 3.4808 2 742.445 284.236 395.971 206.01
18 1.36677 -0.284778 3.66133 2 742.714 320.883 396.114 232.572
19 1.28236 -0.382341 3.56893 2 732.983 335.846 390.924 243.417
20 1.14294 0.744952 3.17307 2 733.821 161.372 391.371 116.96
21 1.02751 0.308409 3.64698 1 678.768 238.184 362.01 172.632
22 1.01898 0.307315 3.63398 1 677.832 238.185 361.511 172.633
23 1.32837 0.119929 3.29971 2 763.125 262.664 407 190.376
24 1.33889 0.172807 3.23933 2 770.63 253.984 411.003 184.084
1
1
-0.27486 0.0442536 0.929175 -0.243159
-0.299297 0.0506582 0.921595 -0.241906
-0.323121 0.0553298 0.903583 -0.275808
0 0 0 0
-0.423422 -0.619507 0.655655 0.0839156
-0.267555 -0.610083 0.271769 0.694518
0.301603 0.944721 -0.0290181 -0.125285
0.287327 0.948397 -0.0735016 -0.112181
-0.0211827 0.697897 0.597325 -0.39458
0.146881 0.971103 0.175436 0.0678731
0.127116 0.899298 0.0353146 0.416961
0.206771 0.884041 0.0101828 0.419063
-0.191049 -0.632825 0.73327 -0.15921
-0.0431673 -0.480575 0.241372 0.841976
-0.125985 -0.473201 0.260512 0.832071
0 0 0 0
-0.209195 0.618379 0.600395 -0.46192
0.10997 0.868108 0.19844 0.441494
0.212021 0.853374 0.226729 0.4188
0 0 0 0
-0.323856 0.0559586 0.909154 -0.255784
0 0 0 0
0 0 0 0
0 0 0 0
0 0 0 0
