9428821
0 1.20593 0.369948 3.59571 2 716.257 228.772 382.004 165.81
1 1.19564 0.621987 3.45343 2 723.985 189.328 386.125 137.223
2 1.18076 0.867548 3.30126 2 732.088 147.058 390.447 106.585
3 1.13289 0.98617 3.22846 2 727.399 125.274 387.946 90.7972
4 1.05502 0.846395 3.43903 2 696.655 155.647 371.549 112.811
5 1.03994 0.607968 3.59903 2 684.006 195.151 364.803 141.443
6 1.02785 0.396285 3.64058 2 679.229 225.811 362.256 163.665
7 1.03037 0.353462 3.63805 2 679.823 231.768 362.572 167.983
8 1.29726 0.768995 3.25052 2 760.828 160.439 405.775 116.284
9 1.35552 0.536409 3.33155 2 766.212 199.02 408.647 144.247
10 1.34127 0.328486 3.38619 2 758.652 231.707 404.614 167.938
11 1.31486 0.272071 3.42056 2 750.467 240.631 400.249 174.406
12 1.1398 0.381046 3.60005 2 703.148 227.289 375.012 164.736
13 1.17556 0.0894338 3.72295 2 702.447 268.979 374.639 194.952
14 1.25344 -0.191882 3.89274 2 706.824 306.316 376.973 222.014
15 1.15799 -0.269241 3.86133 2 691.411 316.704 368.753 229.543
16 1.24972 0.352137 3.52441 2 729.672 230.263 389.158 166.892
17 1.32785 0.0611021 3.59641 2 739.814 272.547 394.568 197.538
18 1.39182 -0.2632 3.80255 2 737.62 316.509 393.397 229.401
19 1.44741 -0.354791 3.77824 1 749.57 329.12 399.771 238.542
20 1.18532 0.807197 3.34127 2 730.038 157.897 389.354 114.441
21 1.05634 0.269959 3.64499 2 684.375 243.521 365 176.501
22 1.05891 0.34355 3.59306 2 687.838 232.537 366.847 168.539
23 1.31079 0.20837 3.45192 2 747.187 250.419 398.5 181.501
24 1.28358 0.268274 3.39901 2 745.742 240.949 397.729 174.637
1
1
-0.302763 0.0620768 0.918407 -0.247001
-0.317589 0.0660668 0.913386 -0.245964
-0.331649 0.0690885 0.897734 -0.281619
0 0 0 0
-0.410613 -0.616177 0.669611 0.0578237
0.18592 0.674996 -0.225447 -0.677486
0.097753 0.86143 0.024016 0.497801
-0.0401986 0.866857 0.0107392 0.496817
-0.0711909 0.669689 0.605651 -0.423834
0.149505 0.973578 0.134779 0.107838
0.0789689 0.773584 -0.106002 -0.619754
0.0696 0.725603 -0.314148 -0.608249
-0.219534 -0.62962 0.731017 -0.144905
-0.138547 -0.432318 0.151536 0.878033
-0.182183 -0.238942 0.224219 0.927061
0 0 0 0
-0.227317 0.618522 0.586713 -0.470665
0.0516448 0.889474 0.166285 0.422513
0.0646709 0.480814 0.282098 0.827681
0 0 0 0
-0.332317 0.0695141 0.903753 -0.260699
0 0 0 0
0 0 0 0
0 0 0 0
0 0 0 0
