278887
0 0.0863445 0.0881383 3.02315 2 503.575 266.475 268.573 193.137
1 0.0576947 0.374348 2.87789 2 497.748 215.365 265.465 156.094
2 0.0293667 0.65384 2.72318 2 491.4 159.27 262.08 115.436
3 0.084627 0.757786 2.71507 2 505.499 139.266 269.599 100.938
4 -0.0239616 0.501956 2.67756 2 477.791 186.166 254.822 134.93
5 0.00621537 0.247452 2.71676 2 485.529 235.143 258.949 170.429
6 0.0912883 0.0328446 2.82828 2 506.126 275.341 269.934 199.564
7 0.105617 -0.0251368 2.87947 2 509.15 285.623 271.547 207.016
8 0.106288 0.465943 2.94312 1 508.82 201.006 271.371 145.686
9 0.159482 0.277857 3.10792 1 519.235 235.983 276.925 171.037
10 0.260652 0.139172 3.24227 1 539.212 259.501 287.58 188.083
11 0.252434 0.1331 3.2632 2 537.124 260.583 286.466 188.867
12 0.0508554 0.091117 2.94809 2 495.805 265.59 264.429 192.496
13 0.0582413 -0.294614 3.18379 2 496.531 328.015 264.816 237.741
14 0.0369958 -0.582117 3.32291 2 491.625 369.995 262.2 268.167
15 0.103664 -0.652858 3.27893 2 505.749 382.202 269.733 277.014
16 0.119226 0.0812778 3.02577 2 511.024 267.633 272.546 193.977
17 0.215512 -0.207118 3.33953 2 528.311 312.578 281.766 226.552
18 0.217343 -0.488819 3.50543 2 526.632 351.837 280.87 255.007
19 0.296587 -0.536981 3.51928 2 541.998 358.538 289.066 259.863
20 0.0360027 0.584951 2.76342 2 492.94 173.808 262.901 125.973
21 0.134426 -0.0797041 2.91569 2 515.628 295.029 275.002 213.833
22 0.141361 0.0194088 2.91488 2 517.27 277.845 275.877 201.378
23 0.243339 0.113878 3.25634 2 535.312 263.526 285.5 191
24 0.238146 0.113519 3.246 2 534.375 263.526 285 191
1
0
0.340573 -0.124154 0.910006 -0.201208
0.375372 -0.131812 0.896213 -0.196277
0.412955 -0.150394 0.871625 -0.21707
0 0 0 0
-0.199293 0.79627 -0.386941 0.420134
0.0420445 0.891674 0.0861278 0.442416
-0.0966975 0.28874 0.26855 0.913871
-0.00445675 0.240203 0.362489 0.900491
0.340942 0.796159 0.348268 0.358608
-0.126034 -0.038937 0.340994 0.930764
0.415118 0.82811 0.0978648 -0.363777
0.490309 0.767555 -0.359518 -0.202986
0.322885 -0.546846 0.643173 -0.427824
0.251049 0.880177 -0.101878 -0.389722
0.193553 0.901644 -0.116005 -0.368943
0 0 0 0
0.172101 0.760835 0.607101 -0.151458
0.0633653 0.397985 0.407357 0.819545
0.0179359 0.0764133 0.262388 0.961765
0 0 0 0
0.413611 -0.147002 0.875461 -0.202198
0 0 0 0
0 0 0 0
0 0 0 0
0 0 0 0
