277712
0 1.30271 0.429649 3.77398 2 723.125 223.167 385.666 161.748
1 1.29747 0.715307 3.6559 2 730.067 181.368 389.369 131.453
2 1.285 0.994909 3.5273 2 736.693 137.219 392.903 99.4544
3 1.24481 1.12571 3.5018 2 730.548 117.118 389.625 84.8853
4 1.17573 0.913673 3.69405 2 704.664 155.002 375.821 112.343
5 1.16336 0.704441 3.82848 2 694.456 187.418 370.376 135.838
6 1.09849 0.487163 3.90335 2 678.633 217.68 361.937 157.772
7 1.09441 0.487962 3.90602 2 677.771 217.622 361.478 157.729
8 1.37482 0.865074 3.45704 2 759.846 153.469 405.251 111.233
9 1.3952 0.622616 3.46195 2 763.539 189.403 407.221 137.276
10 1.33545 0.388652 3.51723 2 747.215 224.833 398.515 162.956
11 1.30888 0.344003 3.53731 2 740.448 231.606 394.906 167.865
12 1.24148 0.435515 3.77806 2 711.547 222.461 379.491 161.237
13 1.26548 0.164349 3.90368 2 708.343 259.767 377.783 188.276
14 1.39706 -0.139146 4.05136 2 722.778 298.714 385.482 216.504
15 1.27849 -0.218194 3.97804 2 706.406 309.147 376.75 224.065
16 1.33911 0.415801 3.69884 2 734.893 223.876 391.943 162.262
17 1.36135 0.092646 3.72034 2 737.516 268.513 393.342 194.615
18 1.45753 -0.205126 3.87158 2 744.904 308.234 397.282 223.404
19 1.49783 -0.304474 3.75839 2 760.332 322.551 405.51 233.781
20 1.28904 0.925943 3.56119 2 735.072 148.478 392.038 107.615
21 1.08885 0.42876 3.92225 2 675.936 225.583 360.499 163.5
22 1.07824 0.440957 3.9125 2 674.534 223.86 359.752 162.25
23 1.28621 0.273047 3.56373 2 734.06 242.142 391.499 175.501
24 1.28583 0.385039 3.57462 2 733.264 226.276 391.074 164.002
0
0
-0.332729 0.0579202 0.922661 -0.186101
-0.369761 0.065397 0.908454 -0.183607
-0.408013 0.0702786 0.884096 -0.216703
0 0 0 0
0.375425 0.702669 -0.569217 -0.203235
-0.0866741 -0.376626 0.26897 0.882211
0.112845 -0.149355 0.179778 0.965732
0.28946 -0.366004 0.705074 0.533971
-0.166457 0.707186 0.516416 -0.453314
0.0214465 0.95896 0.0374045 -0.280245
0.109872 -0.102641 0.125285 0.980661
0.22615 -0.11633 0.21922 0.941948
-0.168433 -0.663687 0.720563 -0.109262
-0.12727 -0.409235 0.177689 0.885864
-0.243245 -0.279679 0.148125 0.916881
0 0 0 0
-0.294743 0.608858 0.575597 -0.459463
0.0150791 0.900919 0.0452491 0.431359
0.0417492 0.637539 0.264338 0.722445
0 0 0 0
-0.408545 0.0706518 0.888151 -0.198211
0 0 0 0
0 0 0 0
0 0 0 0
0 0 0 0
