291451
0 1.18714 0.356882 3.63677 2 709.992 231.208 378.663 167.577
1 1.14578 0.642958 3.52445 2 709.257 188.179 378.271 136.389
2 1.10524 0.922321 3.39939 2 709.479 142.726 378.389 103.446
3 1.06979 1.05634 3.37581 2 703.805 121.47 375.363 88.0398
4 1.01494 0.868307 3.55902 2 681.603 156.786 363.521 113.636
5 1.01022 0.719373 3.73295 1 671.303 183.042 358.028 132.666
6 1.01417 0.491428 3.80204 2 668.411 215.441 356.486 156.149
7 1.01201 0.429294 3.82976 2 666.629 224.19 355.536 162.49
8 1.16137 0.791769 3.33563 2 725.456 160.058 386.91 116.008
9 1.14521 0.519828 3.36113 2 720.094 202.338 384.05 146.652
10 1.00068 0.32392 3.36189 2 689.894 232.157 367.944 168.265
11 0.943561 0.281157 3.36302 2 677.948 238.676 361.572 172.989
12 1.13722 0.354772 3.64514 2 699.902 231.639 373.281 167.889
13 1.09051 0.14839 3.84448 2 680.038 261.577 362.687 189.588
14 1.11692 -0.210929 4.02482 2 675.763 307.865 360.407 223.136
15 1.18517 -0.268832 3.89438 2 694.508 316.354 370.404 229.289
16 1.21348 0.351975 3.55664 2 720.307 230.765 384.164 167.255
17 1.159 0.0588176 3.65986 2 703.085 273.028 374.979 197.887
18 1.17346 -0.270876 3.80411 2 697.404 317.467 371.949 230.096
19 1.06348 -0.336426 3.78906 2 678.027 326.387 361.615 236.561
20 1.11567 0.853473 3.43258 2 709.365 154.325 378.328 111.853
21 1.00491 0.390124 3.83631 2 664.999 229.492 354.666 166.333
22 0.991573 0.425924 3.8278 2 663 224.619 353.6 162.801
23 0.914405 0.231747 3.38375 2 670.714 246.382 357.714 178.574
24 0.919373 0.321574 3.35071 2 673.655 232.386 359.283 168.43
1
0
-0.394543 0.0120704 0.897548 -0.196464
-0.441412 0.0224332 0.87545 -0.195552
-0.484253 0.0498169 0.843666 -0.226374
0 0 0 0
0.430968 0.648664 -0.599961 -0.183163
0.298374 0.665206 -0.292974 -0.618579
-0.0464974 -0.259021 0.139292 0.954643
-0.0397873 -0.260427 0.204949 0.942651
-0.218792 0.674296 0.450182 -0.542947
0.048552 0.996227 -0.0263893 0.0669174
0.229263 -0.641827 0.212334 0.700293
0.318095 -0.616441 0.314932 0.647792
0.189786 0.717205 -0.665699 0.0802642
-0.0727411 -0.379049 0.373825 0.843378
0.212005 0.819316 -0.0956023 -0.524057
0 0 0 0
-0.324646 0.527019 0.604621 -0.501288
0.187414 0.909293 -0.0184578 0.371109
0.198348 0.964935 0.0543355 0.163117
0 0 0 0
-0.487076 0.0435351 0.846837 -0.209114
0 0 0 0
0 0 0 0
0 0 0 0
0 0 0 0
