290914
0 1.10642 0.323682 3.63394 2 694.639 235.857 370.474 170.946
1 1.07782 0.607197 3.4766 2 698.722 192.181 372.652 139.29
2 1.04737 0.884025 3.31032 2 703.396 144.92 375.145 105.036
3 1.00074 1.01015 3.29114 2 694.887 124.537 370.607 90.2625
4 0.984813 0.824128 3.47641 2 680.266 160.326 362.808 116.202
5 0.980099 0.675271 3.6503 1 669.798 186.991 357.226 135.529
6 0.995295 0.465536 3.757 1 667.123 218.168 355.799 158.125
7 0.994973 0.348664 3.7185 2 668.904 233.52 356.749 169.252
8 1.08928 0.750081 3.25187 2 716.255 163.504 382.003 118.505
9 0.958403 0.478919 3.27613 2 686.446 206.754 366.105 149.852
10 0.729484 0.364877 3.27685 2 637.649 224.643 340.08 162.818
11 0.665905 0.349416 3.2986 2 623.23 227.435 332.389 164.842
12 1.06621 0.332184 3.63567 2 686.82 234.703 366.304 170.109
13 1.07279 0.138177 3.83831 2 677.134 262.902 361.138 190.548
14 1.27065 -0.193532 3.95483 1 706.331 306.134 376.71 221.882
15 1.26952 -0.29208 3.8273 2 713.641 320.096 380.609 232.001
16 1.1255 0.310638 3.56153 2 702.7 236.785 374.773 171.619
17 1.13637 0.0179251 3.6288 2 700.62 278.696 373.664 201.995
18 1.17089 -0.270847 3.79975 2 697.179 317.504 371.829 230.123
19 1.08927 -0.335994 3.7897 2 682.742 326.331 364.129 236.52
20 1.0555 0.816007 3.35377 2 702.18 157.067 374.496 113.84
21 0.988514 0.341499 3.72231 2 667.5 234.552 356 170
22 0.990115 0.322619 3.72009 1 667.901 237.107 356.214 171.852
23 0.620587 0.311427 3.33671 2 612.185 233.86 326.498 169.499
24 0.604233 0.384191 3.25 2 612.188 221.214 326.5 160.333
1
0
-0.426112 0.0693089 0.86829 -0.24433
-0.471874 0.0822582 0.844295 -0.240279
-0.515917 0.106263 0.808121 -0.263588
0 0 0 0
0.460594 0.642101 -0.562578 -0.243035
0.319854 0.710281 -0.269467 -0.5662
-0.0239016 0.0385166 0.233904 0.971202
-0.00682154 0.0507685 -0.158302 0.986061
-0.248212 0.65763 0.42041 -0.573732
0.0501348 0.973295 -0.220567 0.0391588
-0.229483 0.764033 -0.473693 -0.373104
-0.141479 0.663365 -0.606521 -0.414804
-0.214656 -0.612222 0.746498 -0.147812
0.123729 0.317802 0.372843 0.862949
-0.295821 -0.582995 -0.0371129 0.755797
0 0 0 0
-0.346216 0.56252 0.542519 -0.519017
0.100148 0.936624 0.0547215 0.331226
0.246009 0.941885 0.107116 0.202135
0 0 0 0
-0.518636 0.100792 0.812508 -0.246351
0 0 0 0
0 0 0 0
0 0 0 0
0 0 0 0
