286072
0 0.0595215 0.0763626 2.97756 2 497.686 268.249 265.433 194.423
1 0.0472715 0.369099 2.84669 2 495.38 215.578 264.203 156.248
2 0.0348451 0.65266 2.70283 2 492.855 158.567 262.856 114.927
3 0.0838972 0.763867 2.70093 2 505.428 137.359 269.561 99.556
4 -0.00684473 0.492909 2.6454 2 482.174 186.748 257.159 135.352
5 0.0257204 0.232376 2.67526 2 490.564 237.282 261.634 171.979
6 0.108849 0.028894 2.75806 2 511.065 275.916 272.568 199.98
7 0.126712 -0.0389745 2.7997 2 515.046 288.247 274.691 208.918
8 0.128362 0.527419 2.88546 1 514.607 188.538 274.457 136.65
9 0.163503 0.332564 3.04637 1 520.869 225.963 277.797 163.775
10 0.166792 0.121696 3.17492 1 520.051 261.832 277.36 189.772
11 0.170127 0.0783839 3.12998 1 521.299 268.551 278.026 194.642
12 0.0215547 0.0875785 2.88588 2 489.087 265.873 260.846 192.701
13 0.0603903 -0.294963 3.15502 2 497.114 328.499 265.127 238.092
14 0.0308294 -0.58386 3.30883 2 490.374 370.643 261.533 268.637
15 0.0987286 -0.654717 3.27402 2 504.743 382.643 269.196 277.335
16 0.0957431 0.0627674 2.99871 2 505.887 270.631 269.806 196.15
17 0.213227 -0.214991 3.30577 2 528.291 314.104 281.755 227.658
18 0.223781 -0.496856 3.50424 2 527.914 353.028 281.554 255.87
19 0.316126 -0.518973 3.51514 2 545.892 356.03 291.142 258.045
20 0.0380173 0.583065 2.74113 2 493.52 173.28 263.211 125.591
21 0.157812 -0.0931741 2.8283 2 522.293 297.866 278.556 215.889
22 0.0803324 -0.00768477 2.83246 2 503.436 282.582 268.499 204.812
23 0.168496 0.0365422 3.17818 1 520.377 275.399 277.534 199.605
24 0.166502 0.0517219 3.15361 1 520.227 272.92 277.454 197.809
3
0
0.394109 -0.101914 0.89488 -0.182979
0.4237 -0.107953 0.881255 -0.179482
0.449722 -0.133769 0.857584 -0.210725
0 0 0 0
-0.225771 0.767614 -0.352965 0.484987
0.0280685 0.917521 0.0790488 0.388741
-0.232512 -0.313723 0.113078 0.913635
-0.201443 -0.339231 0.208757 0.894854
0.340743 0.748016 0.478099 0.309495
0.27995 0.863487 0.199424 0.369118
-0.0226197 -0.055971 0.269438 0.961124
-0.0129522 -0.0377274 -0.391605 0.919268
0.344435 -0.510378 0.661456 -0.4282
0.29576 0.885427 -0.0706842 -0.351495
0.210507 0.909559 -0.126994 -0.335054
0 0 0 0
0.265092 0.807306 0.52494 0.0492152
0.0169919 0.358042 0.420748 0.83336
-0.00828809 0.0244991 0.302171 0.952903
0 0 0 0
0.452344 -0.123097 0.862232 -0.191799
0 0 0 0
0 0 0 0
0 0 0 0
0 0 0 0
