633819
0 -0.184374 -0.175859 2.3666 2 430.392 318.806 229.542 231.066
1 -0.206478 0.0945 2.23839 2 420.542 259.854 224.289 188.339
2 -0.224927 0.35746 2.0973 2 410.033 194.762 218.684 141.161
3 -0.18776 0.469901 2.05623 2 420.922 165.126 224.492 119.681
4 -0.259613 0.233849 2.05795 2 397.086 223.631 211.779 162.085
5 -0.213468 -0.0034096 2.05699 2 412.611 282.049 220.059 204.425
6 -0.135186 -0.187089 2.14287 2 440.582 325.382 234.977 235.833
7 -0.0981578 -0.265783 2.20945 2 453.397 342.099 241.812 247.949
8 -0.140856 0.298766 2.29565 1 441.735 215.311 235.592 156.054
9 -0.0611351 0.0076026 2.24536 1 465.257 279.5 248.137 202.577
10 -0.0326486 0.0455357 2.52781 2 475.086 272.107 253.379 197.219
11 -0.0107017 0.0421008 2.61868 2 481.15 273.086 256.613 197.929
12 -0.202789 -0.158843 2.29754 2 423.266 316.192 225.742 229.172
13 -0.170748 -0.576098 2.52442 2 437.277 397.103 233.214 287.815
14 -0.22867 -0.904434 2.70572 2 425.428 451.553 226.895 327.28
15 -0.123465 -0.929499 2.68369 2 452.092 457.733 241.116 331.759
16 -0.160722 -0.188119 2.36797 2 437.294 321.401 233.223 232.947
17 -0.28994 -0.553961 2.7612 2 411.518 383.054 219.476 277.632
18 -0.354928 -0.85074 2.85248 2 397.841 433.1 212.182 313.905
19 -0.247854 -0.876026 2.7861 2 422.381 441.359 225.27 319.891
20 -0.220794 0.292899 2.13474 2 412.729 211.681 220.122 153.424
21 -0.0484196 -0.326328 2.23822 2 469.069 355.044 250.17 257.331
22 -0.101818 -0.200088 2.24817 2 452.823 326.232 241.505 236.448
23 -0.00423908 0.00487311 2.6505 2 482.858 280.282 257.524 203.144
24 0.026765 0.0413346 2.60539 2 491.012 273.193 261.873 198.007
0
0
0.363103 -0.116679 0.904822 -0.189311
0.436673 -0.131932 0.871702 -0.179015
0.500527 -0.159017 0.825431 -0.207002
0 0 0 0
-0.221808 0.726986 -0.409732 0.504393
-0.0526933 0.843015 0.0801518 0.529268
-0.155531 0.139878 0.230812 0.950247
-0.141601 0.111479 0.347433 0.920224
0.429944 0.620605 0.575732 0.313895
-0.0463394 -0.641046 -0.148852 0.751503
0.361977 0.373168 0.659693 0.5427
0.302758 0.457396 0.624484 0.55601
0.402816 -0.444488 0.673462 -0.431994
0.239968 0.891246 -0.0643939 -0.379406
0.235607 0.958215 -0.109145 -0.120002
0 0 0 0
0.137295 0.835616 0.501352 -0.1776
0.200211 0.173419 0.358875 0.895014
0.140446 0.27155 0.111818 0.945533
0 0 0 0
0.502306 -0.151296 0.830637 -0.186656
0 0 0 0
0 0 0 0
0 0 0 0
0 0 0 0
