631563
0 1.16506 0.255383 3.3562 2 724.43 242.423 386.363 175.705
1 1.14619 0.511644 3.21012 2 731.502 199.899 390.135 144.884
2 1.12196 0.762244 3.05312 2 738.894 153.761 394.077 111.444
3 1.07106 0.868218 3.00702 2 731.065 133.813 389.901 96.9859
4 1.03981 0.727979 3.13422 1 714.022 162.687 380.812 117.914
5 1.02534 0.549131 3.30527 2 698.831 196.53 372.71 142.443
6 1.00485 0.363431 3.47115 2 684.211 227.915 364.913 165.19
7 1.00327 0.284391 3.53361 1 680.28 240.26 362.816 174.137
8 1.23167 0.63509 3.00784 2 768.041 173.421 409.622 125.693
9 1.32235 0.420361 3.1008 2 779.81 212.005 415.899 153.658
10 1.35863 0.202371 3.18377 2 779.98 248.765 415.989 180.301
11 1.36722 0.161483 3.20374 2 779.989 255.482 415.994 185.17
12 1.10964 0.255778 3.32199 2 715.268 241.976 381.476 175.381
13 1.12579 -0.0438874 3.52174 2 705.174 287.557 376.093 208.417
14 1.18376 -0.329614 3.74328 2 702.856 326.062 374.856 236.325
15 1.22081 -0.395418 3.67911 2 713.781 335.987 380.683 243.519
16 1.19873 0.248543 3.32648 2 733.669 243.112 391.29 176.204
17 1.28414 -0.0510794 3.38186 2 747.152 288.914 398.481 209.401
18 1.37121 -0.342508 3.57438 2 749.943 330.1 399.97 239.252
19 1.30359 -0.416266 3.49764 2 742.353 341.927 395.922 247.824
20 1.12901 0.700094 3.09497 2 737.001 165.747 393.067 120.131
21 1.01104 0.252897 3.56587 2 679.994 245.128 362.663 177.665
22 1.01311 0.276969 3.502 2 684.027 240.963 364.814 174.646
23 1.37997 0.103616 3.24369 2 779.062 264.906 415.5 192
24 1.39378 0.169925 3.192 2 786.872 254.035 419.665 184.121
1
0
-0.00640712 -0.0313467 0.966154 -0.255973
-0.159136 0.00953318 0.95298 -0.257709
-0.31611 0.050039 0.901655 -0.29084
0 0 0 0
-0.364796 -0.600951 0.710269 -0.0360555
-0.147955 -0.438322 0.342612 0.81768
0.324242 0.789864 0.152415 0.497746
0.28379 0.804336 0.164963 0.495271
-0.0734991 0.71531 0.526524 -0.453545
0.179958 0.961296 0.199424 0.0612784
0.0723522 0.697441 0.18172 0.689434
0.0905866 0.689094 0.22436 0.683085
0.0456229 -0.62247 0.707778 -0.330907
-0.22077 -0.674773 0.188776 0.678459
0.30837 0.761702 -0.121463 -0.556745
0 0 0 0
-0.0945986 0.635432 0.6448 -0.414137
-0.0305594 0.712534 0.160123 0.682438
0.197143 0.855293 0.237358 0.416257
0 0 0 0
-0.317064 0.0509891 0.908208 -0.268384
0 0 0 0
0 0 0 0
0 0 0 0
0 0 0 0
