629477
0 -0.252567 -0.115332 2.4167 2 412.091 305.359 219.782 221.32
1 -0.282949 0.16295 2.31827 2 399.976 245.622 213.32 178.023
2 -0.31329 0.433893 2.20795 2 386.018 181.4 205.876 131.476
3 -0.304283 0.548557 2.20253 2 388.462 154.529 207.18 112.001
4 -0.331013 0.287506 2.14514 2 377.583 213.224 201.377 154.542
5 -0.283956 0.0421018 2.1296 2 392.224 271.202 209.186 196.564
6 -0.225664 -0.156607 2.19926 2 413.382 317.251 220.47 229.939
7 -0.206662 -0.230345 2.27102 2 421.349 332.56 224.72 241.035
8 -0.22905 0.375101 2.40646 1 418.388 202.196 223.14 146.549
9 -0.26451 0.159876 2.18322 2 400.59 244.133 213.648 176.944
10 -0.166641 0.0149018 2.41506 1 436.547 278.091 232.825 201.557
11 -0.130261 -0.0777296 2.40245 1 446.705 297.568 238.243 215.673
12 -0.26784 -0.12614 2.36873 2 406.184 308.163 216.631 223.352
13 -0.231223 -0.551636 2.53281 2 420.958 391.808 224.511 283.977
14 -0.240547 -0.907158 2.7117 2 422.522 451.696 225.345 327.383
15 -0.128638 -0.929557 2.68009 2 450.712 457.985 240.38 331.941
16 -0.230448 -0.101184 2.39735 2 417.869 302.563 222.863 219.294
17 -0.161581 -0.502064 2.51264 1 439.618 382.588 234.463 277.295
18 -0.268682 -0.837274 2.75438 2 416.453 436.001 222.108 316.008
19 -0.16751 -0.885545 2.71829 2 441.297 447.161 235.358 324.096
20 -0.305895 0.36725 2.23757 2 389.687 197.929 207.833 143.456
21 -0.179629 -0.306388 2.29364 2 430.049 348.871 229.36 252.857
22 -0.176038 -0.235243 2.24215 2 429.947 334.32 229.305 242.311
23 -0.119497 -0.103472 2.41783 2 450 302.847 240 219.499
24 -0.119062 -0.099813 2.409 2 450 302.158 240 219
1
1
0.344873 -0.107748 0.921936 -0.139596
0.441248 -0.122024 0.879888 -0.127307
0.544114 -0.158021 0.811498 -0.142969
0 0 0 0
-0.270114 0.739325 -0.3273 0.522793
-0.0827816 0.783465 0.0551373 0.613425
0.0936305 0.892854 0.191034 0.396927
0.293694 0.834548 0.247751 0.394834
0.388155 0.580301 0.608665 0.376979
0.270182 -0.517567 -0.286741 0.759543
-0.209744 -0.0286188 0.454336 0.865313
-0.189208 0.0739081 -0.049977 0.977875
-0.372069 0.628898 -0.506573 0.457642
0.183109 0.895032 -0.0381225 -0.40489
0.225972 0.960163 -0.0491169 -0.15688
0 0 0 0
-0.129095 0.44919 0.836774 -0.285258
-0.0219421 0.385847 0.159424 0.908419
0.193532 0.201187 0.264516 0.923093
0 0 0 0
0.545662 -0.14758 0.815334 -0.125315
0 0 0 0
0 0 0 0
0 0 0 0
0 0 0 0
