629925
0 -0.290991 -0.111854 2.42666 2 401.472 304.542 214.118 220.728
1 -0.312785 0.171396 2.33503 2 391.758 244.034 208.937 176.873
2 -0.334724 0.447252 2.23198 2 380.416 179.407 202.888 130.031
3 -0.325031 0.56349 2.23005 2 383.186 152.657 204.366 110.644
4 -0.346885 0.300328 2.16599 2 373.528 210.858 199.215 152.827
5 -0.285519 0.0663176 2.15052 2 392.613 265.599 209.394 192.502
6 -0.21718 -0.12864 2.23727 2 417.207 310.304 222.51 224.904
7 -0.196168 -0.199833 2.31141 2 425.588 324.964 226.98 235.529
8 -0.250444 0.388456 2.43052 1 412.956 200.174 220.243 145.084
9 -0.240906 0.121364 2.27274 2 411.061 254.188 219.232 184.232
10 -0.141151 -0.0435219 2.49066 1 445.023 290.044 237.345 210.22
11 -0.135059 -0.135532 2.46136 1 446.25 309.054 238 223.998
12 -0.306451 -0.104703 2.3754 2 395.198 303.526 210.772 219.991
13 -0.242021 -0.502339 2.53921 2 418.218 381.614 223.05 276.589
14 -0.22459 -0.898993 2.70399 1 426.439 450.627 227.434 326.608
15 -0.122862 -0.92677 2.68494 2 452.264 457.128 241.207 331.32
16 -0.269013 -0.11513 2.41142 2 407.232 305.373 217.191 221.33
17 -0.283606 -0.588156 2.617 2 409.137 395.388 218.207 286.572
18 -0.400249 -0.861005 2.87351 2 387.535 433.841 206.685 314.442
19 -0.2952 -0.878199 2.79547 2 410.854 441.24 219.122 319.805
20 -0.329456 0.379415 2.25979 2 383.395 195.991 204.477 142.052
21 -0.157636 -0.27548 2.33696 2 437.549 340.888 233.36 247.071
22 -0.257897 -0.182508 2.31679 2 407.371 321.092 217.265 232.723
23 -0.134837 -0.135321 2.45732 2 446.25 309.057 238 224
24 -0.132552 -0.139391 2.45239 1 446.814 309.952 238.301 224.649
1
1
0.32093 -0.0855216 0.933521 -0.135015
0.43779 -0.102101 0.884758 -0.122956
0.558222 -0.139892 0.806118 -0.137814
0 0 0 0
-0.289078 0.726072 -0.311973 0.540302
-0.10676 0.759113 0.0770798 0.637502
-0.239851 -0.512696 0.0861056 0.819878
-0.304957 -0.50837 0.260207 0.762137
0.388579 0.580585 0.610742 0.372722
0.139074 -0.556623 -0.224417 0.787697
-0.227995 -0.0730921 0.405737 0.882074
-0.0428103 0.0709736 -0.150625 0.98511
0.418582 -0.508818 0.625288 -0.41822
0.206133 0.876982 -0.0174703 -0.433713
0.196444 0.970826 -0.00690357 -0.137328
0 0 0 0
-0.101677 0.673553 0.654892 -0.327268
0.100431 0.420376 0.177582 0.884117
0.250554 0.246189 0.299014 0.887245
0 0 0 0
0.559889 -0.129395 0.809558 -0.119986
0 0 0 0
0 0 0 0
0 0 0 0
0 0 0 0
