632215
0 1.15823 0.232014 3.36255 2 722.543 246.042 385.356 178.328
1 1.14133 0.503442 3.2116 2 730.326 201.243 389.507 145.858
2 1.11941 0.762498 3.0515 2 738.448 153.651 393.839 111.364
3 1.05904 0.876441 3.00888 2 728.141 132.509 388.342 96.0409
4 0.981929 0.674712 3.27598 2 691.637 176.203 368.873 127.709
5 1.00333 0.474722 3.42247 2 686.858 210.568 366.324 152.617
6 1.00776 0.318677 3.53163 1 681.297 235.291 363.359 170.536
7 1.00188 0.285125 3.54592 1 679.319 240.299 362.303 174.165
8 1.22637 0.638434 3.00809 2 766.795 172.862 408.957 125.288
9 1.301 0.405686 3.07549 2 777.423 213.873 414.626 155.012
10 1.31698 0.209826 3.1213 2 776.636 246.898 414.206 178.948
11 1.30173 0.136809 3.14987 2 770.585 259.044 410.978 187.752
12 1.10675 0.220009 3.32541 2 714.407 247.501 381.017 179.385
13 1.10621 -0.0923693 3.55489 2 699.248 294.439 372.932 213.405
14 1.19765 -0.387973 3.70644 2 707.7 334.546 377.44 242.474
15 1.12274 -0.458309 3.63636 2 697.708 345.417 372.111 250.354
16 1.18807 0.237382 3.33445 2 730.83 244.914 389.776 177.51
17 1.28097 -0.0533837 3.37605 2 746.954 289.276 398.376 209.663
18 1.36847 -0.335942 3.56947 2 749.773 329.228 399.879 238.62
19 1.29184 -0.40667 3.49996 2 739.833 340.483 394.578 246.778
20 1.12615 0.699192 3.09362 2 736.47 165.846 392.784 120.203
21 1.00929 0.249621 3.56522 2 679.686 245.59 362.499 178
22 1.00174 0.280032 3.5122 2 681.183 240.641 363.298 174.413
23 1.31162 0.0621509 3.18577 2 769.496 271.255 410.398 196.602
24 1.28007 0.172133 3.2026 2 761.126 253.785 405.934 183.94
0
1
0.0883559 -0.0508689 0.963595 -0.247165
-0.130921 0.00610067 0.95874 -0.252271
-0.365348 0.0674997 0.883836 -0.28425
0 0 0 0
0.413566 0.722734 -0.525933 -0.173243
-0.0919627 -0.144627 0.299456 0.938591
0.288619 0.925583 0.0842802 0.229984
0.212497 0.942794 -0.0268973 0.255462
-0.079204 0.713999 0.53324 -0.446752
0.120714 0.974775 0.162602 0.0938212
-0.0460507 -0.0538824 0.112023 0.991175
0.0818879 -0.0822292 0.190372 0.974829
-0.0817161 0.677 -0.632788 0.366841
0.240983 0.73648 -0.197424 -0.600457
-0.215721 -0.375624 0.156485 0.887628
0 0 0 0
-0.112389 0.542402 0.743161 -0.375339
-0.0709273 0.644669 0.151823 0.745869
0.213585 0.87158 0.233745 0.37429
0 0 0 0
-0.365957 0.0698131 0.890717 -0.260431
0 0 0 0
0 0 0 0
0 0 0 0
0 0 0 0
