635012
0 1.16342 0.197166 3.3483 2 724.639 251.197 386.474 182.064
1 1.14039 0.484088 3.20611 2 730.536 204.189 389.619 147.993
2 1.11524 0.764628 3.04951 2 737.666 153.212 393.422 111.046
3 1.06519 0.8837 3.00476 2 729.895 131.072 389.277 94.9993
4 0.996769 0.657016 3.18396 2 700.927 175.973 373.828 127.543
5 0.987567 0.479873 3.35757 2 687.546 208.415 366.691 151.057
6 0.963767 0.312905 3.4886 2 674.954 235.58 359.976 170.745
7 0.976632 0.24459 3.49286 2 677.254 245.588 361.202 177.999
8 1.223 0.644935 3.00825 2 766.003 171.765 408.535 124.493
9 1.29724 0.413016 3.08111 2 776.041 212.781 413.888 154.221
10 1.33048 0.198217 3.1427 2 777.626 249.016 414.734 180.484
11 1.3297 0.153411 3.16701 2 775.184 256.486 413.432 185.898
12 1.10487 0.194805 3.33478 2 713.351 251.449 380.454 182.247
13 1.09865 -0.0407543 3.49795 2 701.272 287.143 374.012 208.117
14 1.18259 -0.347602 3.69627 1 705.455 329.119 376.243 238.541
15 1.13732 -0.350714 3.76961 2 692.717 328.581 369.449 238.151
16 1.20094 0.195354 3.29588 2 736.459 250.987 392.778 181.912
17 1.28613 -0.0808993 3.36049 2 749.255 293.49 399.603 212.718
18 1.36057 -0.335533 3.55807 2 749.081 329.323 399.51 238.689
19 1.29644 -0.4095 3.4773 2 742.439 341.289 395.968 247.362
20 1.1219 0.695578 3.09128 2 735.704 166.357 392.375 120.574
21 0.985787 0.198494 3.51525 2 677.808 252.488 361.498 183
22 1.00252 0.218704 3.459 2 684.375 249.038 365 180.499
23 1.34206 0.0899132 3.19295 2 775.5 266.838 413.6 193.4
24 1.35965 0.149094 3.15489 2 782.918 257.087 417.556 186.333
0
1
-0.17335 0.00427422 0.9575 -0.230489
-0.232582 0.0186053 0.944861 -0.229777
-0.291113 0.0403263 0.917391 -0.268366
0 0 0 0
0.31326 0.783243 -0.530735 -0.0819712
-0.161029 -0.437749 0.342376 0.815613
0.318014 0.848517 0.0892783 0.41342
-0.0102803 0.906765 0.0972083 0.410149
-0.0890669 0.712017 0.558181 -0.416573
0.137291 0.976077 0.157924 0.0590409
0.0704437 0.809487 0.140127 0.565802
0.20347 0.783355 0.13843 0.570782
-0.0708201 -0.682131 0.689463 -0.233072
-0.164918 -0.557332 0.248749 0.774795
0.0160713 0.418011 0.300794 0.857048
0 0 0 0
-0.205421 0.570634 0.666148 -0.43408
0.0114206 0.81865 0.183222 0.544161
0.226479 0.834574 0.252621 0.434023
0 0 0 0
-0.293288 0.0366819 0.923091 -0.246047
0 0 0 0
0 0 0 0
0 0 0 0
0 0 0 0
