645445
0 1.09029 0.186799 3.15114 2 723.614 250.997 385.928 181.919
1 1.05421 0.457351 2.98098 2 729.111 202.949 388.859 147.094
2 1.0114 0.721806 2.7955 2 734.95 149.401 391.973 108.284
3 1.0051 0.832287 2.80029 2 732.961 129.485 390.912 93.8488
4 0.882416 0.632006 2.72044 1 708.871 162.674 378.065 117.904
5 0.676951 0.60655 2.71984 1 656.271 167.6 350.011 121.474
6 0.641468 0.694144 2.53261 2 659.492 141.437 351.729 102.511
7 0.663832 0.688985 2.55519 2 664.011 143.698 354.139 104.15
8 1.04311 0.62547 2.75048 2 747.055 165.124 398.43 119.68
9 0.770444 0.600969 2.68142 2 683.043 166.939 364.29 120.995
10 0.504376 0.640814 2.62039 2 617.122 156.715 329.132 113.585
11 0.501869 0.61041 2.60716 2 617.097 162.051 329.119 117.452
12 1.02211 0.183001 3.15253 2 708.388 251.642 377.807 182.387
13 1.07137 -0.0336512 3.4597 2 698.188 286.162 372.367 207.406
14 1.20613 -0.357707 3.67335 2 711.332 330.832 379.377 239.782
15 1.21408 -0.443792 3.57047 2 719.55 344.581 383.76 249.747
16 1.13009 0.187594 3.07583 2 738.579 250.108 393.909 181.275
17 1.13676 -0.118526 3.20114 2 729.963 300.085 389.313 217.498
18 1.20747 -0.424295 3.403 2 729.879 344.799 389.269 249.906
19 1.15516 -0.505991 3.40738 2 718.892 356.935 383.409 258.702
20 1.02329 0.65687 2.84419 2 733.524 163.326 391.213 118.376
21 0.707688 0.733067 2.5193 2 678.755 132.728 362.003 96.1995
22 0.643283 0.693776 2.52591 2 660.461 141.136 352.246 102.293
23 0.438143 0.557022 2.588 2 600.938 171.775 320.5 124.5
24 0.472349 0.673293 2.6175 2 608.815 150.248 324.702 108.897
1
1
-0.252046 0.0160084 0.925771 -0.281361
-0.194148 -0.00147128 0.93962 -0.281813
-0.118574 -0.0366721 0.939019 -0.320684
0 0 0 0
-0.0302688 -0.541666 0.658299 -0.521847
0.562168 -0.397879 0.349985 0.634957
0.757075 -0.520697 0.368325 -0.141591
0.00505165 0.540163 0.647964 0.536974
0.015384 -0.18834 -0.586529 0.787575
-0.115993 0.735047 -0.665699 0.0556344
0.750195 -0.0631967 -0.0970824 0.650991
0.165092 -0.656732 -0.124881 0.725157
0.196797 0.700159 -0.658389 0.193836
-0.298134 -0.456373 0.354075 0.759915
-0.313805 -0.640657 0.0847542 0.69563
0 0 0 0
-0.229162 0.511952 0.672425 -0.482944
0.161534 0.847416 0.106155 0.494493
0.24926 0.922812 0.167798 0.241104
0 0 0 0
-0.118394 -0.0294558 0.946066 -0.300124
0 0 0 0
0 0 0 0
0 0 0 0
0 0 0 0
