643517
0 -0.245503 -0.082899 2.47412 2 415.737 298.162 221.726 216.104
1 -0.287073 0.184365 2.38461 2 401.117 242.063 213.929 175.444
2 -0.321146 0.443805 2.28412 2 386.919 182.533 206.357 132.297
3 -0.279234 0.564116 2.26761 2 398.858 154.706 212.725 112.128
4 -0.389249 0.303095 2.21588 2 362.788 211.784 193.487 153.498
5 -0.374602 0.079344 2.16543 2 364.806 262.64 194.563 190.358
6 -0.237192 -0.191013 2.13768 2 407.606 326.455 217.39 236.61
7 -0.183508 -0.261574 2.12528 2 424.53 343.543 226.416 248.995
8 -0.212987 0.379024 2.49855 2 425.248 204.333 226.799 148.098
9 -0.0639817 0.308838 2.63538 2 467.26 221.906 249.205 160.834
10 0.0292154 0.48915 2.52048 2 491.945 182.797 262.37 132.489
11 0.0516858 0.527662 2.49706 2 498.229 173.991 265.722 126.107
12 -0.271895 -0.0997085 2.39274 2 405.806 302.3 216.43 219.103
13 -0.278494 -0.53264 2.59229 2 409.83 385.534 218.576 279.43
14 -0.297005 -0.876706 2.78991 2 410.259 441.288 218.805 319.839
15 -0.216919 -0.921762 2.73563 2 429.041 452.925 228.822 328.274
16 -0.211893 -0.0636461 2.48908 2 425.447 294.143 226.905 213.191
17 -0.138646 -0.47076 2.75489 2 449.292 367.822 239.622 266.592
18 -0.217022 -0.851932 2.89183 2 432.049 431.152 230.426 312.493
19 -0.153759 -0.893129 2.82957 2 446.352 441.945 238.054 320.316
20 -0.313502 0.379919 2.31154 2 390.436 197.814 208.232 143.373
21 -0.146734 -0.321064 2.13944 2 436.734 357.244 232.925 258.925
22 -0.155591 -0.245143 2.0985 2 432.943 340.354 230.903 246.684
23 0.0700864 0.599135 2.48327 2 503.438 158.666 268.5 114.999
24 0.0635655 0.513789 2.463 2 501.751 175.374 267.601 127.109
3
0
0.480087 -0.142524 0.859395 -0.103167
0.470222 -0.141334 0.864832 -0.104791
0.461687 -0.143836 0.862305 -0.150285
0 0 0 0
-0.187754 0.767391 -0.445366 0.421318
-0.113802 0.984261 0.0168644 0.134143
-0.155971 0.843404 0.178311 0.482233
-0.222052 0.818743 0.237919 0.473019
0.394155 0.626901 0.585265 0.330306
-0.430908 -0.00811217 0.387853 0.814753
0.349314 0.0999965 0.874369 -0.32165
0.357045 0.125574 0.86882 -0.319221
-0.386546 0.636036 -0.504167 0.438014
0.205267 0.944041 -0.061832 -0.250657
0.233672 0.907493 -0.110904 -0.330991
0 0 0 0
0.271677 0.515475 0.811191 0.0494545
0.00154962 0.258842 0.293271 0.920321
0.155277 0.383291 0.117909 0.902815
0 0 0 0
0.461518 -0.139507 0.866985 -0.125999
0 0 0 0
0 0 0 0
0 0 0 0
0 0 0 0
