647815
0 1.17991 0.297796 3.38498 2 725.45 236.361 386.907 171.311
1 1.17291 0.545227 3.24451 2 734.622 195.468 391.799 141.672
2 1.16281 0.786014 3.09382 2 744.706 151.513 397.177 109.815
3 1.12089 0.903719 3.0512 2 738.804 130.015 394.029 94.2329
4 1.06971 0.770159 3.15783 2 718.909 156.736 383.418 113.6
5 0.991458 0.593585 3.3294 2 690.198 190.35 368.106 137.963
6 0.93485 0.376197 3.46248 2 670.625 225.935 357.666 163.755
7 0.926862 0.279381 3.52366 2 665.716 240.896 355.049 174.598
8 1.27859 0.686024 3.07996 2 771.945 167.507 411.704 121.407
9 1.38004 0.508238 3.23149 2 780.235 200.92 416.125 145.624
10 1.44056 0.322542 3.34565 2 782.662 231.997 417.42 168.148
11 1.43271 0.26458 3.39036 1 777.094 241.376 414.45 174.946
12 1.12458 0.293328 3.35528 2 716.081 236.658 381.91 171.527
13 1.11885 -0.029565 3.56416 2 701.155 285.434 373.949 206.879
14 1.22748 -0.326084 3.69775 2 713.838 326.148 380.713 236.387
15 1.17301 -0.360827 3.75406 2 700.236 330.166 373.459 239.3
16 1.21158 0.296468 3.34634 2 734.875 236.031 391.933 171.072
17 1.28087 -0.0563824 3.37525 2 746.997 289.731 398.398 209.993
18 1.36212 -0.35771 3.60421 2 745.971 331.843 397.851 240.515
19 1.31562 -0.438068 3.61019 2 736.573 343.106 392.839 248.679
20 1.16606 0.726881 3.13352 2 742.108 162.796 395.791 117.992
21 0.929629 0.221212 3.57196 2 663.75 249.729 354 181
22 0.902034 0.276309 3.52282 2 660.848 241.339 352.452 174.919
23 1.4264 0.207253 3.41996 2 773.254 250.28 412.402 181.4
24 1.4036 0.251108 3.36906 2 772.935 243.168 412.232 176.245
1
0
-0.0375487 -0.00281237 0.966058 -0.255565
-0.133728 0.0226948 0.957494 -0.254571
-0.231908 0.0475192 0.927867 -0.288137
0 0 0 0
-0.330112 -0.541165 0.768561 -0.0864977
0.225438 0.786745 -0.327759 -0.472
-0.0136192 -0.415721 0.289004 0.862245
-0.0831996 -0.401634 0.267253 0.871977
0.0140808 0.72265 0.586546 -0.365434
0.23169 0.868108 0.311897 0.308914
0.293777 0.742045 -0.057227 -0.599824
0.218832 0.745928 -0.241801 -0.580721
0.0157866 -0.652567 0.681375 -0.331112
-0.18791 -0.65564 0.211959 0.699928
-0.101599 0.26807 0.239347 0.927647
0 0 0 0
-0.17481 0.578442 0.675389 -0.422724
-0.0353339 0.73467 0.0984929 0.670306
0.270431 0.905954 0.193973 0.261706
0 0 0 0
-0.232022 0.0490391 0.934134 -0.266747
0 0 0 0
0 0 0 0
0 0 0 0
0 0 0 0
