6381185
0 0.899819 -0.326089 3.8227 2 646.474 324.549 344.786 235.229
1 0.828274 -0.0590001 3.74174 2 636.642 289.214 339.542 209.618
2 0.750488 0.203554 3.64541 2 625.918 252.878 333.823 183.282
3 0.683433 0.318493 3.65804 2 612.757 237.042 326.804 171.805
4 0.66831 0.0375133 3.79871 1 605.13 276.206 322.736 200.19
5 0.619506 -0.0541801 3.9553 1 591.775 288.149 315.613 208.847
6 0.539224 0.0466834 3.70366 2 584.149 274.828 311.546 199.191
7 0.512659 0.0997821 3.66644 1 580.171 267.431 309.424 193.83
8 0.895782 0.191357 3.62476 1 654.594 254.388 349.117 184.377
9 0.817511 0.0966647 3.3738 2 651.218 266.658 347.316 193.27
10 0.577417 0.127546 3.2317 2 607.044 261.204 323.757 189.317
11 0.514737 0.14598 3.22869 2 593.728 258.303 316.655 187.214
12 0.832235 -0.340126 3.80063 2 635.07 326.656 338.704 236.755
13 0.599685 -0.183278 3.43831 2 604.106 308.232 322.19 223.402
14 0.546531 -0.519926 3.41791 2 594.246 358.416 316.931 259.775
15 0.500341 -0.590026 3.41241 2 585.108 368.984 312.057 267.435
16 0.950521 -0.302755 3.77237 2 658.006 322.004 350.936 233.384
17 1.04454 -0.220711 3.32662 2 701.255 314.997 374.003 228.306
18 1.25259 -0.479139 3.3579 2 742.616 354.017 396.062 256.587
19 1.19513 -0.402771 3.29636 2 735.277 343.535 392.148 248.99
20 0.770442 0.13851 3.67187 2 628.641 262.07 335.275 189.945
21 0.44868 0.0952047 3.69624 1 567.447 268.175 302.638 194.369
22 0.482963 0.0729198 3.58595 1 576.617 270.916 307.529 196.356
23 0.432377 0.199755 3.21325 2 576.562 249.729 307.5 181
24 0.536963 0.173203 3.19031 2 599.883 253.695 319.938 183.875
0
0
-0.0810278 -0.114244 0.978237 -0.153084
-0.133559 -0.105839 0.972459 -0.159011
-0.184618 -0.102601 0.95468 -0.209703
0 0 0 0
0.337541 0.866911 -0.35005 -0.109525
0.0472243 -0.178675 0.503773 0.843835
-0.00964642 -0.166036 0.823576 -0.542274
-0.0562046 -0.184831 0.935789 -0.294921
0.0075229 0.524741 0.826741 -0.202707
-0.530605 0.814667 -0.221383 0.0759328
-0.525746 0.646505 -0.527824 -0.164388
0.437762 -0.516807 0.67029 0.303291
-0.0396854 0.747946 -0.633701 0.193456
0.737865 -0.300072 -0.355963 0.488674
0.0797599 -0.621396 0.0252777 0.779016
0 0 0 0
-0.147943 0.485315 0.795842 -0.33048
0.7237 -0.548037 0.254716 -0.333218
-0.173204 0.725137 0.286794 0.601603
0 0 0 0
-0.187613 -0.102057 0.958741 -0.187618
0 0 0 0
0 0 0 0
0 0 0 0
0 0 0 0
