6399239
0 0.0350789 0.00952395 2.84116 2 492.436 279.517 262.633 202.59
1 -0.014627 0.28218 2.6918 2 480.221 228.177 256.118 165.38
2 -0.0633199 0.547627 2.52967 2 466.694 171.349 248.903 124.191
3 -0.0127319 0.665267 2.49319 2 480.429 145.57 256.229 105.507
4 -0.140956 0.404932 2.49545 2 445.057 198.981 237.364 144.219
5 -0.147043 0.162872 2.53657 2 444.116 248.738 236.862 180.282
6 -0.0629768 -0.0734117 2.62785 2 467.496 295.33 249.331 214.051
7 -0.0443499 -0.11954 2.66302 2 472.517 303.901 252.009 220.263
8 0.042871 0.504227 2.69446 2 494.919 186.334 263.957 135.052
9 0.13282 0.269655 2.84011 2 516.109 233.177 275.258 169.003
10 0.212971 0.0533939 2.77882 1 536.623 271.495 286.199 196.776
11 0.226537 -0.0128348 2.78199 1 539.917 283.544 287.956 205.509
12 -0.00991391 -0.000734255 2.7565 2 481.487 281.345 256.793 203.915
13 -0.0146322 -0.348132 2.96758 2 480.566 340.575 256.302 246.844
14 -0.0206551 -0.661287 3.12631 2 479.401 388.534 255.681 281.604
15 0.0541906 -0.730281 3.08848 2 496.065 401.286 264.568 290.846
16 0.0783985 0.0197885 2.84838 2 502.861 277.7 268.192 201.273
17 0.118064 -0.284019 3.15696 2 509.664 326.718 271.821 236.801
18 0.0983343 -0.548354 3.35349 2 504.147 364.06 268.878 263.866
19 0.150483 -0.600415 3.36777 2 514.739 371.588 274.528 269.322
20 -0.0514386 0.482487 2.57259 2 470.18 186.121 250.763 134.898
21 -0.0215294 -0.183041 2.69503 2 478.468 315.549 255.183 228.706
22 -0.0209583 -0.0919735 2.64947 2 478.523 298.756 255.212 216.534
23 0.23042 -0.0291135 2.7649 1 541.23 286.536 288.656 207.677
24 0.190697 -0.0335849 2.75225 1 531.565 287.381 283.501 208.289
1
0
0.361181 -0.16762 0.89586 -0.197199
0.37445 -0.170531 0.890395 -0.194687
0.386466 -0.187215 0.87373 -0.228454
0 0 0 0
-0.10455 0.776697 -0.463381 0.41363
0.0844216 0.963936 0.00923335 0.252222
-0.0443362 0.514133 0.235307 0.823609
0.015558 0.475165 0.348151 0.80794
0.395639 0.613695 0.642896 0.231372
0.0585769 0.643401 0.304436 0.699944
0.0206534 0.715453 0.215547 -0.664259
0.0856037 0.730913 0.0581179 -0.674582
-0.334668 0.630977 -0.578621 0.393779
0.248634 0.895935 -0.104427 -0.352954
0.215032 0.912691 -0.0885651 -0.336025
0 0 0 0
0.240129 0.614805 0.745744 -0.0906539
0.101725 0.352934 0.374604 0.851329
0.0814161 0.152171 0.304691 0.936685
0 0 0 0
0.387193 -0.180048 0.880049 -0.207792
0 0 0 0
0 0 0 0
0 0 0 0
0 0 0 0
