6380820
0 0.906103 -0.334215 3.82068 2 647.709 325.656 345.445 236.031
1 0.850613 -0.0699199 3.75166 2 640.374 290.672 341.533 210.675
2 0.789 0.189464 3.67122 2 632.191 255.018 337.169 184.833
3 0.723646 0.294253 3.66155 2 620.237 240.434 330.793 174.263
4 0.667836 0.0343646 3.8009 1 604.973 276.629 322.652 200.497
5 0.69476 -0.0987482 3.9486 1 605.149 293.886 322.746 213.005
6 0.602465 0.0180635 3.70797 2 595.82 278.743 317.77 202.029
7 0.583314 0.0665063 3.62892 2 594.621 271.926 317.131 197.088
8 0.90654 0.185936 3.62862 2 656.473 255.173 350.119 184.946
9 0.777556 0.100569 3.38491 2 642.454 266.126 342.642 192.884
10 0.57008 0.0825857 3.20816 2 606.358 268.163 323.391 194.361
11 0.515596 0.0887087 3.21724 2 594.292 267.242 316.956 193.693
12 0.837333 -0.348035 3.79329 2 636.302 327.806 339.361 237.589
13 0.610318 -0.2187 3.46077 2 605.462 313.25 322.913 227.039
14 0.524809 -0.542034 3.40429 2 590.289 362.024 314.821 262.39
15 0.478539 -0.614026 3.31086 2 583.696 375.383 311.304 272.073
16 0.957881 -0.313904 3.78425 2 658.814 323.376 351.368 234.379
17 1.08362 -0.194871 3.3888 2 705.276 310.498 376.147 225.045
18 1.27645 -0.483421 3.39443 2 744.717 353.88 397.182 256.488
19 1.29239 -0.553847 3.32094 2 753.896 366.334 402.078 265.514
20 0.805117 0.125367 3.69365 2 634.298 263.984 338.293 191.332
21 0.519132 0.0620173 3.65876 1 581.591 272.628 310.182 197.597
22 0.553852 0.0415524 3.54893 1 591.384 275.28 315.405 199.519
23 0.451918 0.107708 3.19653 2 581.246 264.148 309.998 191.451
24 0.522413 0.131628 3.17081 2 597.412 260.175 318.62 188.572
0
0
-0.0131849 -0.0991683 0.986875 -0.126767
-0.106981 -0.0866627 0.981148 -0.135624
-0.20314 -0.0812897 0.958076 -0.184975
0 0 0 0
0.269539 0.84952 -0.442541 -0.0991055
-0.234568 -0.378839 0.336548 0.829575
0.110684 -0.258976 0.833163 -0.475941
0.138348 -0.191274 0.858316 -0.455595
-0.078258 0.465955 0.847613 -0.241483
-0.519717 0.804791 -0.286392 0.0135833
-0.516875 0.721593 -0.447127 -0.110553
0.256525 -0.579914 0.699487 0.329564
-0.0709579 0.741853 -0.634986 0.203502
0.734954 -0.304507 -0.335799 0.504338
0.152659 -0.585921 0.00778593 0.795821
0 0 0 0
-0.109612 0.523513 0.800461 -0.27052
0.750644 -0.476726 0.27276 -0.367242
-0.161977 0.778303 0.24103 0.556697
0 0 0 0
-0.205516 -0.0788252 0.962051 -0.161272
0 0 0 0
0 0 0 0
0 0 0 0
0 0 0 0
