6392307
0 -0.0641611 0.00645491 2.83692 2 468.424 280.061 249.826 202.984
1 -0.021164 0.294651 2.69918 2 478.565 225.98 255.235 163.787
2 0.013782 0.574441 2.54982 2 487.685 166.852 260.099 120.932
3 0.0994441 0.661747 2.55304 2 510.86 149.472 272.459 108.335
4 -0.0682003 0.432198 2.49177 2 465.106 193.305 248.056 140.105
5 -0.0587296 0.17223 2.51458 2 467.908 246.58 249.551 178.717
6 0.0294815 -0.0528739 2.60702 2 491.723 291.461 262.252 211.247
7 0.0402659 -0.111499 2.6414 2 494.428 302.547 263.695 219.282
8 0.080727 0.502065 2.71609 1 504.434 187.495 269.032 135.894
9 0.22122 0.340565 2.93013 1 535.902 222.365 285.815 161.167
10 0.20008 0.146251 3.04995 2 529.039 256.962 282.154 186.243
11 0.223752 0.119271 3.08496 2 533.801 261.66 284.694 189.647
12 -0.0940429 0.00746328 2.75805 2 460.537 279.843 245.62 202.826
13 0.00425239 -0.343498 2.94299 2 484.95 340.273 258.64 246.625
14 -0.0265642 -0.668584 3.09618 2 478.04 390.791 254.955 283.24
15 0.0454475 -0.743796 3.05922 2 494.211 404.705 263.579 293.325
16 -0.03276 0.00492582 2.83824 2 476.03 280.334 253.882 203.182
17 0.158559 -0.27955 3.16083 2 518.442 325.951 276.503 236.245
18 0.104359 -0.550165 3.34949 2 505.41 364.435 269.552 264.138
19 0.164834 -0.594853 3.36329 2 517.72 370.87 276.117 268.801
20 0.00577555 0.506693 2.58972 2 485.494 181.989 258.93 131.903
21 0.0694583 -0.170426 2.67295 2 501.811 313.447 267.633 227.182
22 0.0678545 -0.0516619 2.68598 2 501.308 290.932 267.364 210.863
23 0.241067 0.0716285 3.09404 2 537.5 269.504 286.667 195.333
24 0.177531 0.139354 3.05325 2 523.91 258.133 279.419 187.091
3
0
0.395896 -0.0267125 0.889019 -0.228471
0.429984 -0.0355291 0.873041 -0.227266
0.454766 -0.0772577 0.849602 -0.255724
0 0 0 0
-0.142545 0.704636 -0.46932 0.512746
0.0342741 0.932056 0.0326644 0.359208
-0.122981 0.247965 0.223696 0.934532
-0.0211123 0.215902 0.271247 0.937745
0.446723 0.677411 0.533569 0.238447
0.347949 0.860634 0.334919 0.161461
-0.0934401 -0.477491 0.259787 0.834136
-0.43035 -0.431933 0.213904 0.763202
0.30081 -0.503614 0.644585 -0.490301
0.264553 0.890724 0.0254856 -0.368745
0.19011 0.917426 -0.114968 -0.330106
0 0 0 0
0.167326 0.70921 0.669107 -0.14601
-0.254154 -0.065232 0.365026 0.893256
0.108421 0.0752355 0.288977 0.948197
0 0 0 0
0.46077 -0.0606654 0.85392 -0.23416
0 0 0 0
0 0 0 0
0 0 0 0
0 0 0 0
