6404549
0 0.149023 0.0731805 2.99158 2 518.178 268.845 276.361 194.855
1 0.176227 0.365254 2.85563 2 526.42 216.447 280.758 156.878
2 0.20367 0.64808 2.71112 2 535.824 159.764 285.773 115.795
3 0.311198 0.697006 2.73569 2 562.572 151.643 300.039 109.909
4 0.10849 0.503613 2.64228 2 512.253 184.556 273.201 133.764
5 0.233056 0.269405 2.67603 2 543.87 230.248 290.064 166.88
6 0.396497 0.142356 2.78963 2 581.78 255.366 310.283 185.086
7 0.455012 0.097728 2.84592 1 594.035 263.813 316.819 191.208
8 0.295801 0.5684 2.83826 1 555.852 179.553 296.454 130.137
9 0.338726 0.248299 2.83332 1 566.232 236.831 301.991 171.652
10 0.384272 0.156328 3.11962 2 568.696 255.843 303.305 185.432
11 0.39216 0.124255 3.213 2 567.913 261.636 302.887 189.63
12 0.105098 0.0785113 2.91707 2 508.705 267.607 271.309 193.958
13 0.0858551 -0.319066 3.03765 2 503.39 334.353 268.474 242.335
14 0.00515567 -0.653373 3.13641 2 485.09 386.897 258.715 280.418
15 0.0674282 -0.732279 3.08204 2 499.055 401.872 266.163 291.271
16 0.188878 0.0710182 2.99911 2 527.227 269.239 281.188 195.14
17 0.144395 -0.293141 3.03633 2 516.654 330.056 275.549 239.22
18 0.133632 -0.529093 3.221 1 512.526 364.446 273.347 264.145
19 0.108189 -0.64333 3.15251 1 507.616 384.736 270.729 278.852
20 0.196132 0.579169 2.74984 2 533.154 174.308 284.349 126.336
21 0.493494 0.066949 2.88216 2 601.875 269.439 321 195.286
22 0.445328 0.0554793 2.84883 2 591.564 271.346 315.501 196.668
23 0.451263 0.0914957 3.25409 2 579.378 266.974 309.001 193.499
24 0.341003 0.106138 3.1876 2 557.516 264.363 297.342 191.607
3
0
0.329229 -0.0321344 0.918316 -0.21742
0.356301 -0.0385639 0.908155 -0.216372
0.379605 -0.0539235 0.888734 -0.251286
0 0 0 0
-0.152407 0.717208 -0.487486 0.47407
-0.038724 0.88404 0.246139 0.395461
-0.469569 -0.642456 -0.102413 0.596881
-0.506809 -0.652447 -0.0479294 0.561391
0.353679 0.723562 0.578471 0.129383
-0.0446114 -0.663833 -0.0500367 0.74487
-0.478101 -0.570719 0.346726 0.570509
-0.453201 -0.588944 0.364302 0.561282
0.248411 -0.528247 0.684873 -0.436114
0.122288 0.89287 -0.0841387 -0.425147
0.0882691 0.914392 -0.158272 -0.362003
0 0 0 0
0.213206 0.71971 0.65416 -0.0929314
0.0788722 0.622082 0.00180672 0.778967
0.261937 0.724564 0.194677 0.607039
0 0 0 0
0.382222 -0.0499093 0.894728 -0.225562
0 0 0 0
0 0 0 0
0 0 0 0
0 0 0 0
