6405855
0 0.894533 -0.351427 3.76126 2 648.188 328.688 345.7 238.228
1 0.874039 -0.101859 3.71456 2 646.339 295.136 344.714 213.91
2 0.848098 0.145081 3.65866 2 643.918 261.075 343.423 189.224
3 0.811177 0.266809 3.63347 2 638.014 243.924 340.274 176.793
4 0.715952 0.0840765 3.75653 2 615.289 269.862 328.154 195.592
5 0.707845 -0.0599536 3.88532 1 609.462 289.033 325.046 209.487
6 0.826736 -0.207249 3.94462 1 628.492 307.872 335.196 223.142
7 0.867048 -0.256397 3.96817 1 634.699 314.012 338.506 227.592
8 0.955064 0.0900798 3.59325 2 667.571 268.467 356.038 194.581
9 1.03865 -0.0052885 3.41947 2 694.047 281.998 370.158 204.388
10 0.874051 -0.0215379 3.25238 1 669.62 284.577 357.131 206.258
11 0.921142 -0.145536 3.06809 2 691.619 305.354 368.864 221.316
12 0.825645 -0.350124 3.75213 2 635.823 328.6 339.106 238.165
13 0.541127 -0.257856 3.46119 2 591.628 318.965 315.535 231.181
14 0.379371 -0.599084 3.35697 2 561.879 371.757 299.669 269.445
15 0.324485 -0.668141 3.26898 2 552.435 384.968 294.632 279.019
16 0.946061 -0.345856 3.70259 2 660.5 328.702 352.266 238.239
17 1.05849 -0.266227 3.34953 2 702.683 321.692 374.764 233.158
18 1.37621 -0.302718 3.46971 1 759.015 325.732 404.808 236.086
19 1.32335 -0.41476 3.43325 2 751.25 342.856 400.667 248.497
20 0.854688 0.0843796 3.67466 2 644.451 269.551 343.707 195.367
21 0.889079 -0.256875 3.9672 1 638.595 314.088 340.584 227.646
22 0.876946 -0.244556 3.93169 1 637.854 312.792 340.189 226.707
23 0.896946 -0.155486 3.02905 2 688.748 307.334 367.332 222.751
24 0.924306 -0.187689 3.07517 2 691.872 312.278 368.998 226.335
1
0
-0.189932 -0.0221025 0.976629 -0.098151
-0.240436 -0.0169711 0.965437 -0.0991671
-0.289751 -0.0129472 0.947036 -0.137837
0 0 0 0
0.263917 0.699803 -0.655292 -0.105909
0.345345 0.916183 -0.0913536 -0.181662
-0.0120091 0.820868 0.358576 0.444359
0.00889925 0.812928 0.370684 0.449067
-0.15938 0.619786 0.704719 -0.306323
-0.519279 0.818591 0.0932614 0.227071
0.352837 0.169745 -0.583908 0.711157
-0.165291 0.0914159 -0.44679 0.874472
-0.0148015 -0.692325 0.713551 -0.106355
0.736295 -0.274353 -0.261594 0.560507
0.253755 -0.552799 0.00914223 0.793687
0 0 0 0
-0.237589 0.591582 0.692199 -0.338294
0.773378 -0.615798 -0.0833033 -0.125457
0.0773203 0.721576 0.663791 0.180917
0 0 0 0
-0.291763 -0.0178183 0.949356 -0.115241
0 0 0 0
0 0 0 0
0 0 0 0
0 0 0 0
