6400575
0 0.858624 -0.263285 3.5994 2 648.65 318.372 345.946 230.751
1 0.811874 -0.0385144 3.61422 2 638.914 286.62 340.754 207.738
2 0.740628 0.187083 3.61706 2 625.141 254.968 333.408 184.797
3 0.656408 0.304809 3.62315 2 608.829 238.542 324.709 172.892
4 0.67493 0.0612518 3.77335 1 607.165 272.983 323.821 197.854
5 0.789835 -0.0559999 3.87422 1 624.496 288.543 333.064 209.132
6 0.906729 -0.158199 3.99161 1 640.687 301.333 341.7 218.402
7 0.946453 -0.19231 4.0345 1 645.862 305.418 344.46 221.363
8 0.860215 0.200499 3.52817 2 652.291 252.339 347.889 182.892
9 0.779041 0.0905177 3.2896 2 647.396 267.237 345.278 193.69
10 0.607833 -0.0334371 3.10025 2 619.077 286.68 330.175 207.782
11 0.557901 -0.0450548 3.09327 2 608.198 288.594 324.372 209.169
12 0.814498 -0.291936 3.63174 2 638.735 322.033 340.659 233.405
13 0.491664 -0.229253 3.37509 1 584.245 315.621 311.597 228.758
14 0.532734 -0.564415 3.39292 2 592.283 365.663 315.884 265.027
15 0.448536 -0.60102 3.36665 2 575.855 371.823 307.123 269.492
16 0.886822 -0.229569 3.49885 2 659.021 314.558 351.478 227.987
17 1.09048 -0.410015 3.27244 2 714.801 345.08 381.227 250.109
18 1.33907 -0.45342 3.41051 2 756.27 349.062 403.344 252.995
19 1.27158 -0.473555 3.44551 1 739.835 351.332 394.579 254.64
20 0.757514 0.13039 3.61735 2 628.354 262.921 335.122 190.562
21 0.968335 -0.192953 4.03356 1 649.674 305.509 346.493 221.429
22 0.953981 -0.181456 3.99686 1 648.707 304.27 345.977 220.531
23 0.502519 -0.0644834 3.08116 2 596.25 291.814 318 211.503
24 0.548117 -0.0970965 3.11 2 605.355 297.035 322.856 215.287
0
0
-0.481067 -0.105108 0.870105 -0.0210981
-0.437007 -0.106031 0.893047 -0.0158219
-0.388669 -0.131676 0.910015 -0.0589142
0 0 0 0
0.365902 0.767936 -0.428668 -0.304357
0.0448077 0.730397 0.440152 0.520364
0.103552 0.733585 0.476186 0.473684
0.119211 0.724381 0.48354 0.476707
-0.230208 0.470461 0.822242 -0.222685
-0.546494 0.808342 -0.0366982 -0.215825
0.264874 0.178778 -0.459826 0.828517
0.527348 0.320369 -0.331108 0.713888
0.18108 0.823384 -0.485011 -0.232407
0.71143 -0.203801 -0.262674 0.61914
-0.0641895 -0.152641 0.0168019 0.986052
0 0 0 0
-0.423785 0.432377 0.688494 -0.399291
-0.463808 0.808413 0.1732 0.318357
0.486313 0.716267 0.43365 -0.24982
0 0 0 0
-0.389584 -0.145994 0.907803 -0.0529413
0 0 0 0
0 0 0 0
0 0 0 0
0 0 0 0
