6385567
0 0.783084 0.319548 3.28762 2 648.449 231.818 345.839 168.019
1 0.75107 0.571257 3.16407 2 648.111 189.337 345.659 137.229
2 0.715576 0.816426 3.02971 2 647.583 143.837 345.378 104.251
3 0.663692 0.93344 2.96259 2 639.259 120.485 340.938 87.3257
4 0.584996 0.764481 3.17201 2 611.516 158.548 326.142 114.913
5 0.533125 0.617459 3.35361 2 593.687 187.693 316.633 136.037
6 0.562127 0.377014 3.47619 2 595.397 226.212 317.545 163.955
7 0.563241 0.313299 3.5088 2 594.542 235.947 317.089 171.011
8 0.816315 0.717853 2.95769 2 675.208 157.454 360.111 114.12
9 0.866677 0.535386 2.85975 2 693.901 185.777 370.08 134.649
10 0.664279 0.494779 2.86774 2 644.095 193.441 343.517 140.204
11 0.559589 0.509261 2.86785 2 618.737 190.952 329.993 138.4
12 0.723984 0.323276 3.2833 2 636.152 231.203 339.281 167.573
13 0.652262 -0.0746659 3.457 2 613.964 292.162 327.447 211.755
14 0.634968 -0.394877 3.63803 2 604.279 336.272 322.282 243.725
15 0.589137 -0.472811 3.58519 2 597.259 348.122 318.538 252.314
16 0.824678 0.308722 3.22386 2 660.707 232.521 352.377 168.528
17 0.945652 -0.0299995 3.43659 2 674.104 285.65 359.522 207.035
18 1.02148 -0.344938 3.67229 2 676.287 329.002 360.686 238.456
19 1.07178 -0.408305 3.64992 2 687.13 338.166 366.469 245.098
20 0.724994 0.756213 3.06535 2 647.735 155.505 345.459 112.708
21 0.584469 0.248517 3.51902 2 598.365 245.414 319.128 177.873
22 0.550468 0.261315 3.49267 2 592.503 243.294 316.002 176.336
23 0.495566 0.511272 2.8602 2 603.576 190.4 321.907 137.999
24 0.528556 0.531472 2.85878 2 611.66 186.722 326.219 135.334
0
3
-0.268067 0.00597271 0.934927 -0.232415
-0.314913 0.0176956 0.920205 -0.231817
-0.359287 0.0335985 0.892941 -0.269148
0 0 0 0
0.378458 0.686827 -0.616629 -0.0693287
0.338355 0.822869 -0.279958 -0.360592
0.235229 0.890853 -0.0420538 -0.386368
0.218884 0.895438 -0.0838258 -0.378488
-0.142467 0.641657 0.590419 -0.468386
-0.23422 0.962818 0.13063 -0.032529
0.5573 -0.341309 0.301883 0.694112
0.66188 -0.31399 0.361151 0.576971
-0.136151 -0.66141 0.716142 -0.176465
-0.0295839 -0.490927 0.216803 0.843274
-0.112647 -0.507043 0.229199 0.823217
0 0 0 0
-0.206508 0.590943 0.622061 -0.4703
0.166327 0.842742 0.25893 0.441675
0.0591141 0.447295 0.321612 0.832465
0 0 0 0
-0.3617 0.0310028 0.898276 -0.247612
0 0 0 0
0 0 0 0
0 0 0 0
0 0 0 0
