6396586
0 0.107295 0.0290747 2.95941 2 508.859 276.245 271.392 200.219
1 0.0983118 0.328282 2.81902 2 507.942 222.276 270.902 161.103
2 0.0875275 0.618058 2.6643 2 506.626 163.42 270.201 118.444
3 0.1756 0.704185 2.66352 2 529.509 146.791 282.405 106.392
4 -0.0145602 0.485367 2.60508 2 480.106 186.753 256.056 135.356
5 -0.0535618 0.220357 2.63174 2 469.969 238.866 250.65 173.127
6 0.0367742 0.00102127 2.70654 2 493.288 281.02 263.087 203.679
7 0.0490831 -0.0561794 2.7483 2 496.223 291.542 264.652 211.305
8 0.12992 0.473408 2.86991 1 515.132 197.621 274.737 143.233
9 0.190566 0.276923 3.0958 1 526.28 235.954 280.683 171.016
10 0.322029 0.144782 3.22576 1 552.597 258.502 294.719 187.359
11 0.349065 0.122308 3.24107 1 558.016 262.116 297.608 189.978
12 0.0727846 0.0210107 2.87955 2 501.317 277.523 267.369 201.145
13 0.0480582 -0.332511 3.00579 2 494.95 337.183 263.974 244.386
14 -0.00307766 -0.660773 3.14193 2 483.281 387.913 257.75 281.154
15 0.0597051 -0.730453 3.08501 2 497.313 401.451 265.233 290.966
16 0.138741 0.0362702 2.96113 2 516.142 275.019 275.276 199.33
17 0.215122 -0.207436 3.18589 2 530.37 314.143 282.864 227.687
18 0.220313 -0.503805 3.39912 2 528.579 356.298 281.909 258.24
19 0.302186 -0.554259 3.42098 2 544.812 363.345 290.566 263.347
20 0.0903944 0.54701 2.70549 2 506.99 178.648 270.394 129.481
21 0.0782232 -0.119514 2.79199 2 503.203 302.849 268.375 219.501
22 0.0949491 -0.0108768 2.77245 2 507.479 283.194 270.656 205.255
23 0.397849 0.0855013 3.26536 1 567.758 267.958 302.804 194.213
24 0.322468 0.0982265 3.23477 1 552.492 265.849 294.663 192.684
1
0
0.411605 -0.104367 0.88491 -0.191373
0.413179 -0.104707 0.884176 -0.191187
0.409868 -0.12654 0.874247 -0.227348
0 0 0 0
-0.158809 0.742897 -0.528631 0.378725
0.0635884 0.974933 -0.0609795 0.204313
-0.109295 0.389169 0.2171 0.888521
0.0240948 0.335673 0.318666 0.886112
0.427528 0.756623 0.343043 0.356458
-0.0585599 0.111385 0.418277 0.89956
-0.450954 -0.510374 0.0766382 0.728207
-0.454556 -0.471285 -0.0191905 0.75558
0.317697 -0.578412 0.594073 -0.459984
0.149494 0.928428 -0.0882831 -0.32845
0.147857 0.894939 -0.144877 -0.395263
0 0 0 0
0.190897 0.611933 0.758241 -0.119026
0.0179146 0.33946 0.376178 0.861937
0.0152508 0.0704167 0.306502 0.949139
0 0 0 0
0.412698 -0.115664 0.879334 -0.207542
0 0 0 0
0 0 0 0
0 0 0 0
0 0 0 0
