6400424
0 0.0472064 0.0267991 2.86187 2 495.285 276.478 264.152 200.388
1 0.0039812 0.302655 2.71693 2 484.964 224.848 258.648 162.967
2 -0.0371009 0.572199 2.55912 2 473.956 167.717 252.777 121.559
3 0.032737 0.678929 2.53148 2 492.891 144.871 262.875 105
4 -0.115566 0.430979 2.51318 2 452.284 194.294 241.218 140.822
5 -0.104811 0.170818 2.54383 2 455.643 247.255 243.01 179.207
6 -0.0168175 -0.0456597 2.61176 2 479.534 290.046 255.752 210.221
7 0.0161119 -0.10982 2.63961 2 488.149 302.239 260.346 219.059
8 0.0593151 0.495241 2.69469 1 499.121 188.04 266.198 136.289
9 0.147429 0.267781 2.88124 1 519.136 234.191 276.873 169.739
10 0.185654 0.0989436 3.02729 1 526.094 264.686 280.583 191.841
11 0.17972 0.115024 3.07811 2 524.074 262.317 279.506 190.124
12 0.00603318 0.0238588 2.77639 2 485.449 276.868 258.906 200.67
13 -0.00146511 -0.322751 2.9681 2 483.617 336.227 257.929 243.693
14 -0.0180153 -0.654315 3.12902 2 479.987 387.302 255.993 280.711
15 0.0567435 -0.732403 3.09079 2 496.627 401.547 264.867 291.036
16 0.0896119 0.0348634 2.86815 2 505.416 275.067 269.555 199.365
17 0.126978 -0.229115 3.14408 2 511.712 318.062 272.913 230.527
18 0.0976823 -0.549445 3.36349 2 503.953 363.977 268.775 263.806
19 0.155535 -0.599682 3.37286 2 515.725 371.341 275.053 269.143
20 -0.0271591 0.505943 2.60098 2 476.761 182.568 254.272 132.323
21 0.0374836 -0.167328 2.67359 2 493.589 312.852 263.247 226.751
22 0.0438857 -0.0917455 2.626 2 495.436 298.869 264.232 216.616
23 0.190698 0.0971139 3.09788 2 526.252 265.361 280.668 192.33
24 0.17401 0.0991858 3.0517 2 523.133 264.779 279.004 191.908
0
0
0.364773 -0.155238 0.897422 -0.193587
0.363596 -0.154984 0.897899 -0.19379
0.361731 -0.165015 0.887975 -0.231128
0 0 0 0
-0.13907 0.76583 -0.472108 0.413858
0.0518481 0.968413 0.0341087 0.241505
-0.0548397 0.609526 0.228494 0.75714
-0.0561857 0.597631 0.286149 0.746859
0.352185 0.707752 0.578056 0.202248
0.345691 0.921345 0.100735 -0.146535
0.356639 0.897194 -0.00942285 -0.260312
0.795154 0.59096 -0.132837 -0.0291555
0.32547 -0.577865 0.61529 -0.426099
0.228828 0.900499 -0.100909 -0.355747
0.20157 0.912564 -0.100003 -0.341461
0 0 0 0
0.226686 0.631056 0.735562 -0.0965972
0.102485 0.355285 0.381439 0.847215
0.0833647 0.143642 0.28584 0.943776
0 0 0 0
0.362357 -0.158989 0.893988 -0.210252
0 0 0 0
0 0 0 0
0 0 0 0
0 0 0 0
