7363512
0 -0.172436 0.650193 3.87912 2 453.343 196.268 241.783 142.253
1 -0.208014 0.875704 3.7818 2 445.997 163.618 237.865 118.588
2 -0.242354 1.09111 3.67766 2 438.376 130.207 233.801 94.3725
3 -0.226108 1.2073 3.66876 2 441.288 113.562 235.353 82.3082
4 -0.275029 0.940967 3.60351 2 431.223 148.448 229.985 107.593
5 -0.113324 0.790836 3.55668 2 461.977 168.344 246.388 122.013
6 0.0489181 0.93168 3.55646 2 493.457 148.064 263.177 107.315
7 0.0763461 1.00705 3.54201 2 498.856 136.594 266.057 99.0012
8 -0.139964 1.02583 3.80485 2 458.54 144.134 244.555 104.466
9 0.0511711 1.061 3.57163 1 493.864 130.048 263.394 94.257
10 0.0770705 0.850684 3.5065 2 499.128 157.986 266.202 114.506
11 0.00860544 0.82996 3.5591 1 485.625 162.807 259 118
12 -0.203634 0.611066 3.79696 2 447.025 199.661 238.414 144.712
13 -0.181314 0.210608 3.98844 2 452.721 254.513 241.451 184.467
14 -0.259693 -0.101775 4.08711 2 440.3 293.801 234.827 212.943
15 -0.161659 -0.160906 4.0218 2 456.343 301.436 243.383 218.476
16 -0.140238 0.675212 3.90303 2 459.209 193.532 244.911 140.269
17 -0.094552 0.291969 4.11921 1 468.184 245.371 249.698 177.842
18 -0.131829 0.0213285 4.31048 1 462.951 278.71 246.907 202.005
19 -0.0348184 -0.0387309 4.24512 2 478.324 285.821 255.106 207.16
20 -0.234102 1.03822 3.70561 2 440.284 138.69 234.818 100.521
21 0.114137 1.05122 3.53991 2 506.254 130.092 270.002 94.2892
22 0.0828523 0.981298 3.5146 2 500.249 139.216 266.799 100.902
23 -0.015183 0.753647 3.56779 1 481.022 174.034 256.545 126.138
24 0.00855684 0.825273 3.539 1 485.625 162.807 259 118
1
1
0.490636 -0.164251 0.844755 -0.136703
0.464084 -0.159913 0.859628 -0.141754
0.434752 -0.170286 0.865411 -0.181815
0 0 0 0
-0.249943 0.784028 -0.3261 0.465283
-0.0999321 0.91201 0.396522 -0.03195
0.460855 0.357543 0.784467 -0.210681
0.518077 0.0979194 0.833067 -0.167354
0.310436 0.697627 0.598769 0.241703
-0.352208 0.614139 0.658693 -0.254768
-0.139407 0.977946 0.0788411 -0.134057
0.215808 -0.416893 0.580282 0.665507
-0.308167 0.689071 -0.449095 0.478046
0.220524 0.945136 -0.0292514 -0.239229
0.105901 0.934832 -0.158398 -0.299641
0 0 0 0
0.366974 0.474906 0.793713 0.0990648
0.0115483 0.241756 0.258269 0.935264
0.158218 0.325443 0.263064 0.894344
0 0 0 0
0.435494 -0.162555 0.870831 -0.159919
0 0 0 0
0 0 0 0
0 0 0 0
0 0 0 0
