7369438
0 1.42456 0.456468 3.53186 2 763.732 215.244 407.324 156.006
1 1.4452 0.74399 3.4213 2 776.99 170.205 414.394 123.363
2 1.46094 1.02746 3.30325 2 790.33 122.658 421.509 88.9011
3 1.45747 1.15586 3.29151 2 790.36 102.403 421.525 74.2205
4 1.33966 0.849414 3.25825 1 769.15 148.149 410.214 107.376
5 1.37441 0.656767 3.23689 1 778.521 177.634 415.211 128.746
6 1.25485 0.856101 3.28686 2 748.818 148.245 399.37 107.446
7 1.10639 0.991893 3.35499 1 712.735 130.286 380.125 94.4298
8 1.45791 0.875628 3.24641 2 795.221 143.646 424.118 104.113
9 1.29061 0.722078 3.25012 2 759.446 167.793 405.038 121.614
10 1.15337 0.859136 3.33241 2 724.049 149.61 386.159 108.435
11 1.1205 0.912091 3.34893 2 716.055 142.188 381.896 103.056
12 1.35267 0.451744 3.50165 2 751.849 215.377 400.986 156.102
13 1.43228 0.141104 3.57597 2 761.698 261.076 406.239 189.224
14 1.49172 -0.161451 3.65809 2 766.766 303.734 408.942 220.142
15 1.48111 -0.236765 3.55834 2 772.667 315.172 412.089 228.432
16 1.47129 0.454813 3.50258 2 775.364 214.925 413.528 155.774
17 1.43827 0.123983 3.58086 2 762.484 263.543 406.658 191.012
18 1.51754 -0.162759 3.64597 2 772.65 303.995 412.08 220.331
19 1.50671 -0.238061 3.54631 2 778.679 315.477 415.295 228.653
20 1.45797 0.957313 3.33436 2 787.03 134.776 419.749 97.684
21 1.05289 1.04856 3.38484 2 699.748 123.075 373.199 89.2028
22 1.13039 1.00975 3.3136 2 720.623 125.645 384.332 91.066
23 1.07057 0.95999 3.3883 2 703.121 136.597 374.998 99.0034
24 1.132 0.924034 3.31706 2 720.703 139.006 384.375 100.75
1
1
0.0142376 0.0313771 0.982567 -0.182687
-0.0355618 0.0405925 0.982027 -0.180862
-0.11072 0.0431342 0.971842 -0.203479
0 0 0 0
-0.232368 0.896676 -0.376429 0.0166771
-0.0962086 0.156896 -0.0398513 0.98211
0.445415 -0.181313 0.84901 0.21889
0.428838 -0.256044 0.797327 0.338836
-0.396003 0.908234 0.0538443 -0.124071
-0.0727933 0.896458 -0.395797 -0.185498
0.372105 -0.239011 0.828735 0.342943
0.405762 -0.184654 0.863708 0.235092
0.0115516 -0.675964 0.685298 -0.270752
-0.16771 -0.696216 -0.00555129 0.697944
-0.155827 -0.629199 0.0402706 0.760398
0 0 0 0
-0.0965395 0.655055 0.689695 -0.293094
0.115237 0.688536 0.049344 0.714286
0.00345701 0.773876 0.170902 0.609833
0 0 0 0
-0.110006 0.0495612 0.974786 -0.18771
0 0 0 0
0 0 0 0
0 0 0 0
0 0 0 0
