7368028
0 -0.17338 0.622858 3.88253 2 453.208 199.927 241.711 144.904
1 -0.224328 0.859503 3.79118 2 443.126 166.094 236.334 120.382
2 -0.279443 1.08721 3.69005 2 431.577 131.252 230.174 95.1294
3 -0.276363 1.20236 3.67649 2 431.913 114.595 230.353 83.0567
4 -0.307609 0.94409 3.61403 2 425.142 148.384 226.742 107.546
5 -0.111685 0.811198 3.53171 2 462.137 164.591 246.473 119.293
6 0.0372079 0.965634 3.53432 2 491.231 142.295 261.99 103.133
7 0.0253153 1.04404 3.53412 1 488.91 130.894 260.752 94.8705
8 -0.145267 1.03217 3.84597 2 457.86 144.766 244.192 104.925
9 0.0756386 1.06129 3.89638 1 497.37 142.722 265.264 103.443
10 0.122328 1.22752 3.73556 1 506.625 113.825 270.2 82.4991
11 0.123254 1.25451 3.74877 2 506.72 110.718 270.251 80.2467
12 -0.199697 0.587217 3.82221 2 447.986 203.378 238.926 147.406
13 -0.183074 0.178162 3.99956 2 452.508 258.69 241.338 187.495
14 -0.256946 -0.13261 4.10396 2 440.937 297.548 235.167 215.659
15 -0.218656 -0.218068 4.10967 2 447.397 308.041 238.612 223.264
16 -0.145095 0.647896 3.87866 2 458.195 196.564 244.371 142.467
17 -0.122978 0.253691 4.08198 1 463.257 249.788 247.07 181.043
18 -0.104249 -0.200171 4.43534 1 467.811 304.024 249.499 220.352
19 -0.00983893 -0.181833 4.3714 2 482.411 302.235 257.286 219.056
20 -0.26706 1.03108 3.7167 2 434.286 140.095 231.619 101.539
21 0.0313074 1.08265 3.50954 2 490.128 124.177 261.401 90.0017
22 0.01234 1.05612 3.53003 2 486.374 128.961 259.4 93.4695
23 0.120134 1.25104 3.73105 2 506.25 110.377 270 80
24 0.122612 1.24797 3.72925 1 506.72 110.718 270.251 80.2467
0
0
0.397064 -0.165194 0.894236 -0.124069
0.420463 -0.168402 0.883475 -0.119678
0.444816 -0.188666 0.863195 -0.146417
0 0 0 0
-0.273695 0.782179 -0.340009 0.444613
-0.162847 0.87337 0.456491 -0.0481943
0.903589 -0.0777183 -0.208457 -0.366105
0.933443 0.0252448 -0.350754 0.0708382
0.303616 0.656505 0.641002 0.256776
0.655187 -0.186269 -0.366692 -0.633696
0.905538 -0.341257 0.179561 -0.176925
0.972042 0.226097 0.0633487 -0.00111073
-0.289147 0.728399 -0.42223 0.455578
0.197345 0.920383 -0.0512982 -0.333646
0.137272 0.967067 -0.137044 -0.164792
0 0 0 0
0.13149 0.396538 0.901331 -0.114328
0.0562118 0.331126 0.230247 0.913336
0.0473573 0.187087 0.321624 0.926992
0 0 0 0
0.442066 -0.192528 0.867013 -0.125692
0 0 0 0
0 0 0 0
0 0 0 0
0 0 0 0
