7362728
0 1.41281 0.472278 3.54709 2 760.223 213.254 405.452 154.564
1 1.43794 0.756072 3.43082 2 774.71 168.715 413.179 122.282
2 1.45702 1.02946 3.30778 2 789.105 122.559 420.856 88.8294
3 1.43583 1.15594 3.30258 2 784.902 102.928 418.614 74.6008
4 1.35179 0.911601 3.24595 1 772.755 137.9 412.136 99.9482
5 1.23511 0.945011 3.40392 1 735.686 139.483 392.366 101.095
6 1.13125 0.966988 3.58382 2 702.885 143.505 374.872 104.01
7 1.10563 0.988061 3.59112 2 697.486 140.794 371.992 102.045
8 1.45816 0.873538 3.2532 2 794.638 144.255 423.807 104.554
9 1.32484 0.675623 3.2738 2 764.707 175.857 407.844 127.459
10 1.13235 0.754741 3.34415 2 718.775 166.041 383.347 120.344
11 1.06532 0.804126 3.36529 1 703.451 159.296 375.174 115.456
12 1.34444 0.479293 3.53694 2 747.548 212.063 398.692 153.7
13 1.45017 0.125259 3.58836 2 764.211 263.398 407.579 190.907
14 1.49015 -0.161827 3.66168 1 766.188 303.764 408.634 220.164
15 1.42531 -0.261817 3.66504 2 753.598 317.658 401.919 230.234
16 1.45683 0.454883 3.49504 2 773.117 214.773 412.329 155.664
17 1.46242 0.0956896 3.59236 2 766.273 267.618 408.679 193.966
18 1.51498 -0.191047 3.65868 2 771.156 307.861 411.283 223.134
19 1.50299 -0.266585 3.5595 1 776.858 319.439 414.324 231.525
20 1.45272 0.961833 3.34071 2 785.378 134.358 418.868 97.3811
21 1.05351 1.01392 3.59487 2 687.188 137.282 366.5 99.5002
22 1.08687 1.01797 3.542 2 696.794 134.523 371.624 97.5002
23 1.01097 0.821957 3.38736 2 690.847 157.433 368.452 114.106
24 1.08867 0.831135 3.34286 2 709.816 154.329 378.568 111.855
0
0
-0.188586 0.077929 0.962065 -0.181088
-0.138761 0.0684941 0.970505 -0.184863
-0.0687454 0.0450943 0.971633 -0.221745
0 0 0 0
-0.334907 0.811862 -0.46615 0.106876
0.642759 0.643735 -0.413179 0.0418269
0.00816823 -0.328025 0.743329 0.582919
0.170048 -0.38891 0.883907 0.196318
-0.376158 0.92004 0.0610429 -0.0911282
-0.00513667 0.941687 -0.29466 -0.162405
0.412357 -0.362994 0.714164 0.433783
0.459689 -0.304264 0.759051 0.34634
-0.0922548 -0.645807 0.736191 -0.180127
-0.158532 -0.532204 -0.0185899 0.831433
-0.0826989 -0.125485 0.114296 0.982014
0 0 0 0
-0.20695 0.683484 0.577525 -0.395583
0.105588 0.825027 0.0794105 0.549432
0.0306259 0.766636 0.139669 0.625958
0 0 0 0
-0.0682303 0.0477505 0.975889 -0.201755
0 0 0 0
0 0 0 0
0 0 0 0
0 0 0 0
