7376757
0 1.41706 0.467339 3.54174 2 761.477 213.862 406.121 155.005
1 1.44524 0.745597 3.42729 2 776.486 170.159 414.126 123.329
2 1.46965 1.01937 3.30258 2 792.207 123.88 422.511 89.7866
3 1.44865 1.14253 3.29061 2 788.656 104.377 420.617 75.6514
4 1.38809 0.931684 3.46493 1 761.848 143.96 406.319 104.34
5 1.32229 0.82183 3.65657 2 734.796 166.491 391.891 120.67
6 1.142 0.829516 3.64048 2 701.427 164.973 374.094 119.57
7 1.08055 0.826519 3.66852 2 688.077 166.321 366.974 120.547
8 1.48469 0.877181 3.23924 2 801.556 143.134 427.497 103.741
9 1.36346 0.664056 3.25375 2 774.666 177.024 413.155 128.305
10 1.19301 0.646029 3.31509 2 733.533 181.762 391.218 131.738
11 1.11796 0.646919 3.3512 2 715.215 182.74 381.448 132.447
12 1.37761 0.47316 3.53322 2 754.369 212.867 402.33 154.283
13 1.44466 0.1573 3.56395 2 765.068 258.688 408.036 187.493
14 1.49852 -0.157677 3.65163 2 768.567 303.247 409.903 219.79
15 1.40131 -0.21429 3.60878 2 753.177 311.505 401.694 225.775
16 1.43108 0.455932 3.48506 2 768.807 214.431 410.03 155.417
17 1.4543 0.131855 3.57202 2 766.309 262.373 408.698 190.165
18 1.53477 -0.176147 3.64794 2 775.785 305.857 413.752 221.681
19 1.47283 -0.239079 3.65188 2 763.652 314.62 407.281 228.032
20 1.46475 0.952061 3.33534 2 788.345 135.625 420.451 98.2995
21 1.02211 0.824715 3.67931 2 676.406 166.947 360.75 121.001
22 1.08585 0.802269 3.66869 2 689.055 169.704 367.496 122.999
23 1.06858 0.640498 3.37342 2 703.466 184.393 375.182 133.646
24 1.07 0.667545 3.33464 2 706.36 179.111 376.725 129.817
0
3
-0.357358 0.114755 0.912521 -0.162582
-0.433034 0.128056 0.879136 -0.152326
-0.51796 0.147586 0.824825 -0.172046
0 0 0 0
0.358076 0.674373 -0.552017 -0.335083
0.122964 -0.0755231 0.49656 0.855923
0.657078 0.229579 -0.299101 0.652749
0.68263 0.39975 -0.108861 0.601968
-0.302554 0.731787 0.324304 -0.517471
-0.0199981 0.947681 -0.256419 -0.189076
0.211361 -0.58297 0.637035 0.457885
0.188187 -0.530421 0.685512 0.461859
-0.0717954 -0.623939 0.752468 -0.198338
-0.114358 -0.377121 0.00461744 0.919065
-0.111752 -0.234456 0.1106 0.959327
0 0 0 0
-0.396013 0.611756 0.497293 -0.470774
0.106761 0.913356 0.0826975 0.384115
0.110186 0.983468 0.131494 0.0579568
0 0 0 0
-0.517707 0.147184 0.828878 -0.152566
0 0 0 0
0 0 0 0
0 0 0 0
0 0 0 0
