7364713
0 -0.17803 0.634754 3.88164 2 452.373 198.348 241.266 143.76
1 -0.208887 0.867278 3.78373 2 445.86 164.818 237.792 119.458
2 -0.239409 1.09196 3.67712 2 438.923 130.067 234.092 94.2707
3 -0.217549 1.20585 3.66924 2 442.909 113.79 236.218 82.4731
4 -0.276416 0.940145 3.60334 2 430.954 148.559 229.842 107.673
5 -0.118648 0.78771 3.56421 2 460.994 169.032 245.864 122.512
6 0.026904 0.942 3.5882 2 489.136 147.779 260.872 107.108
7 0.0394347 1.01536 3.57439 2 491.583 136.725 262.177 99.0966
8 -0.139418 1.02516 3.8053 1 458.642 144.241 244.609 104.544
9 0.0718025 1.03259 3.58778 1 497.792 134.801 265.489 97.7017
10 -0.0609747 0.868689 3.63525 2 472.38 159.851 251.936 115.858
11 -0.0928168 0.809831 3.57631 2 466.052 166.255 248.561 120.499
12 -0.202486 0.598263 3.79856 2 447.253 201.411 238.535 145.98
13 -0.182 0.199848 3.99343 2 452.643 255.909 241.41 185.479
14 -0.260431 -0.110403 4.09763 2 440.287 294.833 234.82 213.691
15 -0.162872 -0.170118 4.03217 2 456.207 302.539 243.31 219.276
16 -0.1527 0.659609 3.90031 2 456.994 195.506 243.73 141.7
17 -0.103438 0.278838 4.11927 2 466.703 246.985 248.908 179.011
18 -0.113275 0.0277692 4.33679 1 466.017 277.975 248.543 201.472
19 -0.0666139 -0.0935012 4.34736 2 473.433 292.08 252.497 211.696
20 -0.232127 1.03688 3.70562 2 440.654 138.876 235.015 100.655
21 0.0764329 1.0687 3.57318 2 498.75 129.004 266 93.5004
22 0.0596013 1.00029 3.564 2 495.515 138.47 264.275 100.361
23 -0.167501 0.750325 3.67142 2 452.501 177.525 241.334 128.668
24 -0.167246 0.749604 3.648 1 452.346 176.955 241.251 128.255
1
1
0.524381 -0.157859 0.826096 -0.13293
0.481674 -0.150891 0.851705 -0.140789
0.435722 -0.159382 0.866707 -0.183202
0 0 0 0
-0.241671 0.780071 -0.337413 0.468228
-0.102184 0.917488 0.384103 0.0154875
0.81091 0.231583 0.451468 -0.291498
0.811292 -0.0271524 0.571307 -0.121147
0.31813 0.696658 0.596556 0.239961
-0.394989 0.682232 0.596862 -0.149329
0.153505 0.931509 -0.312089 0.106434
-0.301532 0.881547 -0.281187 0.229971
-0.333003 0.669082 -0.441552 0.496459
0.225278 0.952404 -0.0240198 -0.203958
0.113556 0.932457 -0.161791 -0.302411
0 0 0 0
0.376873 0.42704 0.817229 0.087981
-0.00117951 0.207534 0.263164 0.942164
0.17427 0.42976 0.30314 0.832492
0 0 0 0
0.436591 -0.151949 0.871815 -0.161983
0 0 0 0
0 0 0 0
0 0 0 0
0 0 0 0
