7364444
0 1.42349 0.461514 3.53766 2 763.063 214.624 406.967 155.557
1 1.44384 0.746825 3.42751 2 776.185 169.983 413.965 123.202
2 1.46044 1.024 3.30451 2 790.118 123.247 421.396 89.3279
3 1.45676 1.1524 3.29298 2 790.09 103.007 421.382 74.6584
4 1.34681 0.870597 3.26704 1 769.887 145.205 410.606 105.242
5 1.48827 0.852062 3.12439 1 813.821 142.244 434.038 103.096
6 1.29498 0.926491 3.24086 2 761.103 135.304 405.921 98.0668
7 1.10131 0.985661 3.32598 1 713.672 129.926 380.625 94.1684
8 1.45838 0.873206 3.25209 2 794.789 144.261 423.887 104.558
9 1.28706 0.715131 3.23493 2 759.979 168.356 405.322 122.022
10 1.14239 0.801839 3.28577 2 725.123 156.651 386.732 113.538
11 1.13181 0.854096 3.30779 2 721.308 149.412 384.698 108.291
12 1.34957 0.467251 3.52276 2 749.626 213.527 399.801 154.761
13 1.43263 0.148476 3.58111 2 761.368 260.055 406.063 188.484
14 1.48861 -0.161591 3.66078 2 765.964 303.737 408.514 220.144
15 1.46958 -0.23726 3.56171 1 770.137 315.209 410.74 228.459
16 1.47405 0.447798 3.48858 2 777.084 215.684 414.445 156.325
17 1.43874 0.13045 3.58457 2 762.284 262.641 406.552 190.359
18 1.5168 -0.165134 3.64993 2 772.194 304.302 411.837 220.554
19 1.46916 -0.231164 3.66401 2 762.02 313.405 406.41 227.152
20 1.45742 0.955649 3.33731 2 786.657 135.157 419.55 97.9598
21 1.04169 0.997973 3.35077 2 699.609 129.182 373.125 93.6297
22 1.1176 1.0292 3.288 2 719.766 121.415 383.875 88
23 1.07972 0.895221 3.3178 2 709.686 143.491 378.499 104
24 1.13813 0.891789 3.3055 2 722.815 143.491 385.501 104
1
1
-0.142044 0.0598571 0.972235 -0.176068
-0.127431 0.0572069 0.974258 -0.176947
-0.107511 0.044686 0.968949 -0.218135
0 0 0 0
-0.235499 0.877655 -0.415136 0.0438736
0.0023572 0.518432 0.673839 -0.526464
0.358887 -0.316049 0.726505 0.493461
0.385566 -0.366519 0.69715 0.480608
-0.386146 0.912176 0.057202 -0.124719
-0.0977003 0.905835 -0.390264 -0.13271
0.762382 -0.0760221 0.406055 0.49811
0.732145 0.084524 0.645692 0.199752
-0.0644848 -0.651972 0.730595 -0.192369
-0.15353 -0.575456 -0.00141185 0.803292
-0.144778 -0.604797 0.0447626 0.781829
0 0 0 0
-0.175576 0.680606 0.611251 -0.36376
0.14867 0.789481 0.0447491 0.593813
0.10723 0.986228 0.12555 -0.00967839
0 0 0 0
-0.106531 0.0522799 0.973062 -0.197657
0 0 0 0
0 0 0 0
0 0 0 0
0 0 0 0
