7365699
0 1.41727 0.486133 3.54041 2 761.628 211.126 406.201 153.022
1 1.43787 0.758045 3.43161 2 774.631 168.447 413.136 122.088
2 1.45107 1.0225 3.31492 2 787.245 123.95 419.864 89.8371
3 1.43834 1.14655 3.29936 2 785.731 104.199 419.056 75.5218
4 1.3354 0.874841 3.24232 1 769.62 143.502 410.464 104.009
5 1.33246 0.694843 3.25214 1 768.202 172.139 409.707 124.764
6 1.25161 0.822274 3.42774 2 737.262 158.755 393.206 115.063
7 1.17368 0.845618 3.42571 2 721.6 155.22 384.853 112.501
8 1.45365 0.869958 3.24831 2 794.152 144.607 423.548 104.809
9 1.26418 0.740674 3.25489 2 753.408 165.043 401.818 119.621
10 1.06879 0.790877 3.30691 2 708.075 159.177 377.64 115.369
11 1.00954 0.829267 3.32837 1 694.249 154.1 370.266 111.689
12 1.34264 0.499576 3.54136 2 746.871 209.225 398.331 151.644
13 1.4283 0.18987 3.56651 1 761.669 254.045 406.223 184.128
14 1.50555 -0.158559 3.65073 2 769.981 303.377 410.657 219.883
15 1.4122 -0.213077 3.68758 2 749.443 310.687 399.703 225.182
16 1.46539 0.461176 3.4797 2 776.106 213.555 413.923 154.781
17 1.44931 0.108993 3.58783 2 764.085 265.709 407.512 192.582
18 1.52452 -0.173227 3.65076 2 773.603 305.429 412.588 221.371
19 1.52008 -0.248378 3.55149 2 780.869 316.91 416.463 229.692
20 1.44897 0.957404 3.34599 2 784.146 135.255 418.211 98.0311
21 1.1406 0.844487 3.46124 1 712.496 156.699 379.998 113.574
22 1.15996 0.86651 3.42761 1 718.692 152.179 383.302 110.297
23 0.949649 0.847391 3.33909 2 681.094 151.768 363.25 109.999
24 1.02739 0.848242 3.31343 2 698.969 150.583 372.783 109.14
1
1
-0.248381 0.082369 0.949408 -0.173627
-0.177421 0.0692906 0.96519 -0.179247
-0.0763338 0.0321728 0.972228 -0.218886
0 0 0 0
-0.313991 0.855357 -0.40605 0.0699826
0.021598 0.541157 0.0184723 0.840441
0.289501 -0.0456597 0.831487 0.471946
0.703116 -0.300885 0.386075 0.515793
-0.403584 0.907885 0.0619282 -0.0950296
-0.0590548 0.872641 -0.46348 -0.142116
0.548901 -0.316536 0.564972 0.528506
0.57409 -0.236718 0.656148 0.428783
-0.149467 -0.63062 0.752524 -0.116986
-0.136286 -0.485231 -0.031412 0.863128
-0.0918181 0.119485 0.128345 0.980214
0 0 0 0
-0.208709 0.694003 0.550563 -0.414344
0.139124 0.853397 0.0558399 0.499239
0.000226305 0.757091 0.16644 0.631752
0 0 0 0
-0.0751893 0.0414528 0.976305 -0.198639
0 0 0 0
0 0 0 0
0 0 0 0
0 0 0 0
