13273812
0 0.0676941 0.0155248 2.63048 2 501.631 278.228 267.537 201.656
1 0.0335011 0.277314 2.518 2 493.105 225.487 262.989 163.43
2 -0.000351608 0.53056 2.39321 2 483.855 168.689 258.056 122.264
3 0.0448024 0.641095 2.37299 2 497.001 143.859 265.067 104.267
4 -0.0685892 0.402788 2.3591 2 463.933 194.685 247.431 141.105
5 -0.045472 0.175098 2.35127 2 470.667 243.555 251.023 176.525
6 0.0594599 -0.0702988 2.43992 2 500.695 295.773 267.037 214.372
7 0.0867542 -0.148144 2.48612 2 507.933 311.338 270.898 225.654
8 0.124514 0.406054 2.68348 2 515.898 204.561 275.146 148.263
9 0.267423 0.300201 2.79203 2 549.866 226.766 293.262 164.357
10 0.470907 0.231111 2.76081 2 601.486 238.766 320.793 173.055
11 0.494041 0.219274 2.79651 1 605.698 241.45 323.039 175
12 0.0373693 0.00696773 2.53977 2 494.062 279.824 263.5 202.813
13 0.0342488 -0.4106 2.73933 2 492.562 357.122 262.699 258.837
14 0.0275389 -0.790404 2.89305 2 490.534 420.123 261.618 304.499
15 0.121827 -0.834006 2.85093 2 513.505 430.062 273.87 311.703
16 0.0937994 0.0170071 2.64979 2 508.27 277.967 271.078 201.467
17 0.0239327 -0.432049 2.77159 2 489.901 360.17 261.28 261.047
18 0.0884142 -0.743626 2.85451 2 505.35 413.616 269.52 299.783
19 0.145227 -0.816635 2.93053 2 518.21 422.943 276.379 306.544
20 0.00809881 0.468527 2.42661 2 486.257 183.304 259.337 132.856
21 0.140402 -0.216372 2.49841 2 522.591 325.022 278.715 235.572
22 0.109119 -0.0851853 2.52482 2 513.646 298.266 273.945 216.179
23 0.506989 0.218423 2.7861 2 609.375 241.45 325 175
24 0.493464 0.238869 2.774 2 606.559 237.54 323.498 172.166
1
0
0.491175 -0.153357 0.845498 -0.142695
0.452805 -0.146811 0.866653 -0.149421
0.411063 -0.158936 0.876427 -0.194015
0 0 0 0
-0.124868 0.787284 -0.462454 0.388237
-0.0370743 0.902753 0.0383837 0.426837
-0.144208 0.249857 0.207138 0.93481
-0.0880238 0.220381 0.283879 0.92903
0.4052 0.705139 0.477152 0.333042
-0.240024 0.350938 0.434008 0.794272
-0.507048 0.504819 0.289512 0.635801
-0.128602 0.281033 0.591131 0.745014
-0.402306 0.605066 -0.541842 0.422435
0.213673 0.946334 -0.0567887 -0.235734
0.182343 0.947758 -0.0577538 -0.255286
0 0 0 0
0.315489 0.678947 0.650589 0.127408
0.102419 0.220476 0.110886 0.963642
-0.129464 -0.25945 0.0971593 0.952095
0 0 0 0
0.412741 -0.148565 0.881797 -0.173228
0 0 0 0
0 0 0 0
0 0 0 0
0 0 0 0
