13366567
0 1.06081 0.079578 3.12428 2 719.069 268.232 383.504 194.411
1 1.04383 0.332224 2.97586 2 727.021 224.285 387.744 162.558
2 1.02299 0.578444 2.81999 2 735.564 176.522 392.301 127.941
3 0.968979 0.690763 2.77829 2 725.887 154.301 387.14 111.835
4 0.934505 0.517665 2.99235 2 700.305 193.023 373.496 139.9
5 0.952211 0.341842 3.17281 1 691.637 226.348 368.873 164.054
6 0.964902 0.160937 3.28685 1 686.965 256.295 366.381 185.759
7 0.95124 0.0713496 3.2454 1 686.622 270.025 366.198 195.71
8 1.09197 0.457516 2.76935 2 757.474 196.884 403.986 142.699
9 1.16124 0.232901 2.81443 2 770.144 238.974 410.744 173.205
10 1.22216 0.0259834 2.91105 2 775.159 276.655 413.418 200.516
11 1.23782 -0.0342705 2.94582 2 775.41 287.148 413.552 208.121
12 1.00874 0.0908516 3.14084 2 706.231 266.48 376.657 193.141
13 1.03658 -0.102178 3.34372 2 698.433 296.768 372.498 215.093
14 1.15389 -0.344392 3.506 2 711.873 331.267 379.665 240.097
15 1.11261 -0.447961 3.49591 2 704.351 346.507 375.654 251.144
16 1.09143 0.0668885 3.04649 2 732.156 270.018 390.483 195.705
17 1.12554 -0.150929 3.18474 2 728.786 305.369 388.686 221.327
18 1.16359 -0.416048 3.36523 2 723.553 344.25 385.895 249.508
19 1.10892 -0.491629 3.37806 2 711.382 355.404 379.404 257.592
20 1.02908 0.517982 2.86054 2 733.422 188.812 391.159 136.848
21 0.954958 0.0337914 3.26395 2 686.25 275.943 366 200
22 0.951486 0.0338445 3.25208 2 686.25 275.916 366 199.98
23 1.25988 -0.0930747 2.9898 2 776.248 297.1 413.999 215.334
24 1.25595 -0.0380027 2.92577 2 781.734 287.841 416.925 208.623
0
1
-0.396325 0.0803566 0.879383 -0.251306
-0.417425 0.086396 0.869566 -0.249294
-0.437348 0.0940901 0.850035 -0.278055
0 0 0 0
0.434664 0.679115 -0.556856 -0.199454
-0.292648 -0.62869 0.25748 0.672912
-0.000419359 0.104777 0.27888 0.954593
0.0442565 0.116773 -0.220349 0.967394
-0.162992 0.688821 0.483604 -0.514866
0.169989 0.723205 0.0430688 -0.668
0.110602 0.826041 0.223691 0.505356
0.154725 0.814616 0.231411 0.508831
-0.313037 -0.627975 0.709256 -0.0679044
-0.19197 -0.33144 0.346686 0.856215
-0.275655 -0.300796 0.196589 0.891565
0 0 0 0
-0.287848 0.56074 0.584899 -0.510498
0.236613 0.899661 0.159719 0.330325
0.27256 0.931602 0.12359 0.206289
0 0 0 0
-0.438453 0.0937171 0.855331 -0.259585
0 0 0 0
0 0 0 0
0 0 0 0
0 0 0 0
