13325379
0 1.31733 0.201732 3.32386 2 758.778 250.242 404.681 181.372
1 1.31038 0.444341 3.18391 2 769.459 209.971 410.378 152.184
2 1.29778 0.681872 3.03355 2 780.712 166.478 416.38 120.661
3 1.26754 0.780575 2.95639 2 781.271 146.483 416.678 106.169
4 1.17702 0.64801 3.15439 2 742.785 176.354 396.152 127.819
5 1.1705 0.413025 3.31998 2 728.3 217.766 388.427 157.834
6 1.17092 0.196737 3.37397 2 724.344 251.49 386.317 182.277
7 1.18205 0.154561 3.38346 1 725.951 257.927 387.174 186.942
8 1.41948 0.578203 3.02498 2 809.34 183.681 431.648 133.13
9 1.52948 0.366665 3.10408 2 825.62 220.939 440.331 160.133
10 1.56942 0.166772 2.99734 2 846.842 252.835 451.649 183.252
11 1.55321 0.132951 2.93481 2 850.693 258.111 453.703 187.075
12 1.24768 0.208192 3.32093 2 744.376 249.235 397 180.642
13 1.31114 -0.0447213 3.43708 2 748.378 287.847 399.135 208.628
14 1.36481 -0.314892 3.54254 2 751.08 326.562 400.576 236.688
15 1.32617 -0.39917 3.56445 2 741.889 338.339 395.674 245.224
16 1.36214 0.191432 3.26278 2 773.53 251.265 412.549 182.113
17 1.36985 -0.073286 3.35402 2 767.2 292.361 409.174 211.899
18 1.403 -0.388745 3.45559 2 765.573 338.63 408.305 245.434
19 1.35087 -0.44416 3.46892 2 754.027 346.553 402.148 251.177
20 1.30165 0.623402 3.07287 2 777.819 177.647 414.837 128.756
21 1.19841 0.114609 3.39141 2 728.742 263.985 388.663 191.332
22 1.20224 0.134338 3.35133 2 732.5 260.775 390.667 189.006
23 1.54767 0.0769712 2.91547 2 851.805 267.749 454.296 194.061
24 1.57794 0.0919352 2.9222 2 858.011 265.174 457.606 192.194
1
0
-0.228965 0.0488085 0.938375 -0.254256
-0.244892 0.0531261 0.934344 -0.253389
-0.261617 0.0521753 0.919697 -0.288083
0 0 0 0
-0.38658 -0.646169 0.657322 0.0308272
0.212922 0.697472 -0.214591 -0.649729
0.109972 0.89785 0.0528613 0.423057
0.0440459 0.893192 0.160149 0.417875
0.0424855 0.732137 0.575128 -0.362489
-0.00949572 0.759805 0.280824 0.586297
-0.159683 0.299371 -0.200332 0.9191
-0.087084 0.350889 -0.510398 0.780248
-0.176355 -0.646898 0.717658 -0.188122
-0.203245 -0.481208 0.125251 0.84347
-0.119878 -0.150203 0.166224 0.96718
0 0 0 0
-0.192052 0.603478 0.629089 -0.450753
0.133659 0.841571 0.0979991 0.514092
0.152982 0.986274 0.0549529 0.0290004
0 0 0 0
-0.261706 0.0538162 0.925238 -0.269346
0 0 0 0
0 0 0 0
0 0 0 0
0 0 0 0
