13351572
0 1.34199 0.199979 3.331 2 763.35 250.574 407.12 181.613
1 1.32721 0.455726 3.19671 2 771.978 208.437 411.722 151.072
2 1.30418 0.702852 3.05312 2 780.257 163.708 416.137 118.653
3 1.27941 0.808685 2.97421 2 782.225 142.483 417.187 103.269
4 1.18124 0.658473 3.16107 2 743.169 174.884 396.357 126.753
5 1.16669 0.411856 3.29581 2 729.298 217.48 388.959 157.626
6 1.18168 0.209745 3.36769 2 727.033 249.462 387.751 180.807
7 1.18827 0.164736 3.38592 2 727.061 256.411 387.766 185.843
8 1.43214 0.598142 3.03695 2 810.917 180.725 432.489 130.987
9 1.52031 0.388594 3.12898 2 820.905 217.836 437.816 157.885
10 1.50612 0.187184 3.03379 2 828.24 249.725 441.728 180.997
11 1.47887 0.140559 2.937 2 833.115 256.791 444.328 186.119
12 1.27432 0.202234 3.32743 2 749.455 250.206 399.709 181.346
13 1.31704 -0.0343469 3.45818 2 747.944 286.277 398.904 207.489
14 1.36297 -0.325582 3.57642 2 748.175 327.655 399.027 237.48
15 1.31253 -0.396717 3.4944 2 744.372 339.131 396.998 245.797
16 1.38479 0.194381 3.27116 2 777.608 250.88 414.724 181.834
17 1.42213 -0.0503821 3.35615 2 777.878 288.873 414.868 209.371
18 1.45043 -0.369293 3.49545 2 771.794 335.138 411.623 242.904
19 1.40954 -0.441216 3.44318 2 767.928 346.62 409.562 251.225
20 1.31034 0.642169 3.09082 2 778.058 175.151 414.964 126.947
21 1.18661 0.107327 3.42727 2 723.748 265.251 385.999 192.25
22 1.1467 0.173353 3.381 2 718.825 255.083 383.373 184.881
23 1.45871 0.102708 2.89497 2 833.362 263.108 444.46 190.697
24 1.46494 0.1521 2.88656 2 835.837 254.327 445.78 184.333
1
0
-0.220794 0.0287805 0.945174 -0.238889
-0.233961 0.0321109 0.942001 -0.238464
-0.247792 0.0273909 0.928288 -0.275917
0 0 0 0
0.353234 0.666981 -0.656013 -0.00293657
0.210706 0.871406 -0.131932 -0.422904
-0.106568 -0.434133 0.136729 0.884012
-0.144785 -0.427913 0.140833 0.880962
0.025475 0.726273 0.585165 -0.359806
0.0659498 0.815863 0.261665 0.511419
-0.2141 0.970075 -0.0549548 0.100479
-0.511254 0.842011 -0.168214 0.0366138
-0.152635 -0.670659 0.702375 -0.183271
-0.196833 -0.497796 0.170318 0.827313
-0.159251 -0.491158 0.127408 0.846859
0 0 0 0
-0.202874 0.585319 0.648773 -0.44197
0.103349 0.840434 0.14769 0.511055
0.157143 0.851465 0.13644 0.481351
0 0 0 0
-0.249035 0.0264419 0.933497 -0.256644
0 0 0 0
0 0 0 0
0 0 0 0
0 0 0 0
