13310283
0 0.0433242 0.0168673 2.6172 2 495.325 277.954 264.174 201.457
1 0.0221189 0.282171 2.51147 2 490.013 224.362 261.34 162.614
2 0.000838888 0.540099 2.39379 2 484.198 166.679 258.239 120.807
3 0.0486766 0.648271 2.38892 2 498.035 143.242 265.619 103.819
4 -0.0596709 0.405634 2.35254 2 466.488 193.828 248.793 140.484
5 -0.0356911 0.168641 2.33563 2 473.456 244.703 252.51 177.357
6 0.0724455 0.0361414 2.42149 2 504.505 273.667 269.07 198.35
7 0.0635943 0.0183764 2.50827 1 501.37 277.508 267.397 201.134
8 0.0620375 0.475023 2.51833 1 500.931 185.57 267.163 134.499
9 0.149081 0.283316 2.66747 1 522.393 227.461 278.609 164.86
10 0.222137 0.0856556 2.60096 1 542.659 264.554 289.418 191.745
11 0.208708 0.0801801 2.591 1 539.317 265.561 287.636 192.475
12 0.0142279 -0.00447683 2.53434 2 487.812 282.103 260.167 204.465
13 0.0293868 -0.405851 2.73174 2 491.36 356.45 262.059 258.35
14 0.0276038 -0.78915 2.89063 2 490.555 420.017 261.629 304.423
15 0.116671 -0.829988 2.85248 2 512.238 429.256 273.194 311.119
16 0.0712374 0.0377241 2.6329 2 502.54 273.969 268.021 198.569
17 0.0812108 -0.309209 2.67419 2 504.842 339.725 269.249 246.228
18 0.0617368 -0.676188 2.82289 2 499.051 402.866 266.161 291.992
19 0.115863 -0.763512 2.86222 2 511.924 416.825 273.026 302.109
20 0.00623385 0.476781 2.42534 2 485.728 181.516 259.055 131.56
21 0.06958 -0.0110779 2.51028 2 502.994 283.441 268.263 205.434
22 0.036418 -0.0397639 2.48631 2 494.016 289.293 263.475 209.676
23 0.188667 0.0688783 2.57124 2 534.379 267.665 285.002 194
24 0.181294 0.0776663 2.5423 2 532.96 265.763 284.245 192.621
1
1
0.499263 -0.128165 0.844945 -0.142751
0.47027 -0.123242 0.861419 -0.147022
0.437426 -0.137699 0.86884 -0.186587
0 0 0 0
-0.142638 0.774742 -0.431639 0.43945
-0.0520824 0.921307 0.0327929 0.383935
0.365379 0.794659 0.142493 -0.46337
0.592284 0.74893 -0.222316 -0.197181
0.404196 0.652002 0.573168 0.288093
0.0822312 0.642972 0.348904 0.676825
-0.14664 0.972235 0.17678 -0.0447841
0.553056 -0.672247 0.196341 0.451291
-0.345857 0.630978 -0.512159 0.46898
0.223824 0.94423 -0.0385799 -0.238419
0.188158 0.948083 -0.0520882 -0.251041
0 0 0 0
0.340687 0.47347 0.810432 0.0543899
0.00125066 0.254268 0.0608586 0.965216
0.041412 0.0845804 0.188259 0.977594
0 0 0 0
0.439504 -0.126772 0.873382 -0.16724
0 0 0 0
0 0 0 0
0 0 0 0
0 0 0 0
