13345501
0 1.25966 0.209464 3.31765 2 747.16 249.005 398.485 180.475
1 1.2352 0.448869 3.18358 2 753.045 209.255 401.624 151.665
2 1.20524 0.67731 3.03415 2 759.535 167.252 405.085 121.222
3 1.14612 0.782548 2.98177 2 750.616 147.235 400.329 106.714
4 1.10644 0.644435 3.21494 2 722.591 178.935 385.382 129.69
5 1.02463 0.428292 3.19908 2 705.781 212.981 376.417 154.366
6 0.877183 0.279825 3.11807 1 678.484 235.548 361.858 170.722
7 0.85008 0.229154 3.02509 2 678.24 242.672 361.728 175.886
8 1.28343 0.567891 2.96024 2 784.722 183.282 418.518 132.84
9 1.18804 0.36665 2.92285 2 765.903 217.182 408.482 157.411
10 0.986128 0.283427 2.8727 2 721.766 230.916 384.942 167.364
11 0.892528 0.276324 2.83796 2 701.657 231.615 374.217 167.871
12 1.20938 0.222387 3.33428 2 735.303 247.201 392.162 179.168
13 1.24357 0.0158446 3.44245 2 734.242 278.864 391.596 202.117
14 1.29807 -0.326687 3.48405 1 742.226 329.04 395.854 238.484
15 1.26379 -0.429292 3.42138 2 740.043 345.221 394.689 250.212
16 1.28528 0.193735 3.23848 2 759.161 250.686 404.886 181.694
17 1.28434 -0.0591749 3.28199 2 755.269 290.409 402.81 210.485
18 1.29107 -0.408588 3.4179 2 745.867 342.203 397.796 248.024
19 1.21071 -0.470372 3.36336 2 733.499 352.551 391.2 255.524
20 1.21366 0.621439 3.07343 2 757.908 177.991 404.217 129.006
21 0.844222 0.192618 2.98196 2 679.688 248.349 362.5 180
22 0.877917 0.211069 3.01525 2 685.313 245.588 365.501 177.999
23 0.827908 0.23811 2.80508 2 688.122 238.003 366.998 172.501
24 0.83583 0.269819 2.82486 2 688.657 232.585 367.284 168.575
1
3
-0.42877 0.0704706 0.86642 -0.24598
-0.440963 0.0739374 0.860279 -0.24496
-0.448042 0.0844001 0.83976 -0.294854
0 0 0 0
0.466045 0.639104 -0.58909 -0.165292
0.180905 -0.329428 0.027363 0.926284
0.197245 0.490525 -0.3609 0.768264
-0.0642145 0.339384 -0.513889 0.785247
-0.180135 0.638775 0.529871 -0.527973
-0.064066 0.967985 -0.224317 0.0926395
0.557555 -0.282492 0.0585781 0.778395
0.680751 -0.287548 0.0330339 0.672906
-0.31806 -0.614735 0.719284 -0.0597408
-0.145119 -0.302404 0.201715 0.920219
-0.097352 -0.470133 0.0157119 0.877069
0 0 0 0
-0.31892 0.571453 0.552653 -0.516049
0.0806687 0.937557 0.0270716 0.337263
0.16894 0.917794 0.074483 0.35152
0 0 0 0
-0.45026 0.082904 0.846411 -0.271995
0 0 0 0
0 0 0 0
0 0 0 0
0 0 0 0
