13372590
0 1.20825 0.175863 3.27797 2 739.404 253.851 394.349 183.988
1 1.19545 0.426461 3.13708 2 748.215 211.842 399.048 153.54
2 1.17842 0.671118 2.98562 2 757.782 166.458 404.151 120.647
3 1.13204 0.781874 2.93576 2 751.465 145.254 400.781 105.278
4 1.09266 0.631176 3.15363 2 724.207 179.088 386.244 129.801
5 1.08462 0.44821 3.27802 2 713.181 211.507 380.363 153.298
6 1.08157 0.209111 3.34307 2 707.909 249.349 377.552 180.725
7 1.07829 0.152715 3.36477 2 705.751 258.096 376.401 187.065
8 1.27124 0.5527 2.93305 2 784.63 185.017 418.47 134.098
9 1.32762 0.311768 2.99994 2 790.978 228.157 421.855 165.365
10 1.30646 0.113627 3.08327 2 777.874 262.4 414.866 190.184
11 1.28433 0.0546751 3.10927 2 770.439 272.236 410.901 197.313
12 1.15888 0.179039 3.29079 2 727.914 253.477 388.221 183.716
13 1.19755 -0.0436392 3.436 2 725.351 287.684 386.854 208.509
14 1.25308 -0.338101 3.57183 2 727.032 329.472 387.75 238.797
15 1.20981 -0.410068 3.56016 2 719.38 339.93 383.669 246.376
16 1.23419 0.169152 3.20129 2 751.233 254.255 400.658 184.281
17 1.31541 -0.0917768 3.31047 2 759.475 295.356 405.053 214.07
18 1.36863 -0.375235 3.45562 2 758.635 336.626 404.605 243.982
19 1.28951 -0.438505 3.39625 2 747.24 347.092 398.528 251.567
20 1.18348 0.610881 3.02544 2 755.327 178.137 402.841 129.111
21 1.07298 0.105052 3.38786 2 703.117 265.421 374.996 192.374
22 1.04304 0.158843 3.36112 2 698.669 257.15 372.623 186.379
23 1.28711 -0.00861481 3.13784 2 768.432 282.612 409.831 204.833
24 1.29383 0.0399644 3.07031 2 776.251 274.567 414.001 199.003
1
1
-0.384633 0.0795541 0.887393 -0.241376
-0.40389 0.0847979 0.878796 -0.239584
-0.420753 0.0935387 0.859675 -0.274182
0 0 0 0
0.463156 0.63271 -0.591225 -0.188728
0.202996 0.701809 -0.213471 -0.648604
-0.0622372 -0.505806 0.117055 0.852399
-0.0697378 -0.503324 0.170782 0.844177
-0.111911 0.693065 0.528972 -0.476786
0.15262 0.963824 0.0820241 -0.202539
0.20285 0.931876 0.012851 0.300489
0.24269 0.909402 -0.0918351 0.325048
0.270517 0.679335 -0.676675 0.0862292
-0.170754 -0.33971 0.237456 0.893899
-0.147203 -0.296654 0.175555 0.927097
0 0 0 0
-0.320271 0.5373 0.596754 -0.502614
0.132926 0.916053 0.197485 0.322765
0.185656 0.903742 0.163005 0.349588
0 0 0 0
-0.422187 0.0918567 0.865349 -0.25395
0 0 0 0
0 0 0 0
0 0 0 0
0 0 0 0
