13295957
0 0.0681579 0.015438 2.63372 2 501.731 278.248 267.59 201.671
1 0.0374419 0.278782 2.51905 2 494.177 225.215 263.561 163.233
2 0.00730282 0.535573 2.3945 2 486.06 167.68 259.232 121.532
3 0.0603537 0.6412 2.38601 2 501.432 144.59 267.431 104.797
4 -0.0604704 0.409173 2.35716 2 466.288 193.236 248.687 140.055
5 -0.0331623 0.167175 2.35155 2 474.267 245.265 252.942 177.765
6 0.0661111 -0.0693621 2.45549 2 502.45 295.488 267.973 214.166
7 0.0888136 -0.145093 2.50478 2 508.319 310.498 271.103 225.044
8 0.0690251 0.474717 2.50561 2 502.939 185.143 268.234 134.189
9 0.138374 0.304224 2.70303 1 519.166 224.249 276.889 162.532
10 0.199319 0.0578876 2.81294 1 532.646 270.805 284.078 196.276
11 0.198849 -0.0138556 2.8423 1 532.027 283.675 283.748 205.604
12 0.0379331 -0.00135634 2.55536 2 494.151 281.479 263.547 204.012
13 0.0340335 -0.413277 2.7379 2 492.512 357.659 262.673 259.227
14 0.0286177 -0.787506 2.89118 2 490.796 419.699 261.758 304.192
15 0.115751 -0.829788 2.85238 2 512.016 429.225 273.075 311.096
16 0.096476 0.0318548 2.64491 2 509.011 275.123 271.472 199.406
17 0.0911764 -0.326428 2.68875 1 507.281 342.658 270.55 248.354
18 0.0630262 -0.704683 2.83688 2 499.295 407.406 266.291 295.282
19 0.120258 -0.789575 2.87986 2 512.814 420.631 273.501 304.868
20 0.0147458 0.472454 2.42762 2 488.143 182.519 260.343 132.287
21 0.140378 -0.210265 2.53432 2 522.035 323.18 278.418 234.236
22 0.116705 -0.0871769 2.53941 2 515.529 298.565 274.949 216.396
23 0.202839 -0.0623391 2.85976 1 532.695 292.233 284.104 211.806
24 0.208925 -0.00831279 2.82851 1 534.711 282.697 285.179 204.895
3
0
0.46954 -0.145205 0.857529 -0.15196
0.438507 -0.139666 0.873805 -0.157066
0.405378 -0.148244 0.880929 -0.194051
0 0 0 0
-0.127636 0.770763 -0.471249 0.409338
-0.0367782 0.879129 0.0439647 0.473125
-0.123926 0.270635 0.239468 0.92415
-0.0536836 0.240313 0.30118 0.921227
0.395326 0.649472 0.596337 0.25746
0.214747 0.685628 0.371546 0.588007
-0.0206747 0.39442 0.232788 0.888715
0.0789334 0.386917 0.176112 0.901693
-0.351693 0.631798 -0.527514 0.445951
0.198314 0.942648 -0.0596629 -0.261775
0.18452 0.946478 -0.0574721 -0.258513
0 0 0 0
0.29929 0.512436 0.804816 0.0102915
0.0240813 0.279237 0.0563532 0.958265
0.0300514 -0.0272122 0.186112 0.981692
0 0 0 0
0.406615 -0.140029 0.885602 -0.175397
0 0 0 0
0 0 0 0
0 0 0 0
0 0 0 0
