13378543
0 1.2078 0.162901 3.266 2 740.25 255.774 394.8 185.382
1 1.19264 0.417061 3.12806 2 748.352 213.176 399.121 154.507
2 1.17153 0.664804 2.98061 2 756.639 167.347 403.541 121.291
3 1.12392 0.775263 2.92659 2 750.381 145.98 400.203 105.804
4 1.07502 0.623232 3.13614 2 721.632 179.818 384.87 130.33
5 1.06345 0.412601 3.2689 2 709.28 216.882 378.283 157.193
6 1.07208 0.200999 3.3185 2 707.582 250.359 377.377 181.457
7 1.06501 0.142273 3.32999 2 705.3 259.452 376.16 188.048
8 1.27419 0.554542 2.93319 2 785.31 184.702 418.832 133.87
9 1.33359 0.314971 2.99694 2 792.669 227.558 422.757 164.931
10 1.30271 0.11258 3.07657 2 777.668 262.533 414.756 190.28
11 1.28756 0.0592173 3.10287 2 771.76 271.471 411.605 196.758
12 1.15093 0.171613 3.27207 2 727.623 254.475 388.066 184.44
13 1.19092 -0.0439699 3.42 2 725.136 287.763 386.739 208.567
14 1.25117 -0.337111 3.56792 2 726.926 329.383 387.694 238.732
15 1.20846 -0.409777 3.56114 2 719.05 339.871 383.494 246.334
16 1.24097 0.151627 3.19596 2 753.161 257.007 401.686 186.275
17 1.3171 -0.0943472 3.31092 2 759.793 295.75 405.223 214.356
18 1.36709 -0.371413 3.45348 2 758.493 336.095 404.53 243.597
19 1.33555 -0.447964 3.4396 2 753.238 347.674 401.727 251.989
20 1.17772 0.603838 3.01937 2 754.548 179.122 402.426 129.825
21 1.06602 0.0848788 3.34831 2 704.277 268.302 375.614 194.462
22 1.02854 0.144776 3.342 2 696.874 259.157 371.666 187.834
23 1.28547 -0.00790521 3.13551 2 768.28 282.497 409.749 204.75
24 1.29753 0.0290227 3.08344 2 775.834 276.407 413.778 200.336
1
1
-0.336712 0.0600864 0.908554 -0.239883
-0.36012 0.0662763 0.899533 -0.238248
-0.382896 0.0703728 0.879654 -0.273216
0 0 0 0
0.440768 0.645836 -0.606301 -0.144978
0.205492 0.762694 -0.187727 -0.583806
-0.0619329 -0.375972 0.0987026 0.919275
0.0169755 -0.38738 0.111339 0.915015
-0.085785 0.689974 0.560875 -0.44944
0.144738 0.971335 0.0957431 -0.162455
0.197282 0.872334 0.0204918 0.446871
0.255485 0.855926 -0.00999124 0.449464
-0.227108 -0.63899 0.723682 -0.128059
-0.191796 -0.387158 0.235968 0.870427
-0.155281 -0.280365 0.19191 0.927607
0 0 0 0
-0.26839 0.57564 0.596636 -0.49054
0.140435 0.892457 0.210059 0.373729
0.181226 0.888778 0.167835 0.386085
0 0 0 0
-0.383858 0.0706835 0.885315 -0.252734
0 0 0 0
0 0 0 0
0 0 0 0
0 0 0 0
