13314347
0 0.0758929 0.0579736 2.66338 2 503.528 270.209 268.549 195.844
1 0.063042 0.31412 2.57194 2 500.816 219.397 267.102 159.016
2 0.0517855 0.56345 2.46982 2 498.422 165.392 265.825 119.874
3 0.0974142 0.67319 2.44973 2 511.437 141.468 272.766 102.534
4 -0.0457228 0.436557 2.4138 2 470.908 189.532 251.151 137.371
5 -0.0832717 0.204069 2.40927 2 460.2 238.371 245.44 172.768
6 0.0263669 0.0355101 2.47426 2 491.275 273.958 262.014 198.561
7 0.0886331 -0.0162562 2.52266 2 508.089 284.468 270.981 206.178
8 0.197919 0.491552 2.69265 2 534.614 188.631 285.128 136.717
9 0.349677 0.414308 2.77068 2 570.934 205.379 304.498 148.856
10 0.571833 0.386542 2.79932 2 624.975 211.067 333.32 152.978
11 0.653861 0.383184 2.80858 2 644.8 211.85 343.893 153.546
12 0.0431369 0.0357248 2.56455 2 495.509 274.171 264.271 198.715
13 0.0369661 -0.379995 2.73897 2 493.243 351.453 263.063 254.728
14 0.0371648 -0.78866 2.88675 2 492.852 420.119 262.855 304.497
15 0.118545 -0.831242 2.85152 2 512.702 429.532 273.441 311.319
16 0.107057 0.0788104 2.69486 2 511.246 266.428 272.664 193.104
17 0.0890107 -0.267285 2.63686 2 507.165 332.494 270.488 240.987
18 0.0633037 -0.633936 2.78089 2 499.662 396.942 266.486 287.698
19 0.0991375 -0.72015 2.83259 2 508.126 410.403 271 297.454
20 0.0545072 0.502204 2.49732 2 499.002 179.208 266.134 129.888
21 0.138023 -0.0704297 2.53651 2 521.341 295.248 278.048 213.992
22 0.0565962 -0.028149 2.52949 2 499.324 286.835 266.306 207.894
23 0.701754 0.343728 2.78845 2 657.889 218.521 350.874 158.381
24 0.653837 0.370115 2.85142 2 642.343 215.236 342.583 156
1
2
0.52637 -0.111329 0.832651 -0.131276
0.457806 -0.100428 0.87223 -0.139792
0.38824 -0.102153 0.897224 -0.183911
0 0 0 0
-0.115944 0.758266 -0.511685 0.386999
0.00912879 0.969719 -0.0800252 0.23056
-0.318029 -0.468148 0.00592753 0.824415
-0.471699 -0.454468 0.0559472 0.753544
0.383309 0.678701 0.575426 0.247636
-0.42054 0.173397 0.341987 0.822268
-0.660837 -0.0481667 0.042267 0.747789
-0.691545 -0.0415497 0.0379633 0.720137
-0.35403 0.617617 -0.519785 0.472266
0.19122 0.957492 -0.0491467 -0.210303
0.166674 0.95067 -0.0449459 -0.257733
0 0 0 0
0.401262 0.512709 0.74284 0.155906
-0.014919 0.455138 -0.085468 0.886184
0.071327 0.205679 0.1747 0.960254
0 0 0 0
0.389772 -0.0941534 0.901346 -0.16367
0 0 0 0
0 0 0 0
0 0 0 0
0 0 0 0
