13315391
0 1.29019 0.176084 3.2744 2 757.165 253.773 403.821 183.931
1 1.26871 0.43111 3.13283 2 764.872 210.97 407.931 152.908
2 1.24562 0.67901 2.97908 2 774.01 164.863 412.805 119.49
3 1.18942 0.78828 2.95318 2 763.335 144.964 407.112 105.068
4 1.18762 0.618727 3.14923 2 745.543 180.928 397.623 131.134
5 1.1803 0.465651 3.29362 1 732.378 209.092 390.602 151.547
6 1.19293 0.189219 3.39223 1 727.571 252.777 388.038 183.209
7 1.17669 0.170315 3.39265 2 724.189 255.624 386.234 185.273
8 1.30579 0.548257 2.9087 2 795.346 185.004 424.185 134.089
9 1.23298 0.33657 2.9131 2 777.579 222.232 414.709 161.071
10 1.01122 0.297562 2.85463 2 729.434 228.057 389.032 165.293
11 0.916713 0.312188 2.81641 2 709.363 224.725 378.327 162.878
12 1.25218 0.189582 3.29784 2 747.163 251.887 398.487 182.564
13 1.3071 -0.0524492 3.43791 2 747.494 288.992 398.664 209.458
14 1.37777 -0.331422 3.52056 2 755.334 329.247 402.845 238.634
15 1.32442 -0.40135 3.56584 2 741.445 338.628 395.437 245.433
16 1.30369 0.158403 3.18739 2 767.624 255.849 409.399 185.436
17 1.36805 -0.0880372 3.30934 2 770.667 294.788 411.023 213.658
18 1.41361 -0.392779 3.45201 2 768.007 339.288 409.604 245.911
19 1.35223 -0.4372 3.46952 2 754.252 345.517 402.268 250.426
20 1.25188 0.617679 3.01898 2 771.636 176.763 411.539 128.116
21 1.1706 0.123343 3.42078 2 720.938 262.836 384.5 190.5
22 1.18377 0.182509 3.351 2 728.684 253.446 388.631 183.695
23 0.87049 0.320978 2.80967 2 698.426 223.018 372.494 161.641
24 0.917536 0.369305 2.82082 2 709.255 214.483 378.269 155.454
1
2
-0.519702 0.102363 0.816022 -0.231385
-0.511049 0.0999113 0.821469 -0.232454
-0.497376 0.109222 0.818646 -0.265532
0 0 0 0
0.466854 0.650433 -0.534467 -0.270794
0.273563 0.71878 -0.248334 -0.588939
0.153206 0.928215 0.0776306 0.330029
0.172886 0.825271 -0.30147 0.445145
-0.211205 0.669701 0.45745 -0.545557
0.0340856 0.975551 -0.1616 0.144996
0.546322 -0.557878 0.343063 0.522122
0.654594 -0.516068 0.377511 0.403319
-0.391953 -0.595554 0.700741 0.0254989
-0.149408 -0.192764 0.230292 0.942064
-0.0932954 0.174118 0.159488 0.967234
0 0 0 0
-0.38496 0.558602 0.503351 -0.535169
0.196269 0.949509 0.158559 0.186467
0.215189 0.974005 0.070423 0.00698459
0 0 0 0
-0.499129 0.105936 0.822448 -0.251451
0 0 0 0
0 0 0 0
0 0 0 0
0 0 0 0
