13351091
0 1.36632 0.204165 3.31983 2 769.407 249.824 410.35 181.069
1 1.33064 0.458349 3.19368 2 772.999 207.948 412.266 150.718
2 1.29621 0.7059 3.05715 2 778.067 163.351 414.969 118.395
3 1.27128 0.812154 2.98202 2 779.572 142.244 415.772 103.096
4 1.17787 0.66269 3.1728 2 741.468 174.6 395.45 126.548
5 1.16147 0.460114 3.28404 2 729.102 209.749 388.854 152.023
6 1.16279 0.215997 3.19056 2 736.518 246.688 392.81 178.796
7 1.16692 0.19745 3.18944 1 737.505 249.641 393.336 180.937
8 1.41016 0.598311 3.03403 2 806.251 180.587 430.001 130.887
9 1.48845 0.406877 3.10401 2 816.522 214.316 435.478 155.333
10 1.31427 0.232127 3.01645 2 786.219 241.927 419.317 175.345
11 1.27842 0.200076 2.99779 2 779.783 247.143 415.884 179.126
12 1.30257 0.208457 3.31586 2 756.339 249.134 403.381 180.569
13 1.31075 -0.0302601 3.46237 2 746.353 285.668 398.055 207.048
14 1.36669 -0.330004 3.5746 2 749.039 328.311 399.488 237.955
15 1.32297 -0.396084 3.58597 2 739.705 337.554 394.509 244.654
16 1.40427 0.195975 3.26084 2 782.698 250.532 417.439 181.582
17 1.41327 -0.0502176 3.35632 2 776.025 288.847 413.88 209.353
18 1.44638 -0.356052 3.50196 2 770.449 333.107 410.906 241.431
19 1.39113 -0.410458 3.51374 2 758.54 340.827 404.555 247.027
20 1.30503 0.645 3.09323 2 776.641 174.765 414.209 126.667
21 1.18597 0.151842 3.21001 2 740.001 257.088 394.667 186.334
22 1.18735 0.195413 3.166 2 743.908 249.729 396.751 181
23 1.22181 0.176096 2.9987 2 766.536 251.242 408.819 182.096
24 1.26758 0.253442 3.00587 2 776.482 238.172 414.124 172.624
0
1
-0.249964 -0.00365012 0.93909 -0.235826
-0.272076 0.00192107 0.932924 -0.235846
-0.289449 0.0177774 0.918196 -0.26985
0 0 0 0
0.371058 0.663891 -0.648749 -0.0262599
0.157892 0.712897 -0.194701 -0.654935
-0.174019 0.936767 -0.0528273 0.298988
-0.0622477 0.94335 0.0943351 0.311957
-0.00809902 0.72449 0.565234 -0.39441
0.111386 0.935108 0.221843 0.252888
0.383436 -0.66318 0.138708 0.627638
0.410727 -0.656163 0.143691 0.616528
-0.142059 -0.660377 0.716483 -0.17428
-0.152784 -0.495039 0.225161 0.825164
-0.104515 -0.0953826 0.166782 0.975788
0 0 0 0
-0.207348 0.57991 0.631681 -0.470839
0.149637 0.846976 0.108187 0.498533
0.213989 0.970078 0.0701664 0.0907472
0 0 0 0
-0.29186 0.0141891 0.923002 -0.250366
0 0 0 0
0 0 0 0
0 0 0 0
0 0 0 0
