13327065
0 0.0241286 0.0162098 2.59953 2 490.331 278.06 261.51 201.534
1 0.0190335 0.281615 2.50082 2 489.19 224.232 260.901 162.52
2 0.0108764 0.539835 2.38963 2 487.096 166.535 259.785 120.702
3 0.0619056 0.645143 2.38395 2 501.898 143.622 267.679 104.095
4 -0.0443119 0.408104 2.34605 2 470.948 193.051 251.172 139.921
5 0.0501959 0.178832 2.34826 2 498.646 242.701 265.944 175.907
6 0.203307 0.0339696 2.4914 2 540.037 274.316 288.02 198.82
7 0.277634 0.00480836 2.5642 2 558.4 280.262 297.814 203.13
8 0.0702524 0.462584 2.49224 1 503.378 187.107 268.468 135.613
9 0.133259 0.311373 2.68134 1 518.141 222.435 276.342 161.218
10 0.174553 0.0736913 2.77311 1 527.205 267.775 281.176 194.08
11 0.172704 -0.0183597 2.80158 1 526.309 284.524 280.698 206.219
12 0.00395664 0.00139848 2.52879 2 485.031 280.931 258.683 203.615
13 0.0315244 -0.407402 2.73068 2 491.902 356.768 262.348 258.581
14 0.0275178 -0.783809 2.89054 2 490.534 419.073 261.618 303.739
15 0.115819 -0.830218 2.85145 2 512.041 429.351 273.089 311.188
16 0.044123 0.0318239 2.60406 2 495.594 275.035 264.317 199.341
17 0.124563 -0.275424 2.71723 1 515.477 332.497 274.921 240.989
18 0.0729503 -0.651968 2.82954 2 501.746 398.199 267.598 288.609
19 0.11522 -0.752639 2.85495 2 511.836 415.22 272.979 300.946
20 0.0137156 0.476082 2.41958 2 487.863 181.424 260.194 131.494
21 0.319716 -0.0369305 2.61267 2 568.121 288.365 302.998 209.003
22 0.274872 -0.0347057 2.56178 2 557.729 288.065 297.456 208.786
23 0.177972 -0.0230366 2.789 1 527.799 285.387 281.493 206.844
24 0.177811 -0.0268643 2.76931 1 528.071 286.115 281.638 207.372
0
0
0.51757 -0.1009 0.837067 -0.145807
0.469816 -0.0925653 0.864773 -0.151236
0.415697 -0.111387 0.882837 -0.188113
0 0 0 0
-0.16591 0.769234 -0.422831 0.449408
-0.0912472 0.855054 0.171539 0.48076
0.447834 0.754677 0.123151 -0.463401
0.586336 0.678496 0.145838 -0.417832
0.354291 0.714131 0.549495 0.250102
0.245672 0.705368 0.370748 0.551948
0.162751 0.962438 0.114366 0.184784
0.148259 0.96822 0.0207697 0.200346
-0.363669 0.60088 -0.518709 0.487472
0.228013 0.946582 -0.022771 -0.22688
0.190706 0.943537 -0.0586407 -0.264445
0 0 0 0
0.253929 0.442966 0.859347 -0.0286934
-0.0763592 0.238963 0.196296 0.94791
0.0875412 0.154195 0.131434 0.975339
0 0 0 0
0.419053 -0.0956348 0.886342 -0.172181
0 0 0 0
0 0 0 0
0 0 0 0
0 0 0 0
