13281440
0 0.0528089 0.0226435 2.65255 2 497.63 276.897 265.403 200.691
1 0.0235738 0.286092 2.55076 2 490.311 224.46 261.499 162.686
2 -0.00796871 0.542707 2.43564 2 481.7 168.114 256.907 121.847
3 0.0533288 0.644427 2.40887 2 499.251 145.212 266.267 105.248
4 -0.085759 0.413114 2.38637 2 459.204 193.472 244.909 140.226
5 -0.0785535 0.184403 2.38394 2 461.311 242.093 246.033 175.466
6 0.0362852 0.0161811 2.45149 2 494.122 277.875 263.532 201.4
7 0.092806 -0.0398635 2.51118 2 509.342 289.234 271.649 209.633
8 0.0715442 0.479035 2.5598 2 503.214 186.328 268.381 135.048
9 0.164945 0.34062 2.78641 2 524.683 219.324 279.831 158.963
10 0.450004 0.291286 2.72471 2 597.781 226.995 318.817 164.523
11 0.526437 0.274487 2.70563 2 618.152 229.723 329.681 166.5
12 0.018063 0.00374671 2.56805 2 488.787 280.473 260.686 203.283
13 0.0250797 -0.408292 2.74296 2 490.249 356.593 261.466 258.454
14 0.0269799 -0.789246 2.89191 2 490.403 419.972 261.548 304.39
15 0.115591 -0.829147 2.85368 2 511.964 429.041 273.047 310.963
16 0.0873347 0.0416266 2.67303 2 506.398 273.34 270.079 198.113
17 0.0245932 -0.401002 2.76482 2 490.078 354.654 261.375 257.049
18 0.0618796 -0.700853 2.84977 2 498.947 406.141 266.105 294.366
19 0.14897 -0.75919 2.77395 2 521.071 420.392 277.904 304.694
20 0.000239722 0.479934 2.46687 2 484.024 182.553 258.146 132.312
21 0.153288 -0.106602 2.52533 2 525.666 302.555 280.355 219.288
22 0.0259262 -0.0736311 2.51741 2 491.03 295.993 261.883 214.532
23 0.606657 0.262724 2.70894 2 638.541 231.949 340.555 168.113
24 0.503971 0.332897 2.71471 2 612.009 218.969 326.405 158.706
0
0
0.470077 -0.133445 0.861945 -0.135171
0.433295 -0.127624 0.881009 -0.14068
0.392649 -0.146676 0.889067 -0.184045
0 0 0 0
-0.138023 0.768605 -0.484001 0.394891
-0.00948175 0.960293 0.0136448 0.2785
-0.32651 -0.569243 -0.0377991 0.753608
-0.463898 -0.564338 0.0561218 0.680567
0.371946 0.664309 0.598179 0.250062
-0.0827326 0.193595 0.497286 0.841655
-0.567038 0.498593 0.308349 0.578614
-0.558149 0.514911 0.290152 0.582364
-0.343363 0.637443 -0.529937 0.441515
0.193965 0.942619 -0.04677 -0.267692
0.179749 0.950119 -0.0450169 -0.250873
0 0 0 0
0.326009 0.52985 0.779394 0.074306
0.0929709 0.254988 0.0801298 0.959123
0.000991236 0.403388 0.149463 0.902739
0 0 0 0
0.394901 -0.132894 0.894511 -0.161995
0 0 0 0
0 0 0 0
0 0 0 0
0 0 0 0
