13347225
0 1.18296 0.144259 3.21522 2 738.926 258.331 394.094 187.235
1 1.16073 0.363861 3.05628 2 747.295 220.466 398.557 159.791
2 1.13125 0.576413 2.88384 2 756.087 179.177 403.247 129.865
3 1.0877 0.688204 2.8122 2 752.289 156.28 401.221 113.27
4 1.02644 0.544675 3.02684 2 719.029 189.421 383.482 137.29
5 0.930217 0.344547 3.037 2 695.963 223.427 371.18 161.937
6 0.828985 0.274694 2.81797 2 687.47 231.588 366.651 167.851
7 0.781605 0.242578 2.77238 2 678.901 236.69 362.08 171.55
8 1.20982 0.469806 2.81124 2 782.516 195.898 417.342 141.984
9 1.11988 0.267437 2.82814 2 758.562 232.955 404.566 168.843
10 0.890417 0.237314 2.81099 2 703.217 238.21 375.049 172.651
11 0.804973 0.229388 2.78122 2 684.128 239.237 364.869 173.395
12 1.1335 0.156801 3.22608 2 727.348 256.435 387.919 185.861
13 1.19287 -0.0649802 3.37917 2 728.485 291.012 388.525 210.922
14 1.29064 -0.286837 3.50514 2 739.165 322.947 394.221 234.068
15 1.21628 -0.354064 3.44662 2 728.49 333.592 388.528 241.783
16 1.20691 0.127689 3.13847 2 750.544 260.457 400.29 188.775
17 1.26609 -0.115919 3.2334 2 755.44 299.501 402.901 217.074
18 1.28454 -0.403894 3.39363 2 746.409 341.934 398.085 247.829
19 1.20994 -0.46999 3.33531 2 735.453 353.097 392.241 255.92
20 1.13953 0.524173 2.92912 2 753.819 189.867 402.037 137.613
21 0.718515 0.237204 2.7055 2 667.5 236.623 356 171.501
22 0.744557 0.27735 2.7618 2 670.325 230.126 357.507 166.792
23 0.742473 0.229355 2.76209 2 669.744 238.98 357.197 173.209
24 0.800202 0.275662 2.77467 2 683.439 230.643 364.501 167.167
1
1
-0.405213 0.0921335 0.859936 -0.296351
-0.401303 0.0907865 0.861768 -0.296767
-0.394598 0.0889513 0.848191 -0.341982
0 0 0 0
0.442216 0.654905 -0.610241 -0.0561307
0.163 -0.587688 0.152585 0.77767
0.598692 -0.695019 -0.0502985 0.39495
0.522422 -0.680875 0.0873817 0.505815
-0.174474 0.62323 0.53424 -0.543811
0.0508725 0.975888 -0.204534 0.056746
0.499687 -0.531705 0.430594 0.531217
0.56942 -0.579103 0.36349 0.456372
-0.324095 -0.602975 0.717769 -0.127248
-0.19951 -0.299107 0.241548 0.901324
-0.260636 -0.331984 0.161425 0.892075
0 0 0 0
-0.319878 0.573848 0.544753 -0.521172
0.1362 0.926774 0.164513 0.308991
0.218888 0.888436 0.125897 0.383301
0 0 0 0
-0.39654 0.0881993 0.855804 -0.320276
0 0 0 0
0 0 0 0
0 0 0 0
0 0 0 0
