13387596
0 1.16197 0.19447 3.31233 2 726.97 251.283 387.717 182.126
1 1.13779 0.442208 3.19336 2 730.934 210.577 389.831 152.624
2 1.10959 0.684745 3.06226 2 735.297 167.076 392.158 121.094
3 1.05718 0.784694 2.99982 2 728.435 147.68 388.499 107.036
4 0.991098 0.616595 3.19405 2 698.963 182.782 372.78 132.478
5 0.918999 0.404344 3.17451 2 684.27 216.357 364.944 156.813
6 0.83525 0.326137 2.891 2 683.83 223.782 364.709 162.194
7 0.840225 0.284747 2.85567 2 687.512 230.449 366.673 167.026
8 1.20511 0.573033 2.98973 2 763.596 183.366 407.251 132.901
9 1.13266 0.360532 2.9704 2 748.365 219.279 399.128 158.931
10 0.923269 0.298555 2.91497 2 703.23 229.035 375.056 166.001
11 0.839183 0.273302 2.86384 2 686.663 232.632 366.22 168.609
12 1.10528 0.201387 3.32328 2 714.24 250.336 380.928 181.44
13 1.1646 -0.0447378 3.46195 2 716.87 287.795 382.331 208.59
14 1.24612 -0.355005 3.56622 2 726.062 331.965 387.233 240.603
15 1.20597 -0.42303 3.5691 2 718.042 341.633 382.956 247.611
16 1.19623 0.184055 3.23669 2 740.096 252.211 394.718 182.799
17 1.25837 -0.0766871 3.3264 2 746.165 292.969 397.955 212.34
18 1.35225 -0.386781 3.46225 2 754.81 338.218 402.565 245.136
19 1.28225 -0.453512 3.3927 2 746.031 349.418 397.883 253.253
20 1.11736 0.62496 3.09692 2 734.188 178.222 391.567 129.173
21 0.80604 0.276779 2.8263 2 681.201 231.372 363.307 167.695
22 0.861793 0.270394 2.85031 2 693.17 232.908 369.691 168.808
23 0.78051 0.253419 2.83968 2 673.975 235.812 359.453 170.913
24 0.834315 0.304341 2.84035 2 687.183 226.66 366.498 164.28
1
1
-0.363102 0.0407543 0.90396 -0.222154
-0.362325 0.0405633 0.904272 -0.222189
-0.358746 0.0423617 0.895069 -0.261452
0 0 0 0
0.351433 0.720208 -0.591838 -0.0867365
0.153049 -0.63118 0.0702376 0.757135
0.114244 -0.362834 0.599224 -0.704436
-0.17221 0.345351 -0.302737 0.871451
-0.154224 0.673364 0.548377 -0.471252
-0.0221389 0.97743 -0.167356 0.127011
-0.420798 0.694843 -0.430559 -0.393371
-0.498923 0.72631 -0.356084 -0.311053
-0.237877 -0.657867 0.709144 -0.0879803
-0.193548 -0.365549 0.190321 0.890332
-0.145033 -0.142958 0.138064 0.969261
0 0 0 0
-0.276564 0.566533 0.601071 -0.491188
0.107813 0.90847 0.164748 0.368668
0.128588 0.891147 0.205291 0.383637
0 0 0 0
-0.360207 0.0418703 0.900172 -0.24122
0 0 0 0
0 0 0 0
0 0 0 0
0 0 0 0
