13323491
0 1.32397 0.191535 3.32188 2 760.335 251.789 405.512 182.494
1 1.3111 0.442089 3.18301 2 769.698 210.312 410.506 152.431
2 1.29534 0.686226 3.03561 2 779.955 165.823 415.976 120.186
3 1.26846 0.772459 2.97054 2 780.09 148.51 416.048 107.638
4 1.18297 0.652111 3.16857 2 742.93 176.162 396.229 127.68
5 1.17582 0.420532 3.32853 2 728.786 216.777 388.686 157.117
6 1.17778 0.209013 3.37849 2 725.443 249.676 386.903 180.962
7 1.1856 0.160899 3.38387 1 726.655 256.974 387.55 186.251
8 1.40745 0.572201 3.02032 2 807.104 184.538 430.455 133.75
9 1.48531 0.372779 3.10724 2 815.499 219.981 434.933 159.439
10 1.48728 0.153866 3.11873 2 814.767 256.027 434.543 185.565
11 1.53747 0.116798 3.12674 2 825 262.146 440 190
12 1.25875 0.194485 3.32433 2 746.432 251.369 398.097 182.189
13 1.31464 -0.0452164 3.43473 2 749.273 287.926 399.613 208.685
14 1.36699 -0.319366 3.5412 2 751.614 327.225 400.861 237.168
15 1.32165 -0.397073 3.58228 2 739.713 337.753 394.514 244.798
16 1.36542 0.185183 3.25772 2 774.682 252.197 413.164 182.789
17 1.37318 -0.0791802 3.34294 2 768.84 293.298 410.048 212.579
18 1.40285 -0.391656 3.45283 2 765.77 339.106 408.411 245.779
19 1.35413 -0.44634 3.46997 2 754.6 346.854 402.453 251.395
20 1.30011 0.626236 3.07416 2 777.348 177.22 414.586 128.447
21 1.19172 0.119633 3.39495 2 727.108 263.249 387.791 190.8
22 1.20507 0.161461 3.33671 2 734.196 256.539 391.571 185.936
23 1.52824 0.0912525 3.11558 1 824.174 266.262 439.559 192.983
24 1.52777 0.116061 3.107 1 825 262.146 440 190
1
0
-0.256418 0.04391 0.933342 -0.247377
-0.282412 0.050809 0.925808 -0.246053
-0.307713 0.0573326 0.908294 -0.27754
0 0 0 0
-0.406123 -0.639881 0.647931 0.0761696
0.211493 0.70712 -0.209769 -0.641287
0.103288 0.902979 0.052345 0.413789
0.0171883 0.906597 0.0956332 0.41066
0.0111241 0.742727 0.542871 -0.391821
0.113919 0.892769 0.235534 0.366756
0.00682238 0.415735 0.0257057 0.909097
-0.312667 0.540285 0.328068 0.709016
-0.19461 -0.671946 0.696208 -0.160968
-0.193787 -0.461228 0.13476 0.85531
-0.0707582 0.0982942 0.190048 0.974276
0 0 0 0
-0.218871 0.577597 0.640833 -0.455862
0.127618 0.856711 0.0895459 0.491672
0.167271 0.984729 0.0470931 0.0105669
0 0 0 0
-0.307989 0.0589471 0.913787 -0.258187
0 0 0 0
0 0 0 0
0 0 0 0
0 0 0 0
