13298409
0 0.0575554 0.0144789 2.63478 2 498.959 278.434 266.112 201.805
1 0.0277534 0.279028 2.52356 2 491.519 225.266 262.143 163.27
2 -0.0027755 0.537431 2.40078 2 483.159 167.583 257.685 121.462
3 0.04923 0.646105 2.39009 2 498.188 143.774 265.7 104.206
4 -0.0678129 0.406871 2.36067 2 464.172 193.862 247.559 140.509
5 -0.0420466 0.168991 2.3578 2 471.703 244.971 251.575 177.551
6 0.0534974 -0.0683675 2.45729 2 498.91 295.273 266.085 214.01
7 0.0768528 -0.143404 2.50837 2 505.007 310.114 269.337 224.767
8 0.0586919 0.474342 2.51469 1 500.039 185.57 266.687 134.498
9 0.127507 0.305328 2.71023 1 516.314 224.196 275.367 162.494
10 0.188079 0.0616008 2.81996 1 529.784 270.166 282.551 195.813
11 0.188637 -0.0142012 2.85135 1 529.411 283.729 282.352 205.643
12 0.0262382 -0.00747881 2.55519 2 491.009 282.69 261.871 204.89
13 0.0293496 -0.41821 2.74235 2 491.323 358.449 262.039 259.799
14 0.026903 -0.790674 2.89131 2 490.386 420.255 261.539 304.595
15 0.114851 -0.828629 2.85185 2 511.802 429.044 272.961 310.965
16 0.0866 0.0365262 2.64821 2 506.418 274.24 270.089 198.765
17 0.0259346 -0.404303 2.76193 2 490.419 355.339 261.557 257.545
18 0.04901 -0.81127 2.88113 2 495.714 424.422 264.381 307.615
19 0.158125 -0.831387 2.91697 2 521.434 426.209 278.098 308.91
20 0.00499084 0.473974 2.43359 2 485.37 182.445 258.864 132.233
21 0.125853 -0.210874 2.53623 2 518.067 323.267 276.302 234.3
22 0.107232 -0.0842003 2.53649 2 512.999 297.991 273.599 215.98
23 0.192412 -0.0626364 2.8679 1 530.056 292.253 282.696 211.821
24 0.199383 -0.00779011 2.83881 1 532.215 282.598 283.848 204.823
0
0
0.477032 -0.141996 0.854926 -0.146217
0.448181 -0.137028 0.870398 -0.150883
0.415987 -0.151186 0.876636 -0.188699
0 0 0 0
-0.13707 0.773816 -0.456464 0.417206
-0.0305493 0.882324 0.0448332 0.467505
-0.116153 0.287565 0.232822 0.921742
-0.0495663 0.25422 0.311856 0.914145
0.394687 0.65143 0.588312 0.27157
0.214575 0.685851 0.371483 0.587848
-0.0201716 0.39502 0.234401 0.888036
0.0738858 0.387511 0.180552 0.900987
-0.335684 0.644747 -0.512827 0.456756
0.20566 0.943023 -0.0522376 -0.256287
0.181882 0.948775 -0.0517374 -0.253119
0 0 0 0
0.320579 0.464182 0.82518 0.0290196
0.0954182 0.243386 0.104821 0.959516
-0.0451783 -0.125186 0.137221 0.981559
0 0 0 0
0.41782 -0.140325 0.88141 -0.169859
0 0 0 0
0 0 0 0
0 0 0 0
0 0 0 0
