13306634
0 1.25678 0.157691 3.25066 2 751.994 256.463 401.064 185.881
1 1.23025 0.421302 3.10679 2 758.614 211.999 404.594 153.654
2 1.19955 0.676559 2.95097 2 765.959 164.172 408.511 118.99
3 1.15185 0.792633 2.94085 2 755.665 143.627 403.021 104.099
4 1.15608 0.601354 3.13075 2 740.072 183.179 394.705 132.766
5 1.16279 0.428113 3.28772 1 729.088 214.799 388.847 155.683
6 1.16654 0.207389 3.35839 2 724.561 249.735 386.433 181.004
7 1.16254 0.170362 3.3859 2 721.751 255.569 384.934 185.233
8 1.25486 0.536958 2.88359 2 785.845 186.155 419.118 134.922
9 1.21762 0.273825 2.9497 2 770.284 233.829 410.818 169.476
10 1.13986 0.090646 3.04043 2 743.794 266.006 396.69 192.797
11 1.09917 0.0374772 3.05854 2 732.935 274.964 390.899 199.29
12 1.22192 0.167972 3.27926 2 742.214 255.087 395.847 184.884
13 1.29066 -0.0769536 3.44407 2 743.685 292.606 396.632 212.077
14 1.36644 -0.338256 3.52003 2 753.132 330.243 401.671 239.355
15 1.32094 -0.38437 3.58664 2 739.257 335.875 394.27 243.438
16 1.26763 0.143647 3.15842 2 762.276 258.003 406.547 186.997
17 1.34328 -0.0871919 3.29228 2 766.914 294.726 409.021 213.613
18 1.40352 -0.393 3.4408 2 766.895 339.509 409.011 246.071
19 1.3481 -0.446647 3.45503 2 754.561 347.184 402.432 251.634
20 1.20761 0.613653 2.99164 2 764.001 176.495 407.467 127.921
21 1.17365 0.127806 3.41636 2 721.873 262.146 384.999 190
22 1.1714 0.154922 3.3243 2 728.059 257.455 388.298 186.6
23 1.09051 -0.0141363 3.10149 2 727.504 283.534 388.002 205.501
24 1.06841 0.0324187 3.02721 2 728.431 275.752 388.496 199.861
0
0
-0.538314 0.0992846 0.804615 -0.230122
-0.530287 0.0969917 0.809927 -0.231098
-0.516945 0.105027 0.80639 -0.267342
0 0 0 0
0.471031 0.663465 -0.48664 -0.318002
-0.260911 -0.648022 0.248096 0.67115
0.14909 0.965697 0.0406018 0.208693
0.315403 0.92466 0.0255437 0.211832
-0.215002 0.677465 0.42564 -0.560041
0.0910201 0.930324 -0.106262 -0.339
0.11298 0.86116 -0.261645 -0.420929
-0.00255404 0.855792 -0.341635 -0.388457
-0.417177 -0.618761 0.661147 0.0773499
-0.168618 -0.170576 0.259886 0.935377
-0.0780376 0.354131 0.177164 0.91494
0 0 0 0
-0.410115 0.54243 0.506998 -0.52965
0.224444 0.943423 0.182975 0.161547
0.215514 0.969147 0.103389 0.0601507
0 0 0 0
-0.519697 0.0993448 0.8104 -0.251589
0 0 0 0
0 0 0 0
0 0 0 0
0 0 0 0
