13382390
0 -0.0683005 -0.0435776 2.55987 2 465.631 289.814 248.337 210.054
1 -0.085261 0.228742 2.45343 2 460.067 234.049 245.369 169.635
2 -0.0995544 0.494988 2.33483 2 454.552 173.628 242.428 125.843
3 -0.0433886 0.602808 2.33594 2 471.129 150.068 251.269 108.767
4 -0.158023 0.352936 2.27756 2 436.178 202.688 232.628 146.906
5 -0.074085 0.168262 2.272 2 461.548 243.76 246.159 176.674
6 0.0621734 0.0705265 2.44469 2 501.425 266.63 267.427 193.25
7 0.0865177 0.0532489 2.51772 1 507.56 270.521 270.699 196.07
8 -0.0473128 0.22951 2.24084 1 469.441 229.396 250.368 166.263
9 0.0177051 0.204175 2.4774 2 488.868 239.534 260.73 173.611
10 0.204234 0.0888977 2.61266 2 537.68 264.003 286.763 191.346
11 0.224789 0.0914044 2.64268 2 542.422 263.717 289.292 191.139
12 -0.0993754 -0.0477149 2.51153 2 456.778 290.814 243.615 210.778
13 -0.0310022 -0.474693 2.6566 2 475.918 371.779 253.823 269.461
14 -0.0601739 -0.856533 2.77814 2 468.973 438.157 250.119 317.57
15 0.0337468 -0.885893 2.74412 2 492.468 445.621 262.65 322.98
16 -0.0357631 -0.0397893 2.53863 2 474.281 289.132 252.95 209.559
17 -0.0898447 -0.382382 2.81357 1 461.985 350.021 246.392 253.69
18 -0.131471 -0.862889 2.86484 1 452.214 434.515 241.181 314.931
19 -0.00224705 -0.869022 2.82513 2 483.406 437.789 257.817 317.304
20 -0.0962922 0.429536 2.36673 2 455.926 189.201 243.16 137.13
21 0.138814 0.0410069 2.58305 2 520.875 273.186 277.8 198.001
22 0.095726 0.0946102 2.48162 2 510.456 261.939 272.243 189.85
23 0.297944 0.105626 2.65668 2 561.083 261.091 299.244 189.235
24 0.213648 0.045074 2.645 2 539.467 272.593 287.716 197.572
1
1
0.198017 -0.0661644 0.962131 -0.175257
0.122927 -0.0523961 0.974575 -0.179853
0.0119723 -0.0257317 0.974098 -0.22434
0 0 0 0
-0.344365 0.881666 -0.304873 0.105496
-0.124524 0.827272 0.171687 0.520228
-0.0592943 0.444667 0.541727 0.710836
0.0742486 0.333167 0.620468 0.70605
-0.270443 0.956011 0.111809 -0.0200736
0.106933 0.308561 0.661215 0.675388
0.464347 0.763893 0.246294 -0.374419
0.711141 0.637014 0.169243 -0.24464
0.274177 -0.610221 0.623636 -0.404395
0.176674 0.817318 -0.026703 -0.547781
0.142841 0.967907 -0.0664043 -0.195812
0 0 0 0
-0.0819338 0.599805 0.736071 -0.302855
-0.0840965 -0.407211 0.32542 0.84924
0.0503823 0.147733 0.0460221 0.98667
0 0 0 0
0.0114689 -0.0280935 0.978939 -0.201883
0 0 0 0
0 0 0 0
0 0 0 0
0 0 0 0
