13345092
0 -0.0436355 -0.00385563 2.62162 2 472.525 281.954 252.014 204.356
1 -0.0276582 0.273648 2.5173 2 476.402 226.211 254.081 163.954
2 -0.0117966 0.543425 2.40193 2 480.568 166.362 256.303 120.577
3 0.00123506 0.652926 2.3843 2 484.315 141.974 258.301 102.901
4 -0.141722 0.462781 2.47404 2 444.479 186.351 237.055 135.065
5 0.092826 0.342505 2.44809 2 510.05 210.366 272.026 152.47
6 0.334329 0.322472 2.53074 2 574.966 216.617 306.648 157.001
7 0.394016 0.296441 2.58436 1 589.012 223.05 314.14 161.663
8 0.106977 0.381113 2.37589 2 514.96 199.936 274.645 144.911
9 0.298718 0.312782 2.52211 2 565.521 218.366 301.611 158.269
10 0.486979 0.262641 2.64273 2 611.006 230.789 325.87 167.273
11 0.550295 0.26732 2.68137 2 625.544 230.599 333.624 167.135
12 -0.0968031 0.0185684 2.59243 2 458.309 277.591 244.431 201.194
13 -0.0897388 -0.432919 2.69098 2 460.996 362.718 245.865 262.893
14 -0.176588 -0.857943 2.81722 2 440.592 436.244 234.982 316.183
15 -0.069447 -0.873365 2.79528 2 466.767 440.282 248.943 319.11
16 0.0105761 -0.0261712 2.5838 2 486.768 286.33 259.609 207.528
17 0.0414645 -0.380679 2.85042 1 493.964 348.82 263.448 252.82
18 0.0195219 -0.639019 2.98298 2 488.47 389.913 260.517 282.604
19 -0.00131651 -0.754371 2.91546 1 483.645 412.705 257.944 299.123
20 -0.015739 0.477155 2.43281 2 479.498 181.746 255.732 131.727
21 0.467299 0.279619 2.61352 2 607.231 226.932 323.856 164.477
22 0.365405 0.265843 2.57327 2 581.758 228.852 310.271 165.869
23 0.605451 0.253168 2.71274 2 638.006 233.811 340.27 169.463
24 0.588285 0.30294 2.67489 2 635.785 223.679 339.085 162.119
1
1
-0.0984555 0.0451015 0.978596 -0.174992
-0.148012 0.0539277 0.972335 -0.172476
-0.197895 0.0708263 0.95571 -0.206009
0 0 0 0
0.209042 0.744245 -0.634349 0.00152798
-0.251824 0.78775 0.457746 0.326348
0.617015 0.505819 0.283147 -0.532229
0.578299 0.640315 0.106151 -0.494266
-0.0406975 0.836004 0.457046 -0.300916
-0.415622 0.126247 0.436963 0.787644
-0.19283 0.495286 0.59448 0.603408
-0.241151 0.433414 0.687985 0.529787
0.047144 -0.51594 0.819243 -0.245812
-0.0737114 -0.628171 0.0782595 0.770612
0.131072 0.979873 -0.111605 -0.101056
0 0 0 0
-0.101356 0.736858 0.574286 -0.341998
0.22623 0.745875 0.224023 0.585068
0.200887 0.725942 0.12671 0.645443
0 0 0 0
-0.198434 0.0665017 0.960071 -0.18565
0 0 0 0
0 0 0 0
0 0 0 0
0 0 0 0
