13361362
0 1.22937 0.196268 3.28009 2 743.741 250.692 396.662 181.698
1 1.21112 0.456392 3.18368 2 747.768 208.057 398.81 150.797
2 1.18899 0.710469 3.07604 2 752.116 163.301 401.128 118.359
3 1.13871 0.824676 3.02876 2 744.784 142.212 397.218 103.073
4 1.08265 0.650521 3.21726 2 717.267 178.054 382.542 129.051
5 1.04901 0.41322 3.25764 2 706.971 216.568 377.051 156.965
6 0.990399 0.264234 3.05195 2 708.635 237.102 377.939 171.848
7 0.98658 0.228346 3.00309 2 711.42 242.471 379.424 175.739
8 1.28974 0.597527 3.02421 2 779.816 180.349 415.902 130.714
9 1.30131 0.366788 3.04022 2 780.902 219.622 416.481 159.179
10 1.08335 0.232858 3.02674 2 731.972 241.983 390.385 175.386
11 0.997626 0.208406 3.00091 2 714.149 245.826 380.879 178.171
12 1.16526 0.20153 3.2942 2 729.019 250.023 388.81 181.213
13 1.19418 0.0116388 3.44218 2 724.229 279.488 386.256 202.569
14 1.24822 -0.324594 3.56833 1 726.317 327.587 387.369 237.431
15 1.1787 -0.389512 3.49746 2 717.416 337.98 382.622 244.964
16 1.26948 0.187101 3.20229 2 758.848 251.398 404.719 182.21
17 1.24182 -0.06202 3.28228 2 746.193 290.848 397.97 210.803
18 1.28424 -0.405708 3.42527 2 743.906 341.64 396.75 247.616
19 1.21405 -0.469806 3.35472 2 734.841 352.651 391.915 255.597
20 1.19534 0.647849 3.10494 2 751.026 174.7 400.547 126.62
21 0.983436 0.188212 2.9808 2 712.381 249.042 379.937 180.502
22 0.94601 0.239935 2.98141 2 703.588 240.221 375.247 174.109
23 0.936829 0.18536 3.01672 2 698.838 249.925 372.714 181.142
24 0.995156 0.218129 2.9536 2 717.292 243.576 382.556 176.54
1
1
-0.348704 0.0312817 0.919905 -0.17664
-0.359235 0.0333062 0.915844 -0.176269
-0.36773 0.0370318 0.903796 -0.21577
0 0 0 0
0.378045 0.683494 -0.604546 -0.156336
-0.000497274 -0.639667 0.108761 0.760919
-0.435802 0.720938 0.155839 -0.51579
-0.39516 0.742923 0.220136 -0.493411
-0.103572 0.71922 0.549121 -0.412869
0.0333307 0.997858 0.0266883 0.0495571
-0.101258 0.863172 -0.477852 -0.127824
-0.229496 0.791212 -0.561784 -0.075588
-0.209202 -0.676512 0.704402 -0.0488171
-0.192994 -0.396367 0.266787 0.857013
-0.142072 -0.404731 0.129965 0.893934
0 0 0 0
-0.280351 0.585836 0.60772 -0.45703
0.162192 0.895153 0.0164444 0.414878
0.152857 0.889409 0.134014 0.409423
0 0 0 0
-0.368932 0.0368882 0.908282 -0.193782
0 0 0 0
0 0 0 0
0 0 0 0
0 0 0 0
