13284825
0 0.036842 0.0081754 2.61943 2 493.616 279.633 263.262 202.675
1 0.0155996 0.274142 2.51577 2 488.22 226.078 260.384 163.858
2 -0.00452465 0.532313 2.40079 2 482.657 168.674 257.417 122.252
3 0.0560306 0.634102 2.38526 2 500.184 146.074 266.765 105.873
4 -0.0684926 0.397253 2.35454 2 463.924 195.714 247.426 141.851
5 -0.0352598 0.166129 2.34682 2 473.633 245.418 252.604 177.876
6 0.0714722 0.0114121 2.44701 2 504.017 278.854 268.809 202.109
7 0.0806852 0.00812186 2.50952 2 506.039 279.575 269.888 202.632
8 0.0570244 0.474318 2.51787 1 499.562 185.696 266.433 134.59
9 0.146775 0.25476 2.68124 1 521.596 233.137 278.184 168.975
10 0.219124 0.015961 2.57958 1 542.336 278.082 289.246 201.55
11 0.205763 -0.0109177 2.58934 1 538.565 283.343 287.235 205.363
12 0.00599001 -0.0121115 2.53694 2 485.578 283.623 258.975 205.566
13 0.0254023 -0.403826 2.73259 2 490.354 356.049 261.522 258.06
14 0.027733 -0.789144 2.8919 2 490.583 419.955 261.644 304.377
15 0.116451 -0.830067 2.85241 2 512.185 429.274 273.165 311.132
16 0.0666634 0.0280962 2.63462 2 501.335 275.821 267.379 199.911
17 0.0486599 -0.353344 2.70839 2 496.316 347.252 264.702 251.683
18 0.050118 -0.743735 2.85183 2 496.095 413.755 264.584 299.884
19 0.134136 -0.813025 2.89157 2 516.022 424.227 275.212 307.474
20 0.000513324 0.469004 2.43174 2 484.102 183.412 258.188 132.934
21 0.0926649 -0.0144041 2.52283 2 509.185 284.096 271.566 205.909
22 0.0466899 -0.0612517 2.501 2 496.779 293.588 264.949 212.789
23 0.181995 -0.0223689 2.57591 2 532.503 285.601 284.002 207
24 0.231937 -0.00529013 2.57506 2 545.864 282.25 291.127 204.571
1
1
0.486029 -0.124074 0.853436 -0.141523
0.462554 -0.120165 0.866384 -0.144857
0.436005 -0.133471 0.870608 -0.184734
0 0 0 0
-0.14677 0.769033 -0.440079 0.439746
-0.0459147 0.898228 0.0570279 0.43339
0.363995 0.746041 0.065675 -0.55373
0.661889 0.660697 -0.189483 -0.299129
0.403702 0.63438 0.602313 0.267965
0.0932307 0.657648 0.33188 0.669823
-0.210878 0.437065 -0.11125 0.867253
0.27241 0.570312 -0.00096318 0.774942
-0.342029 0.631592 -0.520367 0.461873
0.227352 0.939261 -0.0379721 -0.254281
0.188638 0.946224 -0.0485412 -0.258303
0 0 0 0
0.322548 0.492175 0.807289 0.044853
0.0468889 0.254881 0.0861622 0.961984
-0.0156076 -0.0777558 0.174462 0.981465
0 0 0 0
0.438028 -0.122697 0.875275 -0.16423
0 0 0 0
0 0 0 0
0 0 0 0
0 0 0 0
