13295222
0 1.31414 0.17863 3.28283 2 761.551 253.445 406.161 183.693
1 1.29735 0.432814 3.14817 2 769.831 211.032 410.576 152.953
2 1.27458 0.681195 3.00536 2 778.149 165.514 415.013 119.962
3 1.24779 0.787069 2.92917 2 779.359 144.1 415.658 104.441
4 1.16063 0.645877 3.13131 2 741.057 175.93 395.23 127.512
5 1.14404 0.407416 3.2604 2 727.132 217.486 387.804 157.631
6 1.1352 0.185468 3.25932 2 725.215 252.206 386.782 182.796
7 1.13068 0.156628 3.27236 2 723.271 256.817 385.744 186.137
8 1.39218 0.572564 2.98784 2 807.067 183.426 430.436 132.945
9 1.48815 0.366748 3.08438 2 818.573 220.529 436.573 159.837
10 1.49335 0.164733 2.98341 2 831.064 253.035 443.234 183.396
11 1.47823 0.104964 2.90263 2 837.06 262.761 446.432 190.446
12 1.24918 0.184576 3.28269 2 747.747 252.53 398.798 183.03
13 1.3053 -0.0484719 3.42743 2 747.938 288.424 398.901 209.046
14 1.3757 -0.304242 3.5342 2 753.862 325.134 402.06 235.653
15 1.33237 -0.391725 3.56955 2 742.727 337.194 396.121 244.394
16 1.35311 0.169446 3.22078 2 775.365 254.358 413.528 184.355
17 1.37642 -0.0851685 3.34286 2 769.523 294.213 410.412 213.242
18 1.41472 -0.393815 3.46481 2 767.179 339.225 409.162 245.866
19 1.35587 -0.447283 3.47868 2 754.268 346.828 402.276 251.376
20 1.28116 0.620043 3.04271 2 776.063 177.183 413.9 128.42
21 1.13218 0.0961435 3.28277 2 722.811 266.285 385.499 193
22 1.09434 0.15652 3.24475 2 717.497 256.632 382.665 186.003
23 1.47729 0.0609953 2.86589 2 841.315 270.353 448.701 195.948
24 1.43779 0.0697879 2.89867 2 827.964 268.924 441.581 194.912
0
0
-0.261988 0.0361476 0.934047 -0.240027
-0.278623 0.0404274 0.92922 -0.239343
-0.295875 0.03782 0.915084 -0.271385
0 0 0 0
-0.395249 -0.641478 0.654878 0.0584657
0.155384 0.700153 -0.192264 -0.669833
-0.0138942 0.798901 -0.0144417 -0.601128
0.122779 0.777115 -0.184086 -0.589178
0.0115251 0.731136 0.566457 -0.380045
0.0528879 0.788377 0.283136 0.543598
0.0777109 -0.375554 -0.216399 0.897826
0.232361 -0.307673 -0.389783 0.83631
-0.17802 -0.653899 0.716857 -0.163831
-0.219805 -0.451999 0.188569 0.843697
-0.123229 0.0163508 0.193905 0.973113
0 0 0 0
-0.222242 0.588905 0.623238 -0.464083
0.172554 0.850996 0.144546 0.474487
0.183547 0.97997 0.066023 0.040128
0 0 0 0
-0.296043 0.0405233 0.9202 -0.252881
0 0 0 0
0 0 0 0
0 0 0 0
0 0 0 0
