13323340
0 1.31736 0.193431 3.31947 2 759.149 251.477 404.879 182.267
1 1.30888 0.444084 3.18071 2 769.421 209.941 410.358 152.162
2 1.29595 0.688573 3.03361 2 780.286 165.353 416.152 119.846
3 1.26421 0.779143 2.97041 2 779.109 147.356 415.525 106.801
4 1.18561 0.654853 3.17085 2 743.323 175.795 396.439 127.414
5 1.18 0.419953 3.33229 2 729.384 216.938 389.005 157.233
6 1.17879 0.198959 3.38101 2 725.465 251.216 386.915 182.078
7 1.18902 0.153133 3.39031 1 726.894 258.188 387.677 187.131
8 1.40586 0.574002 3.01131 2 807.698 183.946 430.772 133.321
9 1.46784 0.360035 3.08845 2 813.607 221.712 433.924 160.694
10 1.4274 0.142999 3.08511 2 804.937 257.549 429.3 186.668
11 1.42487 0.125406 3.03284 2 809.88 260.103 431.936 188.519
12 1.25384 0.198717 3.32304 2 745.502 250.709 397.601 181.71
13 1.31504 -0.0450035 3.43386 2 749.422 287.896 399.692 208.663
14 1.37156 -0.329872 3.53294 2 753.149 328.852 401.68 238.347
15 1.32394 -0.39441 3.58552 2 739.925 337.323 394.626 244.487
16 1.35586 0.183995 3.25401 2 772.968 252.351 412.249 182.9
17 1.37137 -0.0838533 3.34881 2 767.961 293.989 409.579 213.079
18 1.40362 -0.392056 3.44997 2 766.16 339.214 408.619 245.857
19 1.35313 -0.442224 3.4709 2 754.326 346.231 402.307 250.944
20 1.30008 0.628419 3.07214 2 777.534 176.789 414.685 128.134
21 1.20336 0.115239 3.39688 2 729.364 263.917 388.994 191.284
22 1.20815 0.133191 3.3445 2 734.248 260.907 391.599 189.101
23 1.42063 0.0934855 3.02967 2 809.253 265.459 431.602 192.401
24 1.42875 0.11094 3.02475 2 811.637 262.488 432.873 190.248
1
3
-0.279942 0.057672 0.926762 -0.243761
-0.301961 0.0634681 0.919823 -0.242316
-0.324068 0.066479 0.902954 -0.274291
0 0 0 0
-0.411913 -0.636715 0.645338 0.0919834
0.206704 0.688736 -0.212813 -0.661533
0.10281 0.935474 0.0340968 0.336387
0.0563317 0.93213 0.134694 0.331388
-0.0109473 0.735422 0.544281 -0.403475
0.116113 0.926057 0.18084 0.310215
0.0792395 0.438098 -0.0472816 0.894179
-0.147012 0.242289 -0.564863 0.774992
-0.204526 -0.660065 0.706801 -0.151375
-0.195533 -0.434917 0.134356 0.868656
-0.0532322 0.227031 0.181649 0.955315
0 0 0 0
-0.237693 0.58655 0.617938 -0.466492
0.136034 0.868738 0.104138 0.464698
0.159462 0.98523 0.0428671 -0.0453363
0 0 0 0
-0.324207 0.0682706 0.908489 -0.254709
0 0 0 0
0 0 0 0
0 0 0 0
0 0 0 0
