13391187
0 0.0100721 -0.0581808 2.51107 2 486.711 292.92 259.579 212.305
1 -0.02817 0.205129 2.38981 2 475.855 237.801 253.79 172.355
2 -0.0657987 0.461125 2.25659 2 463.855 177.547 247.389 128.683
3 -0.0393905 0.573092 2.23228 2 471.771 150.749 251.611 109.261
4 -0.112521 0.330142 2.21255 2 448.948 205.627 239.439 149.036
5 -0.0718892 0.105924 2.21089 2 461.618 256.991 246.196 186.264
6 0.0295901 -0.107101 2.31775 2 492.726 304.568 262.787 220.747
7 0.0595252 -0.188307 2.36617 2 501.245 321.456 267.331 232.987
8 0.0306137 0.276423 2.20661 1 493.499 217.807 263.2 157.863
9 -0.0312789 0.0884123 2.19243 1 474.157 260.828 252.884 189.045
10 0.0274555 0.0107364 2.42433 1 491.734 278.973 262.258 202.196
11 0.0842847 0.00704512 2.43564 2 507.725 279.749 270.787 202.758
12 -0.0362746 -0.0742548 2.45293 2 473.799 296.511 252.693 214.907
13 -0.0329181 -0.480493 2.64624 2 475.387 373.253 253.54 270.529
14 -0.0352981 -0.818937 2.81063 2 475.274 429.449 253.479 311.259
15 0.0537413 -0.862823 2.78819 2 497.291 438.745 265.222 317.996
16 0.0560384 -0.0409788 2.50166 2 499.342 289.489 266.316 209.818
17 0.0902773 -0.373515 2.78858 2 506.231 349.024 269.99 252.968
18 -0.0962352 -0.731394 2.81396 2 460.335 413.314 245.512 299.564
19 1.90884e-005 -0.809402 2.77274 2 483.961 429.726 258.113 311.46
20 -0.0565227 0.39825 2.29202 2 466.972 193.15 249.052 139.993
21 0.12225 -0.244677 2.373 2 519.383 333.385 277.004 241.633
22 0.0700231 -0.124593 2.41075 2 503.911 307.338 268.753 222.754
23 0.100187 -0.0329517 2.46497 2 511.875 287.968 273 208.715
24 0.0646619 -0.0429607 2.39321 2 502.514 290.283 268.008 210.393
1
1
0.255841 -0.12056 0.940636 -0.187657
0.155332 -0.100121 0.962353 -0.199312
0.0226087 -0.0719109 0.965167 -0.250541
0 0 0 0
-0.320949 0.871404 -0.331818 0.165966
-0.0481123 0.861345 0.075572 0.500058
-0.171859 0.137809 0.243453 0.944565
-0.124852 0.119786 0.273854 0.94608
-0.23923 0.919034 0.299154 -0.0930169
0.149202 -0.57903 0.0634328 0.799024
0.583072 0.803113 0.0748942 -0.0970955
0.465521 0.621029 0.501501 -0.382244
-0.230079 0.674305 -0.58431 0.388533
0.194712 0.854164 -0.103009 -0.471041
0.218709 0.953736 -0.0492526 -0.200318
0 0 0 0
0.105701 0.541472 0.812979 -0.186281
-0.169213 -0.352356 0.306511 0.867908
0.239537 0.170689 -0.00994196 0.955714
0 0 0 0
0.0217272 -0.072041 0.970476 -0.229159
0 0 0 0
0 0 0 0
0 0 0 0
0 0 0 0
