13388664
0 0.0397536 0.030923 2.65088 2 494.256 275.315 263.603 199.545
1 0.0543364 0.316675 2.57355 2 498.479 218.932 265.855 158.679
2 0.0664326 0.595555 2.48418 2 502.414 159.45 267.954 115.567
3 0.101825 0.697585 2.48419 2 512.289 138.383 273.221 100.298
4 0.0435127 0.442997 2.42152 2 496.336 188.471 264.712 136.601
5 0.109257 0.19737 2.40682 2 515.159 239.733 274.752 173.755
6 0.208112 0.0546746 2.50558 2 541.041 270.175 288.555 195.819
7 0.260847 -8.91596e-005 2.56338 2 553.912 281.228 295.42 203.83
8 0.160946 0.409053 2.43209 1 529.542 195.957 282.422 142.027
9 0.153327 0.213305 2.38455 2 528.168 235.951 281.69 171.014
10 0.286303 0.0804513 2.55718 1 560.949 265.291 299.173 192.279
11 0.290201 -0.0129063 2.5789 2 561.334 283.743 299.378 205.653
12 -0.00722939 0.0241801 2.58036 2 482.033 276.475 257.084 200.385
13 0.0295267 -0.416104 2.70377 2 491.473 359.16 262.119 260.314
14 -0.0237238 -0.836506 2.81065 2 478.12 432.659 254.997 313.585
15 0.0767434 -0.86667 2.77652 2 503.08 440.129 268.309 318.999
16 0.0857019 0.0382013 2.65206 2 506.152 273.931 269.948 198.541
17 0.0270047 -0.324974 2.90422 1 490.35 337.829 261.52 244.854
18 -0.105654 -0.839373 2.95241 1 459.219 425.827 244.917 308.634
19 0.0180364 -0.848193 2.88524 2 488.279 430.786 260.415 312.228
20 0.0635978 0.526985 2.50858 2 501.437 174.623 267.433 126.564
21 0.303716 -0.0507662 2.59191 2 564.542 291.122 301.089 211.002
22 0.228142 -0.00630893 2.5645 2 545.1 282.455 290.72 204.719
23 0.309148 -0.0638514 2.60738 2 565.5 293.604 301.6 212.8
24 0.319394 -0.00584982 2.55279 2 570.013 282.371 304.007 204.658
1
1
0.326185 -0.0198912 0.935765 -0.132483
0.229358 -0.00631891 0.964079 -0.133819
0.0907341 0.00401484 0.981065 -0.171064
0 0 0 0
-0.370499 0.90887 -0.142349 0.128147
-0.0912604 0.85354 0.0973585 0.503649
-0.372756 -0.538514 0.0617575 0.753154
-0.452653 -0.523582 0.0916511 0.715938
-0.239136 0.919082 0.312966 -0.0124059
0.0720408 -0.461183 -0.0963436 0.879112
0.167694 0.73649 0.460003 0.466753
0.071799 0.743822 0.0908607 0.658269
0.261884 -0.6117 0.625905 -0.406796
0.139808 0.888423 -0.023608 -0.436578
0.110379 0.974273 -0.0827237 -0.178229
0 0 0 0
0.111045 0.644712 0.752243 -0.0783965
0.135306 0.218403 0.273048 0.927059
0.132852 0.24536 0.0131015 0.960196
0 0 0 0
0.091498 0.00736528 0.984342 -0.150485
0 0 0 0
0 0 0 0
0 0 0 0
0 0 0 0
