13341898
0 1.26839 0.179509 3.29602 2 750.741 253.427 400.395 183.681
1 1.26435 0.435258 3.14927 2 762.438 210.666 406.633 152.688
2 1.25462 0.684651 2.9911 2 774.93 164.369 413.296 119.133
3 1.2039 0.799335 2.9592 2 766.143 143.342 408.61 103.893
4 1.18897 0.625491 3.16533 2 744.504 180.349 397.069 130.714
5 1.17453 0.427989 3.24935 1 734.529 214.023 391.749 155.121
6 1.17514 0.219679 3.4057 2 722.956 248.334 385.577 179.989
7 1.17164 0.174476 3.40801 2 722.062 255.119 385.1 184.907
8 1.33391 0.556938 2.93166 2 799.534 184.254 426.418 133.545
9 1.35054 0.31645 2.97476 2 798.918 226.905 426.089 164.458
10 1.32456 0.128921 3.07611 2 782.659 259.817 417.418 188.312
11 1.30361 0.0671305 3.11564 2 774.166 270.214 412.888 195.847
12 1.22046 0.196749 3.30758 2 739.682 250.875 394.497 181.831
13 1.29343 -0.0468859 3.4525 2 743.604 288.137 396.589 208.837
14 1.37156 -0.333631 3.51577 2 754.473 329.632 402.386 238.913
15 1.3324 -0.392462 3.57493 2 742.341 337.214 395.915 244.408
16 1.29091 0.159341 3.22055 2 761.917 255.964 406.356 185.519
17 1.36234 -0.0976257 3.31572 2 768.914 296.237 410.087 214.708
18 1.40584 -0.394817 3.45301 2 766.359 339.571 408.725 246.116
19 1.3546 -0.45998 3.44869 2 756.381 349.281 403.403 253.154
20 1.25812 0.623212 3.03273 2 771.758 176.306 411.604 127.784
21 1.19693 0.128817 3.44376 2 724.689 262.146 386.501 190
22 1.17804 0.134587 3.38771 2 724.812 260.962 386.566 189.142
23 1.2982 -0.00497238 3.15312 2 769.5 282.016 410.4 204.401
24 1.32591 0.0476639 3.10957 2 779.73 273.387 415.856 198.147
1
1
-0.432875 0.10904 0.863857 -0.233409
-0.445067 0.112335 0.85764 -0.231842
-0.455975 0.118233 0.839972 -0.269361
0 0 0 0
0.46343 0.651139 -0.541156 -0.261535
0.179036 0.776772 0.0942611 0.596394
0.310735 0.932324 0.0596158 0.175104
0.0317132 0.98372 -0.0335547 0.173674
-0.158059 0.697978 0.492684 -0.495083
0.0936716 0.863891 -0.014322 -0.494684
0.238073 0.808605 0.0817583 0.531785
0.306091 0.782462 0.0361618 0.541067
-0.29803 -0.573287 0.759091 -0.0793767
-0.197134 -0.266695 0.212095 0.919254
-0.0857413 0.341485 0.144248 0.924786
0 0 0 0
-0.332591 0.600366 0.515121 -0.513414
0.129379 0.938105 0.171885 0.271431
0.192102 0.948697 0.114666 0.223433
0 0 0 0
-0.457053 0.117276 0.846099 -0.247923
0 0 0 0
0 0 0 0
0 0 0 0
0 0 0 0
