13356678
0 1.32909 0.199336 3.31152 2 762.286 250.494 406.552 181.554
1 1.31643 0.450324 3.18136 2 771.015 208.953 411.208 151.446
2 1.29858 0.696068 3.04 2 780.259 164.339 416.138 119.111
3 1.27041 0.80161 2.96102 2 781.456 143.079 416.777 103.702
4 1.17447 0.652781 3.15396 2 742.259 175.567 395.872 127.248
5 1.15853 0.404707 3.29817 2 727.39 218.636 387.941 158.464
6 1.16455 0.191558 3.33998 2 725.478 251.977 386.921 182.629
7 1.17449 0.153913 3.34362 2 727.28 257.747 387.883 186.811
8 1.42077 0.586049 3.02077 2 810.075 182.225 432.04 132.074
9 1.48153 0.36024 3.10533 2 814.866 222.003 434.595 160.905
10 1.42877 0.13017 3.14672 2 798.959 260.093 426.111 188.512
11 1.41909 0.0971959 3.15956 2 795.552 265.507 424.294 192.435
12 1.262 0.201037 3.31045 2 748.227 250.233 399.054 181.365
13 1.30951 -0.0362522 3.45174 2 746.915 286.568 398.355 207.7
14 1.36446 -0.331634 3.57705 2 748.422 328.51 399.159 238.1
15 1.3108 -0.401928 3.49644 2 743.876 339.857 396.734 246.324
16 1.3713 0.192378 3.24919 2 776.709 250.989 414.245 181.914
17 1.41739 -0.0541523 3.34183 2 778.155 289.482 415.016 209.812
18 1.44386 -0.359788 3.49763 2 770.305 333.716 410.829 241.873
19 1.38086 -0.407959 3.51367 2 756.506 340.463 403.47 246.763
20 1.30402 0.635528 3.07736 2 777.923 175.788 414.892 127.408
21 1.16948 0.101573 3.36476 2 724.685 265.826 386.499 192.667
22 1.13356 0.151836 3.3362 2 719.249 258.019 383.6 187.009
23 1.43359 0.0413843 3.17835 2 796.875 274.564 425 199
24 1.38651 0.102808 3.16142 2 788.206 264.61 420.377 191.786
1
0
-0.238607 0.035847 0.941534 -0.235152
-0.25217 0.0392367 0.937992 -0.23461
-0.265957 0.0371794 0.923873 -0.27266
0 0 0 0
0.35839 0.665261 -0.654599 -0.0220024
0.188149 0.763805 -0.181655 -0.590087
-0.0631699 -0.529071 0.0744801 0.842939
-0.133635 -0.525587 -0.0283104 0.839702
0.00884838 0.735354 0.567231 -0.370708
0.151371 0.963695 0.151776 0.159191
0.0423645 -0.559909 0.134827 0.816412
0.0123539 -0.542806 0.224562 0.809185
-0.163908 -0.67693 0.696996 -0.170579
-0.206911 -0.477466 0.18384 0.833916
-0.171252 -0.474182 0.13032 0.853722
0 0 0 0
-0.215376 0.588165 0.638429 -0.447308
0.109311 0.849645 0.16436 0.48902
0.230864 0.970581 0.0505863 0.045994
0 0 0 0
-0.265906 0.040491 0.929795 -0.251268
0 0 0 0
0 0 0 0
0 0 0 0
0 0 0 0
