13312736
0 0.064885 0.0480277 2.64367 2 500.814 272.029 267.101 197.163
1 0.0375946 0.302486 2.54601 2 494.112 221.087 263.526 160.24
2 0.0112534 0.550249 2.43787 2 487.141 166.636 259.809 120.775
3 0.0548405 0.663644 2.42114 2 499.608 141.835 266.458 102.8
4 -0.0718636 0.420256 2.38779 2 463.226 192.003 247.054 139.161
5 -0.0912893 0.201517 2.37704 2 457.559 238.332 244.032 172.74
6 0.0148405 0.0310747 2.45099 2 488.115 274.803 260.328 199.174
7 0.0752059 -0.0155268 2.49946 2 504.623 284.35 269.132 206.093
8 0.144093 0.491194 2.67064 2 521.136 187.951 277.939 136.224
9 0.308821 0.408172 2.76402 2 560.931 206.347 299.163 149.557
10 0.553863 0.36821 2.80269 2 620.336 214.495 330.846 155.463
11 0.622825 0.364544 2.79883 2 637.636 215.021 340.073 155.845
12 0.0350573 0.0235965 2.54805 2 493.406 276.531 263.15 200.426
13 0.0339508 -0.38739 2.73053 2 492.512 353.047 262.673 255.884
14 0.0253961 -0.784895 2.89321 2 490.021 419.137 261.345 303.785
15 0.115361 -0.829767 2.85205 2 511.924 429.238 273.026 311.106
16 0.0931379 0.0718333 2.67325 2 507.889 267.629 270.874 193.974
17 0.0266379 -0.373905 2.76257 2 490.59 349.731 261.648 253.48
18 0.0492069 -0.804142 2.87953 2 495.767 423.232 264.409 306.752
19 0.141521 -0.819711 2.93656 2 517.268 423.186 275.876 306.72
20 0.0177172 0.489408 2.46689 2 488.907 180.593 260.75 130.891
21 0.124594 -0.0699565 2.51692 2 517.964 295.261 276.248 214.001
22 0.103705 -0.0628628 2.501 2 512.44 293.916 273.302 213.026
23 0.681375 0.35478 2.78414 2 653.074 216.414 348.306 156.854
24 0.591855 0.344893 2.83937 2 627.828 219.518 334.841 159.104
1
0
0.532013 -0.140972 0.825493 -0.125104
0.472488 -0.131801 0.860948 -0.134732
0.411737 -0.137345 0.883006 -0.178633
0 0 0 0
-0.124535 0.771778 -0.483808 0.393419
-0.0103816 0.954577 -0.0494726 0.293647
0.278136 0.853046 0.156055 -0.413038
0.445154 0.78235 0.209694 -0.38183
0.402845 0.645512 0.584329 0.282118
-0.398321 0.198532 0.374922 0.81324
-0.637399 -0.254853 -0.119176 0.717335
-0.655991 -0.180116 -0.207786 0.702893
-0.365026 0.632604 -0.498267 0.467223
0.202925 0.958296 -0.0429137 -0.196593
0.183185 0.945196 -0.0615391 -0.263175
0 0 0 0
0.406894 0.473228 0.765475 0.156658
0.0896311 0.181903 0.0829154 0.975706
-0.0577378 -0.247627 0.121631 0.959455
0 0 0 0
0.412956 -0.128723 0.88754 -0.158649
0 0 0 0
0 0 0 0
0 0 0 0
0 0 0 0
