13376984
0 1.21142 0.163394 3.26425 2 741.162 255.683 395.286 185.316
1 1.19999 0.418261 3.12441 2 750.303 212.897 400.162 154.305
2 1.1835 0.667281 2.97573 2 759.877 166.735 405.268 120.847
3 1.13679 0.775817 2.9205 2 753.988 145.604 402.127 105.532
4 1.08335 0.624642 3.12593 2 724.271 179.251 386.278 129.918
5 1.06676 0.405621 3.27425 2 709.609 218.074 378.458 158.057
6 1.07071 0.192717 3.3196 2 707.217 251.641 377.182 182.386
7 1.0702 0.145093 3.33152 1 706.288 259.03 376.687 187.742
8 1.28296 0.552002 2.93248 2 787.454 185.123 419.975 134.174
9 1.33969 0.313317 2.99884 2 793.885 227.874 423.405 165.16
10 1.3025 0.104384 3.0798 2 777.31 263.911 414.565 191.279
11 1.28762 0.0595682 3.10615 2 771.468 271.423 411.449 196.724
12 1.15385 0.172457 3.26981 2 728.417 254.325 388.489 184.331
13 1.19071 -0.04411 3.41847 2 725.202 287.787 386.774 208.584
14 1.25423 -0.336655 3.57264 2 727.202 329.255 387.841 238.639
15 1.21664 -0.409996 3.56394 2 720.468 339.859 384.249 246.325
16 1.24526 0.150531 3.19505 2 754.175 257.174 402.227 186.396
17 1.31773 -0.098197 3.3098 2 760.02 296.349 405.344 214.79
18 1.36413 -0.373028 3.45582 2 757.711 336.296 404.112 243.743
19 1.29171 -0.438927 3.38895 2 748.263 347.299 399.074 251.718
20 1.1885 0.605797 3.01476 2 757.447 178.632 403.972 129.47
21 1.07043 0.0859131 3.36567 2 704.045 268.212 375.491 194.397
22 1.0359 0.154434 3.32954 2 699.225 257.595 372.92 186.702
23 1.28566 -0.00789867 3.13601 2 768.276 282.496 409.747 204.749
24 1.30726 0.0318904 3.089 2 777.501 275.941 414.667 199.999
1
1
-0.331598 0.0659024 0.909975 -0.240094
-0.353718 0.0717452 0.901607 -0.238413
-0.375439 0.0761178 0.883269 -0.270346
0 0 0 0
0.428665 0.648749 -0.614297 -0.1342
0.207942 0.745535 -0.208725 -0.597805
-0.0486036 -0.381472 0.093213 0.918383
-0.0423146 -0.382355 0.114893 0.915868
-0.0816323 0.704066 0.544104 -0.448975
0.147182 0.974924 0.0936182 -0.138187
0.198711 0.834305 0.0242134 0.513676
0.292293 0.811183 0.0128121 0.506343
-0.225093 -0.636531 0.725769 -0.131991
-0.187249 -0.39145 0.238149 0.868901
-0.169669 -0.316146 0.191881 0.91348
0 0 0 0
-0.277389 0.597057 0.583697 -0.475265
0.140569 0.891531 0.203288 0.379588
0.188244 0.884695 0.16686 0.392476
0 0 0 0
-0.376099 0.0765971 0.888586 -0.251191
0 0 0 0
0 0 0 0
0 0 0 0
0 0 0 0
