5657407
0 0.742646 0.283148 3.19978 2 644.188 236.257 343.567 171.236
1 0.734923 0.544986 3.08205 2 648.849 191.233 346.053 138.603
2 0.722205 0.801328 2.95781 2 653.14 143.078 348.341 103.701
3 0.74564 0.916963 2.87841 2 663.611 118.637 353.926 85.9865
4 0.570827 0.723697 3.00717 2 615.262 158.714 328.14 115.034
5 0.444911 0.5323 3.10792 2 582.702 194.277 310.775 140.809
6 0.409478 0.301111 3.10029 2 574.893 232.004 306.609 168.154
7 0.407324 0.231016 3.10429 2 574.265 243.521 306.275 176.501
8 0.901531 0.700789 3.00189 2 692.124 162.139 369.133 117.516
9 0.990794 0.499213 3.07899 2 706.901 198.552 377.014 143.908
10 0.964891 0.292668 3.0306 2 704.371 232.015 375.664 168.161
11 0.933054 0.220997 3.01015 2 698.453 243.826 372.508 176.722
12 0.666535 0.285795 3.16452 2 629.274 235.361 335.613 170.586
13 0.617982 -0.0310475 3.34837 2 611.108 285.911 325.924 207.225
14 0.617848 -0.338667 3.58545 2 602.718 329.113 321.449 238.536
15 0.569297 -0.444837 3.59095 2 593.234 344.043 316.391 249.358
16 0.80322 0.273876 3.16807 2 659.109 237.264 351.525 171.966
17 0.840753 -0.021132 3.37792 2 655.793 284.389 349.756 206.121
18 0.862779 -0.380357 3.59016 2 649.947 335.058 346.638 242.845
19 0.856031 -0.457865 3.48715 2 653.605 347.982 348.59 252.212
20 0.726087 0.738102 2.99062 2 652.102 155.434 347.788 112.656
21 0.410377 0.172314 3.11262 2 574.68 253.179 306.496 183.501
22 0.423456 0.227474 3.07897 2 578.627 243.789 308.601 176.695
23 0.932799 0.168563 3.00058 2 699.061 252.608 372.833 183.087
24 0.905235 0.224333 3.01531 2 691.641 243.338 368.875 176.368
3
3
-0.00869223 -0.0118894 0.977643 -0.209756
-0.0167316 -0.0101641 0.977538 -0.209847
-0.0272799 -0.0213586 0.970785 -0.237435
0 0 0 0
0.182907 0.728386 -0.648545 0.124048
0.0789005 0.848781 -0.333776 -0.402416
0.020502 0.884606 -0.0749268 0.459824
0.0323939 0.887009 -0.00046008 0.460615
0.161013 0.762399 0.608496 -0.150187
0.074889 0.880458 0.250681 0.395405
0.100816 -0.386813 -0.0812874 0.913019
0.236956 -0.377351 -0.0410762 0.894299
0.0193693 -0.639057 0.71791 -0.275383
0.137339 0.690312 -0.228954 -0.672449
-0.139309 -0.409441 0.290801 0.853455
0 0 0 0
-0.0319556 0.683413 0.657107 -0.316444
0.180887 0.685965 0.249028 0.659331
0.174294 0.70624 0.199361 0.656584
0 0 0 0
-0.0262098 -0.0152812 0.975107 -0.21965
0 0 0 0
0 0 0 0
0 0 0 0
0 0 0 0
