5657128
0 0.742648 0.286214 3.2011 2 644.124 235.788 343.533 170.896
1 0.73707 0.5457 3.07995 2 649.449 191.051 346.373 138.471
2 0.729083 0.799619 2.9506 2 655.177 143.029 349.428 103.665
3 0.762568 0.911487 2.86814 2 668.357 119.021 356.457 86.2647
4 0.580363 0.730239 3.00068 2 617.763 157.322 329.474 114.025
5 0.444284 0.549488 3.10795 2 582.576 191.458 310.707 138.766
6 0.410642 0.33755 3.09652 2 575.283 225.97 306.818 163.78
7 0.403575 0.268962 3.09561 2 573.699 237.201 305.973 171.92
8 0.911032 0.700205 3.00354 2 694.212 162.298 370.246 117.632
9 1.0185 0.508469 3.07402 2 713.561 196.863 380.566 142.684
10 0.983186 0.300692 3.04141 2 707.786 230.838 377.486 167.308
11 0.949451 0.231218 3.01911 2 701.61 242.207 374.192 175.548
12 0.666584 0.290479 3.16418 2 629.303 234.603 335.628 170.037
13 0.58429 -0.0464774 3.30719 2 605.644 288.334 323.01 208.98
14 0.577029 -0.33716 3.56348 2 595.524 329.18 317.613 238.585
15 0.574085 -0.415174 3.46041 2 598.323 342.072 319.106 247.929
16 0.803345 0.276002 3.17123 2 658.961 236.967 351.446 171.751
17 0.838363 -0.0189696 3.38158 2 655.112 284.06 349.393 205.883
18 0.861269 -0.385398 3.58889 2 649.717 335.792 346.516 243.377
19 0.855877 -0.463047 3.48634 2 653.618 348.755 348.596 252.773
20 0.731702 0.737084 2.98468 2 653.748 155.351 348.665 112.596
21 0.411411 0.199855 3.11258 2 574.919 248.695 306.623 180.251
22 0.429801 0.273999 3.0852 2 579.876 236.214 309.267 171.205
23 0.938414 0.17217 3.02011 2 698.956 252.185 372.776 182.78
24 0.927985 0.223704 3.02627 2 696.131 243.574 371.27 176.539
0
3
-0.00115491 -0.00971938 0.976197 -0.216663
-0.0105325 -0.00763761 0.976141 -0.216746
-0.0215269 -0.013473 0.968648 -0.247136
0 0 0 0
0.193357 0.711363 -0.663435 0.128179
0.0825884 0.837788 -0.363656 -0.398805
0.0423553 0.647498 -0.0713347 0.757538
0.0346827 0.649726 -0.0383905 0.758406
0.181751 0.76124 0.605624 -0.14387
0.0761509 0.90945 0.280835 0.297043
0.0939088 -0.148868 -0.0635882 0.982332
0.235461 -0.136442 -0.111536 0.955773
0.0206304 -0.628196 0.724406 -0.283162
0.0637793 0.704676 -0.216515 -0.67267
-0.240633 -0.655732 0.25908 0.667074
0 0 0 0
-0.0191757 0.689677 0.65192 -0.314608
0.182174 0.681239 0.248219 0.664164
0.166235 0.705022 0.194486 0.661427
0 0 0 0
-0.020418 -0.00809096 0.973167 -0.229051
0 0 0 0
0 0 0 0
0 0 0 0
0 0 0 0
