12919372
0 0.857365 0.21841 3.1255 2 673.56 245.669 359.232 178.057
1 0.843106 0.496435 3.01009 2 677.818 197.214 361.503 142.938
2 0.825714 0.76677 2.88267 2 682.545 145.511 364.024 105.465
3 0.772541 0.875568 2.8367 2 672.833 123.692 358.844 89.65
4 0.720078 0.723913 3.07746 2 645.938 161.382 344.5 116.968
5 0.719218 0.491494 3.20848 2 638.835 203.329 340.712 147.37
6 0.688767 0.291292 3.19814 2 632.566 234.963 337.368 170.298
7 0.66778 0.206959 3.21616 2 627.151 248.554 334.481 180.149
8 0.929347 0.633786 2.81054 2 713.244 166.148 380.397 120.422
9 0.997146 0.428777 2.82708 2 728.457 203.846 388.51 147.745
10 0.780035 0.308929 2.93543 2 667.645 227.679 356.077 165.018
11 0.756983 0.270059 2.95878 2 660.725 234.805 352.387 170.184
12 0.805572 0.220144 3.14753 2 660.753 245.659 352.401 178.05
13 0.8632 -0.0749186 3.40074 2 659.231 292.405 351.59 211.931
14 0.929267 -0.379639 3.57714 2 663.499 335.185 353.866 242.938
15 0.863602 -0.425967 3.61793 2 648.85 341.059 346.053 247.195
16 0.891046 0.211707 3.03683 2 686.887 245.732 366.34 178.103
17 0.971898 -0.128324 3.18605 2 694.976 301.713 370.654 218.677
18 1.05038 -0.48515 3.3432 2 701.547 355.164 374.158 257.418
19 1.00081 -0.54922 3.2878 2 694.779 366.344 370.549 265.521
20 0.830628 0.700347 2.91665 2 681.322 158.758 363.372 115.066
21 0.66717 0.16762 3.21905 2 626.875 254.789 334.333 184.667
22 0.65537 0.238646 3.156 2 627.186 242.832 334.499 176.001
23 0.690512 0.19949 2.9595 2 645.005 246.974 344.003 179.003
24 0.806116 0.234185 2.98262 2 670.756 241.278 357.736 174.875
1
0
-0.417084 0.0612402 0.88731 -0.187005
-0.427939 0.0635299 0.882127 -0.18624
-0.435358 0.0745461 0.868695 -0.224219
0 0 0 0
0.443643 0.626724 -0.6026 -0.217421
-0.152292 -0.585322 0.203106 0.770035
-0.0469156 0.951338 -0.0642475 -0.297705
0.0617359 0.9412 -0.145217 -0.298735
-0.132374 0.707067 0.523257 -0.456876
0.0689299 0.967602 0.148061 -0.192544
0.527765 0.388315 -0.00629764 0.755405
0.336141 0.519443 0.0701002 0.782479
0.274084 0.696095 -0.663533 -0.00729645
-0.191966 -0.321743 0.296328 0.878533
-0.0687242 0.100023 0.264536 0.956709
0 0 0 0
-0.325997 0.555207 0.598734 -0.476434
0.156047 0.922004 0.168161 0.311896
0.13867 0.877171 0.179391 0.423274
0 0 0 0
-0.437404 0.0699432 0.873227 -0.203127
0 0 0 0
0 0 0 0
0 0 0 0
0 0 0 0
