12904624
0 -0.333061 -0.0743657 2.58936 2 395.472 295.749 210.918 214.355
1 -0.315871 0.192272 2.51562 2 397.546 242.506 212.024 175.765
2 -0.299745 0.452127 2.43053 2 398.889 186.791 212.741 135.383
3 -0.256659 0.565669 2.4244 2 410.85 162.648 219.12 117.885
4 -0.383407 0.314148 2.35162 2 371.541 213.432 198.155 154.693
5 -0.3925 0.0907111 2.34859 2 368.867 261.638 196.729 189.632
6 -0.323203 -0.107966 2.40845 2 391.619 303.908 208.863 220.269
7 -0.31811 -0.156402 2.45022 1 394.616 313.533 210.462 227.245
8 -0.202467 0.41296 2.65002 2 431.339 202.238 230.047 146.579
9 -0.0229111 0.437871 2.76217 2 478.247 200.908 255.065 145.616
10 0.193512 0.47732 2.73573 2 532.693 192.75 284.103 139.703
11 0.244641 0.441935 2.72329 2 545.847 198.941 291.118 144.19
12 -0.361012 -0.0852563 2.50317 2 384.702 298.459 205.174 216.319
13 -0.413374 -0.523324 2.60969 2 374.575 383.108 199.773 277.671
14 -0.483263 -0.887103 2.74977 2 362.174 445.71 193.16 323.044
15 -0.420888 -0.936817 2.72155 2 376.768 456.77 200.943 331.061
16 -0.295826 -0.0635274 2.61175 2 406.066 293.519 216.569 212.739
17 -0.297694 -0.433662 2.84716 2 411.923 358.426 219.692 259.782
18 -0.327757 -0.748076 2.99923 2 408.45 408.024 217.84 295.731
19 -0.265581 -0.806062 2.98639 2 422.486 418.497 225.326 303.321
20 -0.303772 0.38799 2.45363 2 398.62 201.007 212.598 145.687
21 -0.259897 -0.230362 2.4494 2 410.946 328.831 219.171 238.332
22 -0.274527 -0.105922 2.48225 2 407.899 302.805 217.546 219.469
23 0.307395 0.485821 2.74202 2 561.251 191.32 299.334 138.666
24 0.262957 0.40328 2.68491 2 551.419 205.078 294.09 148.638
1
3
0.493529 -0.0397735 0.858728 -0.132036
0.491938 -0.0395289 0.859641 -0.132109
0.485992 -0.0587434 0.85639 -0.164185
0 0 0 0
-0.16485 0.726399 -0.47437 0.469193
0.000378927 0.942499 -0.0214367 0.333521
-0.0856043 0.422494 0.196435 0.880672
0.0944299 0.360021 0.337069 0.864784
0.453534 0.60254 0.591988 0.28426
-0.407284 0.280675 0.626538 0.602321
0.294967 0.557593 0.708531 -0.316336
0.204712 0.681168 0.423176 -0.561272
-0.352624 0.573663 -0.562128 0.480188
0.0995069 0.958135 -0.086596 -0.254119
0.14968 0.943333 -0.135338 -0.263443
0 0 0 0
0.307785 0.609579 0.72546 0.0859606
0.079341 0.265264 0.267981 0.922782
0.0966727 0.235936 0.205412 0.944878
0 0 0 0
0.488295 -0.0495301 0.858723 -0.147344
0 0 0 0
0 0 0 0
0 0 0 0
0 0 0 0
