12944937
0 -0.430169 -0.198549 2.39656 2 360.247 323.227 192.132 234.271
1 -0.455167 0.0535469 2.28189 2 346.466 269.309 184.782 195.191
2 -0.474125 0.301975 2.15841 2 332.243 210.107 177.196 152.283
3 -0.444689 0.420633 2.15307 2 341.193 181.842 181.97 131.796
4 -0.518628 0.171145 2.09525 2 312.999 239.698 166.933 173.73
5 -0.466694 -0.0382071 2.08731 2 329.724 290.502 175.853 210.552
6 -0.409886 -0.220022 2.1717 2 353.805 332.62 188.696 241.078
7 -0.394217 -0.27665 2.21488 2 361.208 344.598 192.644 249.76
8 -0.413845 0.257274 2.33371 1 361.692 225.281 192.903 163.28
9 -0.386696 0.0318475 2.49254 1 377.165 274.739 201.155 199.127
10 -0.320348 -0.177405 2.5974 1 399.093 315.793 212.85 228.882
11 -0.346338 -0.250578 2.63059 1 393.313 329.469 209.767 238.794
12 -0.451151 -0.211948 2.32625 2 350.22 327.443 186.784 237.326
13 -0.455789 -0.571491 2.4864 2 357.206 398.157 190.51 288.579
14 -0.471131 -0.920702 2.72151 2 363.964 453.763 194.114 328.881
15 -0.398386 -0.949406 2.70471 2 381.86 460.25 203.659 333.583
16 -0.397489 -0.179844 2.40444 2 370.077 319.125 197.375 231.298
17 -0.427599 -0.553058 2.46644 2 364.125 395.26 194.2 286.479
18 -0.503559 -0.888478 2.72978 1 356.11 447.197 189.925 324.123
19 -0.408824 -0.924138 2.7291 2 380.146 453.887 202.744 328.971
20 -0.47044 0.240526 2.19124 2 335.776 225.461 179.08 163.411
21 -0.36756 -0.35031 2.25393 2 371.462 360.105 198.113 260.999
22 -0.457817 -0.247155 2.2461 2 343.319 337.079 183.104 244.31
23 -0.343266 -0.260325 2.63787 1 394.363 331.208 210.327 240.055
24 -0.345959 -0.244424 2.60402 1 392.488 328.764 209.327 238.284
0
0
0.462858 -0.140648 0.859677 -0.164118
0.494108 -0.146579 0.842105 -0.158844
0.527174 -0.154767 0.813921 -0.188857
0 0 0 0
-0.228487 0.721152 -0.420106 0.501243
-0.0939775 0.745296 0.0787817 0.655359
-0.213261 -0.389718 0.134842 0.885696
-0.235216 -0.395206 0.237389 0.855647
0.441775 0.566547 0.599279 0.353164
0.056006 0.329889 0.300154 0.893277
0.235027 0.960674 0.121225 -0.0846927
0.196862 0.965255 -0.167362 -0.0389703
-0.380688 0.614052 -0.515028 0.461262
0.198255 0.940188 -0.0631435 -0.26973
0.283062 0.939327 -0.0734194 -0.179307
0 0 0 0
0.266972 0.505288 0.819657 -0.0396417
0.0672995 0.367607 0.0615279 0.9255
0.119348 0.0775573 0.313965 0.938705
0 0 0 0
0.527372 -0.152555 0.818894 -0.167387
0 0 0 0
0 0 0 0
0 0 0 0
0 0 0 0
