12902126
0 0.90415 0.261971 3.07102 2 687.611 237.79 366.726 172.347
1 0.890643 0.518325 2.95808 2 692.49 191.908 369.328 139.092
2 0.873288 0.767469 2.83595 2 697.515 143.106 372.008 103.721
3 0.832722 0.874725 2.79808 2 690.402 121.636 368.214 88.1599
4 0.743579 0.707348 2.97333 2 657.149 159.977 350.48 115.949
5 0.579174 0.533295 2.908 2 621.561 187.976 331.499 136.242
6 0.411483 0.422627 2.77586 2 586.172 203.959 312.625 147.827
7 0.365289 0.374193 2.73453 2 576.005 211.826 307.203 153.528
8 0.940772 0.627912 2.75262 2 720.986 164.797 384.526 119.442
9 0.742513 0.489829 2.72354 2 672.66 189.608 358.752 137.425
10 0.511273 0.391628 2.70831 2 614.238 207.778 327.594 150.594
11 0.422948 0.366216 2.7191 2 591.189 212.888 315.301 154.298
12 0.853698 0.264912 3.10279 2 674.163 237.779 359.554 172.339
13 0.896359 -0.0618967 3.37739 2 667.293 290.527 355.89 210.57
14 0.944599 -0.379611 3.58001 2 666.339 335.145 355.381 242.908
15 0.855265 -0.422098 3.61072 2 647.573 340.63 345.372 246.884
16 0.93562 0.252886 2.9763 2 701.537 237.936 374.153 172.453
17 1.0048 -0.136001 3.19637 2 701.48 302.876 374.122 219.52
18 1.06003 -0.478184 3.33229 2 704.282 354.347 375.617 256.826
19 1.00707 -0.555981 3.28945 2 696.005 367.355 371.203 266.254
20 0.878306 0.706254 2.86833 2 696.258 155.591 371.338 112.77
21 0.330544 0.334469 2.72889 2 567.374 219.099 302.6 158.8
22 0.384846 0.323845 2.7099 2 581.798 220.626 310.292 159.907
23 0.358692 0.340781 2.72433 2 574.654 217.804 306.482 157.861
24 0.367641 0.378926 2.69054 2 578.128 209.788 308.335 152.051
1
1
-0.451094 0.0730623 0.868071 -0.193982
-0.431078 0.0685967 0.878183 -0.195606
-0.408717 0.0674835 0.879657 -0.233666
0 0 0 0
0.343847 0.696283 -0.620459 -0.109497
0.379578 -0.495303 0.0724893 0.778037
0.0463002 0.621315 -0.517453 0.586572
0.0227019 0.637939 -0.437743 0.633166
-0.22095 0.711592 0.441879 -0.499561
-0.114763 0.880521 -0.450685 -0.0916207
-0.313581 0.715859 -0.454513 -0.427353
-0.27854 0.657842 -0.533959 -0.452268
0.3284 0.686591 -0.645595 -0.0628751
-0.155738 -0.289961 0.307964 0.892652
-0.0565987 0.0331311 0.280427 0.957632
0 0 0 0
-0.336335 0.551347 0.584429 -0.491262
0.218131 0.922248 0.149629 0.281938
0.140935 0.898958 0.143513 0.389122
0 0 0 0
-0.410223 0.0653392 0.884369 -0.212932
0 0 0 0
0 0 0 0
0 0 0 0
0 0 0 0
