12975871
0 1.17025 0.263202 3.27835 2 731.302 240.275 390.028 174.148
1 1.14984 0.538975 3.13851 2 738.016 193.58 393.609 140.304
2 1.11969 0.808211 2.98721 2 743.996 143.091 396.798 103.711
3 1.07093 0.890512 2.92237 2 738.172 125.661 393.692 91.0777
4 0.975066 0.749719 3.11907 2 700.705 158.577 373.709 114.935
5 0.953609 0.532599 3.21648 2 689.245 196.842 367.598 142.668
6 0.936041 0.37331 3.00419 2 699.677 217.903 373.161 157.933
7 0.905535 0.324492 2.94115 2 697.067 225.017 371.769 163.089
8 1.26345 0.698691 2.96573 2 779.456 160.964 415.71 116.664
9 1.34464 0.512266 3.00145 2 794.727 194.091 423.854 140.674
10 1.11127 0.362473 2.98088 2 742.424 219.174 395.959 158.854
11 1.0666 0.35199 2.99343 2 730.907 221.242 389.817 160.353
12 1.09402 0.268383 3.27654 2 715.183 239.47 381.431 173.565
13 1.03276 -0.0588 3.43787 2 691.719 289.915 368.917 210.126
14 0.955171 -0.356437 3.56464 2 669.185 332.073 356.899 240.682
15 0.901647 -0.446505 3.51802 2 661.123 345.77 352.599 250.609
16 1.22244 0.252556 3.21267 2 747.748 241.108 398.799 174.751
17 1.27911 -0.0375726 3.41769 2 743.342 286.817 396.449 207.881
18 1.29719 -0.328957 3.58568 2 734.676 327.996 391.827 237.727
19 1.24833 -0.395724 3.5049 2 730.796 338.79 389.758 245.55
20 1.12825 0.742218 3.02673 2 742.56 156.027 396.032 113.086
21 0.903369 0.298766 2.91715 2 698.301 229.047 372.427 166.01
22 0.936891 0.289261 2.93429 2 705.009 230.99 376.005 167.418
23 0.942237 0.327469 2.92689 2 706.875 224.202 377 162.498
24 0.95079 0.351118 2.93733 2 708.125 220.295 377.667 159.667
1
1
-0.229403 0.0218468 0.944641 -0.23356
-0.239063 0.0242371 0.942243 -0.233324
-0.250432 0.0135605 0.929307 -0.271087
0 0 0 0
0.353366 0.691804 -0.629351 -0.0213815
-0.112512 -0.681031 0.18164 0.700389
-0.175381 0.416791 -0.41209 0.791018
-0.0592318 0.485133 -0.45888 0.742002
0.0214262 0.717424 0.598956 -0.3551
0.0745987 0.97313 0.207217 0.0671924
0.465686 -0.288328 0.117435 0.828379
0.537336 -0.201025 0.317937 0.754834
-0.161292 -0.662108 0.712654 -0.1665
-0.0491641 -0.522937 0.235218 0.817797
-0.00903302 -0.540384 0.22933 0.809513
0 0 0 0
-0.178833 0.608261 0.636449 -0.439283
0.215169 0.81651 0.224642 0.486364
0.205 0.821259 0.159472 0.508012
0 0 0 0
-0.250349 0.0179043 0.934639 -0.251902
0 0 0 0
0 0 0 0
0 0 0 0
0 0 0 0
