12905326
0 -0.353531 -0.100129 2.54716 2 388.447 301.116 207.172 218.245
1 -0.361757 0.162577 2.46704 2 383.006 247.827 204.27 179.621
2 -0.36879 0.418781 2.37644 2 376.87 191.729 200.997 138.963
3 -0.327566 0.537287 2.37001 2 388.482 165.976 207.19 120.297
4 -0.431034 0.287211 2.30042 2 354.702 217.835 189.174 157.884
5 -0.427045 0.0634628 2.29558 2 355.782 267.194 189.75 193.659
6 -0.325995 -0.112601 2.37507 2 389.503 305.218 207.735 221.218
7 -0.292277 -0.163606 2.42505 2 401.033 315.367 213.884 228.574
8 -0.293559 0.384126 2.63141 2 407.102 207.21 217.121 150.183
9 -0.142441 0.385795 2.77834 2 448.674 210.891 239.293 152.851
10 0.0696531 0.393237 2.63797 2 502.13 205.714 267.802 149.099
11 0.100934 0.370118 2.62048 2 510.463 209.688 272.247 151.979
12 -0.376698 -0.115028 2.45922 2 378.504 304.906 201.869 220.992
13 -0.411748 -0.545201 2.57891 2 373.669 388.669 199.29 281.702
14 -0.492558 -0.903614 2.71253 2 358.093 451.118 190.983 326.965
15 -0.428937 -0.947193 2.70258 2 373.934 459.989 199.432 333.394
16 -0.321785 -0.0823715 2.57128 2 397.872 297.426 212.198 215.57
17 -0.306723 -0.450585 2.82279 2 409.078 362.153 218.175 262.484
18 -0.332296 -0.752652 2.99727 2 407.349 408.893 217.253 296.36
19 -0.245526 -0.805769 2.98029 2 427.015 418.72 227.741 303.483
20 -0.367337 0.355693 2.40103 2 378.461 206.042 201.846 149.337
21 -0.220986 -0.228154 2.4487 2 421.878 328.373 225.001 238
22 -0.27467 -0.097954 2.4627 2 407.255 301.339 217.203 218.406
23 0.162317 0.383361 2.60345 2 526.878 206.617 281.002 149.753
24 0.0987169 0.319768 2.60457 2 510.028 219.068 272.015 158.778
1
0
0.528201 -0.0915292 0.836089 -0.116543
0.531237 -0.0919523 0.834163 -0.11621
0.53155 -0.10909 0.82657 -0.149454
0 0 0 0
-0.206955 0.723912 -0.455955 0.474579
-0.0132263 0.938437 0.00463005 0.345167
-0.140316 0.400482 0.276607 0.862215
-0.0857371 0.343469 0.411958 0.839624
0.460725 0.549794 0.588302 0.37331
-0.28546 0.264905 0.649977 0.652585
0.2667 0.396382 0.665955 -0.572937
-0.226502 -0.472202 -0.421505 0.740308
-0.385201 0.59454 -0.520362 0.476828
0.123589 0.967775 -0.067106 -0.208886
0.156839 0.967994 -0.130454 -0.146187
0 0 0 0
0.349744 0.531508 0.76229 0.11871
0.0497461 0.216796 0.291348 0.930398
0.090087 0.19809 0.245113 0.944756
0 0 0 0
0.533242 -0.100258 0.829819 -0.130389
0 0 0 0
0 0 0 0
0 0 0 0
0 0 0 0
