12958154
0 0.98899 0.26891 3.25455 2 694.215 239.142 370.248 173.327
1 0.986945 0.547656 3.11937 2 703.168 191.702 375.023 138.943
2 0.981165 0.819314 2.97382 2 712.825 140.579 380.173 101.89
3 0.928667 0.921325 2.92044 2 704.562 120.162 375.766 87.0918
4 0.872681 0.778623 3.16157 2 675.239 155.626 360.128 112.796
5 0.861649 0.544087 3.30194 2 664.477 197.332 354.388 143.023
6 0.825069 0.344562 3.3661 2 653.276 229.179 348.414 166.106
7 0.820641 0.286105 3.38836 2 651.208 238.303 347.311 172.719
8 1.07245 0.688408 2.90551 2 740.017 160.263 394.676 116.156
9 1.12021 0.460303 2.94718 2 747.563 201.505 398.7 146.048
10 1.08362 0.23598 3.00523 2 733.827 241.17 391.374 174.797
11 1.05054 0.169783 3.04615 2 722.823 252.804 385.506 183.229
12 0.932781 0.280084 3.2704 2 681.195 237.63 363.304 172.231
13 0.993578 -0.0387228 3.48796 2 680.863 286.858 363.127 207.911
14 1.03044 -0.352857 3.64149 2 679.649 330.521 362.479 239.557
15 0.971712 -0.409293 3.62358 2 669.359 338.675 356.991 245.467
16 1.02466 0.252142 3.17089 2 707.669 240.703 377.423 174.458
17 1.10817 -0.0795699 3.33235 2 714.182 293.375 380.897 212.634
18 1.16946 -0.40575 3.47659 2 716.982 340.704 382.391 246.937
19 1.12221 -0.496938 3.41811 2 711.412 355.327 379.42 257.536
20 0.983272 0.752502 3.01218 2 710.347 153.719 378.852 111.414
21 0.824884 0.230835 3.42483 2 650.246 246.968 346.798 178.999
22 0.837393 0.268464 3.37533 2 655.305 240.788 349.496 174.52
23 1.04787 0.100448 3.07419 2 719.997 264.561 383.998 191.75
24 1.05125 0.146637 2.99869 2 726.799 256.285 387.626 185.752
1
1
-0.394474 0.0875059 0.891218 -0.206064
-0.414744 0.0921934 0.881968 -0.20401
-0.433251 0.102848 0.863574 -0.236551
0 0 0 0
0.437292 0.623674 -0.615109 -0.203586
-0.114569 -0.480339 0.241241 0.835434
0.167846 0.664617 0.0540172 0.726081
0.149657 0.671868 0.10725 0.717422
-0.15174 0.700221 0.517351 -0.46799
0.0994337 0.984884 0.0914609 -0.108403
0.137453 0.972153 -0.054504 0.18181
0.293637 0.92365 -0.14961 0.195613
-0.268017 -0.635154 0.722586 -0.0511492
-0.177294 -0.328228 0.246171 0.894557
-0.112983 -0.26514 0.201226 0.936186
0 0 0 0
-0.308474 0.604966 0.560517 -0.474004
0.170071 0.913955 0.180544 0.321193
0.139942 0.86155 0.172446 0.45652
0 0 0 0
-0.434591 0.0995165 0.86838 -0.217123
0 0 0 0
0 0 0 0
0 0 0 0
0 0 0 0
