12960901
0 0.961856 0.27898 3.28475 2 686.501 237.982 366.134 172.486
1 0.963717 0.566786 3.15989 2 695.221 189.782 370.784 137.551
2 0.960915 0.848174 3.02629 2 704.202 138.158 375.574 100.135
3 0.901461 0.950566 2.99757 2 692.579 119.334 369.375 86.4916
4 0.878924 0.798728 3.21345 2 673.496 154.464 359.198 111.954
5 0.86569 0.581955 3.36414 2 661.979 193.148 353.055 139.991
6 0.841656 0.34174 3.4322 2 653.347 230.6 348.452 167.136
7 0.831525 0.289123 3.44939 2 650.421 238.62 346.891 172.948
8 1.03792 0.711779 2.94211 2 728.668 157.722 388.623 114.315
9 1.07624 0.473543 2.9641 2 735.714 199.699 392.381 144.739
10 1.02246 0.241248 3.02484 2 718.064 240.564 382.968 174.358
11 0.989817 0.176937 3.06132 2 707.767 251.771 377.476 182.48
12 0.913733 0.290681 3.30041 2 675.365 236.404 360.194 171.342
13 0.972945 -0.0386774 3.50681 2 675.69 286.819 360.368 207.883
14 1.03738 -0.354543 3.64985 2 680.526 330.645 362.947 239.647
15 0.971718 -0.402639 3.63736 2 668.646 337.524 356.611 244.632
16 0.989745 0.261553 3.20072 2 697.947 239.599 372.239 173.658
17 1.07539 -0.0840206 3.33907 2 706.853 294.026 376.988 213.106
18 1.16401 -0.407731 3.48047 2 715.629 340.925 381.669 247.098
19 1.11886 -0.473091 3.4313 2 709.831 351.49 378.576 254.755
20 0.962362 0.778904 3.06154 2 701.939 151.387 374.367 109.723
21 0.839917 0.231497 3.46977 2 651.089 247.314 347.248 179.25
22 0.851916 0.287322 3.41858 2 656.086 238.492 349.912 172.856
23 0.980989 0.118537 3.09153 2 703.544 261.686 375.223 189.666
24 0.960132 0.217879 3.1031 2 698.058 245.459 372.298 177.906
1
1
-0.439818 0.0940022 0.874782 -0.180223
-0.464187 0.0990214 0.862098 -0.177515
-0.487744 0.108642 0.841232 -0.206471
0 0 0 0
0.449135 0.607137 -0.5959 -0.273067
-0.177001 -0.628159 0.24215 0.717949
0.140857 0.821468 0.0362247 0.551396
0.179815 0.813176 0.0116802 0.55342
-0.205137 0.691569 0.493346 -0.486066
0.060945 0.974413 0.0683196 -0.205275
0.0829611 -0.201206 0.145181 0.965172
0.15664 -0.204701 0.278608 0.92517
-0.268685 -0.621978 0.735155 -0.0223439
-0.15693 -0.286973 0.23775 0.914601
-0.13067 -0.17968 0.187402 0.956829
0 0 0 0
-0.343791 0.601352 0.534083 -0.484705
0.145207 0.935539 0.162943 0.277727
0.127979 0.880443 0.197993 0.411389
0 0 0 0
-0.488904 0.10526 0.845327 -0.187924
0 0 0 0
0 0 0 0
0 0 0 0
0 0 0 0
