12921211
0 0.829668 0.213431 3.11103 2 668.24 246.327 356.395 178.534
1 0.828278 0.488259 2.97811 2 676.441 197.716 360.769 143.302
2 0.820724 0.755291 2.83549 2 684.638 145.312 365.141 105.32
3 0.756183 0.862022 2.81872 2 669.999 125.15 357.333 90.7072
4 0.745825 0.712286 3.02495 2 654.687 161.228 349.167 116.856
5 0.74797 0.476946 3.15398 1 647.864 204.303 345.527 148.076
6 0.740554 0.232292 3.23714 1 641.846 244.767 342.318 177.404
7 0.714015 0.204194 3.27969 1 634.145 249.605 338.211 180.911
8 0.88449 0.61891 2.74396 2 707.445 166.136 377.304 120.413
9 0.7659 0.44134 2.68606 2 681.335 197.518 363.379 143.158
10 0.549277 0.362912 2.67211 2 625.86 212.22 333.792 153.814
11 0.455955 0.348771 2.67306 2 601.584 215.002 320.845 155.831
12 0.793764 0.223858 3.13095 2 659.072 244.87 351.505 177.478
13 0.826553 -0.0871701 3.37329 2 653.107 294.338 348.324 213.332
14 0.911845 -0.384362 3.56334 2 660.798 336.063 352.426 243.574
15 0.84674 -0.430284 3.5945 2 646.674 342.056 344.893 247.918
16 0.846412 0.196286 3.02579 2 677.333 248.212 361.244 179.901
17 0.955513 -0.169272 3.1773 2 691.974 308.327 369.053 223.472
18 1.04545 -0.48766 3.33708 2 700.92 355.682 373.824 257.794
19 0.997515 -0.55345 3.28655 2 694.164 367.032 370.221 266.02
20 0.823354 0.68969 2.87327 2 682.554 158.797 364.029 115.094
21 0.703069 0.1531 3.29914 2 630.93 257.66 336.496 186.748
22 0.693705 0.208767 3.28333 2 629.683 248.94 335.831 180.428
23 0.396259 0.309396 2.67109 2 586.171 222.484 312.625 161.253
24 0.416026 0.295887 2.664 2 591.567 224.892 315.502 162.999
1
0
-0.510886 0.115073 0.830124 -0.191435
-0.513222 0.115612 0.828682 -0.19111
-0.513255 0.12195 0.81829 -0.228252
0 0 0 0
0.465756 0.598842 -0.590609 -0.275029
-0.159275 -0.609286 0.190315 0.753115
-0.00901421 -0.141612 0.163437 0.976296
0.149598 -0.219519 0.482938 0.834388
-0.236626 0.669071 0.471436 -0.523546
-0.161404 0.945913 -0.269521 -0.0809678
0.41875 0.520914 -0.39338 0.631308
0.490375 0.505426 -0.429681 0.5652
-0.343167 -0.61296 0.710846 0.0348529
-0.116873 -0.216344 0.305427 0.919919
-0.110821 0.0426328 0.279788 0.952691
0 0 0 0
-0.387617 0.580689 0.502932 -0.509522
0.159851 0.953957 0.170771 0.187753
0.150278 0.875217 0.210068 0.409002
0 0 0 0
-0.515321 0.1166 0.823326 -0.207324
0 0 0 0
0 0 0 0
0 0 0 0
0 0 0 0
