12954493
0 0.927725 0.27894 3.28047 2 679.508 237.945 362.404 172.459
1 0.921662 0.56913 3.16075 2 685.884 189.457 365.805 137.316
2 0.913031 0.851532 3.02824 2 693.063 137.704 369.634 99.806
3 0.853598 0.956123 3.00126 2 681.243 118.601 363.33 85.9604
4 0.821821 0.791825 3.22561 2 660.443 156.083 352.236 113.127
5 0.817649 0.56168 3.37065 2 651.689 196.424 347.567 142.365
6 0.79957 0.345628 3.44119 2 644.394 230.178 343.677 166.83
7 0.791236 0.279021 3.45483 2 642.039 240.19 342.421 174.087
8 0.991724 0.71233 2.95399 2 716.798 158.144 382.292 114.621
9 1.03156 0.480351 2.97329 2 724.451 198.805 386.374 144.091
10 0.97234 0.247549 3.03128 2 706.011 239.611 376.539 173.667
11 0.950809 0.18171 3.0618 2 698.832 250.993 372.71 181.916
12 0.877874 0.288143 3.29718 2 667.969 236.767 356.25 171.605
13 0.944463 -0.0328461 3.51919 2 669.364 285.956 356.994 207.257
14 1.02693 -0.351796 3.6287 2 679.67 330.546 362.491 239.576
15 0.968059 -0.403764 3.63567 2 668.032 337.706 356.284 244.764
16 0.958343 0.263885 3.19546 2 691.442 239.17 368.769 173.347
17 1.04255 -0.0870866 3.33104 2 700.506 294.521 373.603 213.465
18 1.14574 -0.414017 3.46705 2 712.856 342.076 380.19 247.932
19 1.11066 -0.48515 3.43028 2 708.238 353.301 377.727 256.068
20 0.915713 0.782094 3.06354 2 691.196 150.966 368.638 109.418
21 0.796124 0.221543 3.4723 2 642.189 248.809 342.501 180.334
22 0.807065 0.265857 3.4358 2 646.119 241.903 344.597 175.328
23 0.94363 0.115933 3.09556 2 694.823 262.147 370.572 190.001
24 1.02065 0.204263 3.08823 2 712.787 247.512 380.153 179.393
1
1
-0.430115 0.0763803 0.881549 -0.178995
-0.452838 0.0809978 0.870094 -0.176953
-0.472656 0.0977496 0.84973 -0.212134
0 0 0 0
0.437844 0.634832 -0.578131 -0.266544
-0.1634 -0.58766 0.224369 0.76001
0.152073 0.814479 0.0553516 0.557165
0.11731 0.816566 0.00669247 0.565166
-0.183158 0.704713 0.484414 -0.484949
0.0563045 0.977619 0.0754364 -0.188152
0.158711 0.388741 0.0614517 0.905492
0.218078 0.385929 0.132436 0.886545
-0.262555 -0.643045 0.719213 -0.0170469
-0.176983 -0.300753 0.251612 0.902727
-0.129682 -0.052299 0.154321 0.978076
0 0 0 0
-0.33517 0.593313 0.552703 -0.47975
0.137847 0.931834 0.160775 0.294678
0.113752 0.885146 0.20941 0.399656
0 0 0 0
-0.474665 0.0918305 0.85405 -0.191986
0 0 0 0
0 0 0 0
0 0 0 0
0 0 0 0
