12928689
0 -0.467699 -0.256945 2.44083 2 351.804 334.635 187.629 242.539
1 -0.514975 0.032369 2.44461 2 338.706 274.493 180.643 198.948
2 -0.54856 0.3147 2.43583 2 328.421 215.552 175.158 156.229
3 -0.613982 0.417354 2.47994 1 312.738 195.569 166.794 141.745
4 -0.675002 0.193356 2.43579 2 292.381 240.829 155.937 174.55
5 -0.72 -0.0737174 2.51164 2 285.782 296.141 152.417 214.639
6 -0.746469 -0.33109 2.61687 2 286.604 345.623 152.855 250.503
7 -0.769249 -0.413162 2.65825 1 283.645 360.379 151.277 261.197
8 -0.388898 0.229926 2.38476 2 371.592 232.326 198.182 168.387
9 -0.295473 0.00124292 2.41636 2 399.857 280.95 213.257 203.629
10 -0.276081 -0.179507 2.51094 2 408.32 317.399 217.771 230.046
11 -0.277298 -0.209505 2.49523 1 407.493 323.721 217.33 234.628
12 -0.528161 -0.269501 2.42006 2 333.304 337.777 177.762 244.816
13 -0.529627 -0.584364 2.65043 2 345.771 393.404 184.411 285.134
14 -0.516206 -0.843957 2.87549 2 359.636 430.775 191.806 312.22
15 -0.436947 -0.884443 2.78807 2 375.396 442.908 200.211 321.013
16 -0.395125 -0.238577 2.39832 2 370.427 331.652 197.561 240.377
17 -0.354159 -0.57672 2.51848 2 386.805 397.624 206.296 288.193
18 -0.40923 -0.917846 2.70681 2 379.184 454.128 202.232 329.145
19 -0.414596 -0.982243 2.6239 2 374.381 472.238 199.67 342.272
20 -0.539692 0.244945 2.43963 2 331.261 230.214 176.672 166.856
21 -0.773459 -0.474657 2.7097 2 286.335 370.452 152.712 268.498
22 -0.73931 -0.4189 2.6567 2 291.38 361.504 155.403 262.013
23 -0.267342 -0.237074 2.50859 2 410.625 329.062 219 238.5
24 -0.282477 -0.208629 2.4658 2 405.129 324.052 216.069 234.868
0
1
-0.0796038 -0.0811531 0.993518 -2.14974e-005
-0.0802453 -0.0811531 0.993466 -7.38994e-005
-0.0785977 -0.0607912 0.994539 -0.031933
0 0 0 0
-0.0160927 0.823445 -0.567167 -1.8947e-005
0.158804 0.850909 -0.000559519 0.500735
0.157869 0.612752 0.119773 0.765028
0.237963 0.599484 0.100083 0.757612
-0.112688 0.727267 0.663859 -0.132952
0.143982 0.874768 0.141941 -0.440344
0.242835 0.949031 -0.00155236 -0.200918
-0.237691 0.951452 0.0294275 -0.193329
-0.124892 0.765418 -0.62293 0.102445
-0.214655 -0.661261 0.224498 0.682831
0.325542 0.849276 -0.128531 -0.395262
0 0 0 0
-0.177094 0.599043 0.758496 -0.185659
0.0878844 0.734645 0.155493 0.654519
0.225907 0.680758 0.124715 0.685552
0 0 0 0
-0.07941 -0.0567207 0.995095 -0.0162187
0 0 0 0
0 0 0 0
0 0 0 0
0 0 0 0
