12900354
0 -0.431339 -0.158501 2.45438 2 362.873 313.951 193.532 227.548
1 -0.460709 0.082572 2.34307 2 348.431 263.337 185.83 190.863
2 -0.4859 0.317363 2.21894 2 332.711 208.52 177.446 151.132
3 -0.433363 0.433981 2.19885 2 347.751 180.841 185.467 131.071
4 -0.54163 0.193322 2.16107 2 310.822 235.738 165.772 170.86
5 -0.537462 -0.0315695 2.1648 2 312.552 288.619 166.695 209.187
6 -0.481574 -0.227564 2.24616 2 335.998 332.659 179.199 241.107
7 -0.459657 -0.304451 2.30395 2 346.264 348.32 184.674 252.458
8 -0.413331 0.187978 2.17369 1 352.854 237.337 188.189 172.018
9 -0.367807 0.0237346 2.35931 1 376.645 276.115 200.877 200.124
10 -0.327088 -0.117248 2.56079 2 396.081 304.39 211.243 220.618
11 -0.313747 -0.177769 2.63647 2 402.082 315.347 214.444 228.559
12 -0.494248 -0.179214 2.38623 2 341.098 319.328 181.919 231.444
13 -0.453532 -0.558699 2.54379 2 360.725 392.918 192.387 284.782
14 -0.499322 -0.885717 2.77744 2 359.385 443.811 191.672 321.668
15 -0.427885 -0.930164 2.75528 2 376.335 453.367 200.712 328.594
16 -0.355788 -0.148184 2.46431 2 384.574 311.669 205.106 225.894
17 -0.361074 -0.462092 2.72756 2 392.668 367.179 209.423 266.127
18 -0.459221 -0.861363 2.9223 2 375.163 431.372 200.087 312.652
19 -0.381714 -0.878781 2.88657 2 392.412 436.294 209.286 316.22
20 -0.480213 0.259594 2.25204 2 336.774 222.664 179.613 161.384
21 -0.428306 -0.383366 2.32227 2 356.631 365.072 190.203 264.599
22 -0.428984 -0.25557 2.33436 2 357.234 336.764 190.525 244.082
23 -0.312806 -0.230715 2.65828 2 402.978 325.161 214.921 235.672
24 -0.284219 -0.167693 2.62167 2 409.389 313.585 218.341 227.282
0
0
0.252057 -0.10965 0.94216 -0.191776
0.145965 -0.0876942 0.96431 -0.202758
0.010492 -0.0468554 0.965494 -0.255959
0 0 0 0
-0.345168 0.853819 -0.34988 0.171569
0.00293998 0.881957 0.0120744 0.471165
-0.0620698 0.315287 0.222681 0.92041
-0.0183394 0.285281 0.331601 0.899066
-0.299198 0.874627 0.353654 -0.142957
-0.363515 -0.662607 0.204896 0.621954
0.197738 0.52668 0.422004 0.71093
0.193176 0.532027 0.391582 0.725461
-0.193049 0.680495 -0.59477 0.381979
0.193828 0.84814 -0.0538694 -0.490089
0.27948 0.921223 -0.132952 -0.235718
0 0 0 0
0.20121 0.65154 0.725672 -0.0917013
0.171573 0.455117 0.295772 0.822162
0.156197 0.208227 0.191806 0.946285
0 0 0 0
0.00882587 -0.052351 0.970798 -0.233951
0 0 0 0
0 0 0 0
0 0 0 0
0 0 0 0
