12932920
0 0.970816 0.288401 3.2864 2 688.307 236.54 367.097 171.441
1 0.965616 0.553656 3.14376 2 696.724 191.441 371.586 138.754
2 0.957237 0.81189 2.99041 2 705.982 142.641 376.524 103.384
3 0.902864 0.90135 2.9338 2 697.442 124.381 371.969 90.1497
4 0.829203 0.763587 3.15103 2 666.262 157.677 355.34 114.282
5 0.746066 0.555617 3.19584 2 645.358 192.761 344.191 139.711
6 0.623647 0.39562 3.13863 2 621.073 217.205 331.239 157.427
7 0.553531 0.334463 3.085 2 607.667 226.206 324.089 163.951
8 1.05414 0.691167 2.92045 2 734.346 160.405 391.651 116.259
9 1.10737 0.476587 2.94895 2 744.378 198.737 397.001 144.042
10 1.06407 0.255198 3.02968 2 727.291 238.267 387.889 172.693
11 1.03087 0.183565 3.07459 2 716.126 250.789 381.934 181.769
12 0.909932 0.302042 3.29407 2 674.938 234.562 359.967 170.007
13 0.914071 -0.033391 3.45348 2 666.789 286.125 355.621 207.38
14 0.913812 -0.340961 3.61054 2 658.818 329.221 351.37 238.615
15 0.846955 -0.402722 3.54379 2 649.046 338.974 346.158 245.684
16 1.012 0.268918 3.21173 2 702.051 238.565 374.427 172.909
17 1.10323 -0.0646707 3.37527 2 710.201 290.97 378.774 210.891
18 1.15704 -0.380978 3.53106 2 710.884 336.193 379.138 243.668
19 1.08795 -0.442368 3.465 2 701.363 346.259 374.06 250.964
20 0.959972 0.748443 3.03076 2 703.596 155.203 375.251 112.489
21 0.5135 0.29088 3.06268 2 599.494 233.051 319.73 168.912
22 0.553566 0.353009 3.04168 2 609.463 222.317 325.047 161.132
23 1.01463 0.114667 3.10878 2 709.875 262.423 378.6 190.201
24 1.03877 0.144486 3.04822 2 719.953 257.056 383.975 186.311
0
1
-0.339601 0.0771723 0.908281 -0.231822
-0.360445 0.0824949 0.900212 -0.229982
-0.379547 0.0930424 0.881799 -0.264042
0 0 0 0
0.394647 0.665712 -0.621865 -0.119853
0.11444 -0.472727 0.177893 0.855445
-0.212586 0.914392 -0.269842 -0.214195
-0.350145 0.867798 -0.304387 -0.177971
-0.147023 0.682539 0.542897 -0.466678
0.0923109 0.959932 0.100852 -0.244617
0.187782 0.956926 -0.0522005 0.215186
0.299961 0.918418 -0.125356 0.225429
-0.237717 -0.615105 0.742955 -0.114689
-0.0965983 -0.405276 0.197743 0.887309
-0.103356 -0.431125 0.209789 0.871457
0 0 0 0
-0.25165 0.621884 0.570351 -0.473955
0.156798 0.893531 0.198537 0.370944
0.173697 0.887034 0.162529 0.395708
0 0 0 0
-0.380838 0.0905289 0.887311 -0.243818
0 0 0 0
0 0 0 0
0 0 0 0
0 0 0 0
