12928771
0 -0.465265 -0.259934 2.43735 2 352.303 335.334 187.895 243.045
1 -0.510146 0.0291764 2.44028 2 339.821 275.145 181.238 199.421
2 -0.546299 0.312442 2.43267 2 328.865 215.941 175.395 156.511
3 -0.6117 0.415072 2.47679 1 313.163 195.931 167.02 142.008
4 -0.67437 0.167624 2.42067 2 291.373 245.986 155.399 178.287
5 -0.729486 -0.0568984 2.48697 2 281.138 292.851 149.94 212.255
6 -0.745582 -0.310058 2.60319 2 285.815 341.844 152.434 247.764
7 -0.768715 -0.415485 2.65658 1 283.655 360.875 151.283 261.557
8 -0.388289 0.228146 2.38497 2 371.78 232.71 198.283 168.665
9 -0.295396 0.00193668 2.41481 2 399.824 280.805 213.24 203.524
10 -0.273012 -0.181731 2.50369 1 408.944 317.953 218.104 230.448
11 -0.274072 -0.21361 2.49183 1 408.279 324.613 217.749 235.275
12 -0.526298 -0.271535 2.41706 2 333.649 338.275 177.946 245.177
13 -0.530115 -0.585602 2.65125 2 345.684 393.608 184.365 285.282
14 -0.516038 -0.843046 2.87602 2 359.701 430.585 191.84 312.082
15 -0.437383 -0.883697 2.78797 2 375.284 442.777 200.152 320.918
16 -0.39227 -0.242125 2.39476 2 371.08 332.479 197.909 240.976
17 -0.353571 -0.578931 2.51804 2 386.947 398.094 206.372 288.533
18 -0.40924 -0.917814 2.70691 2 379.186 454.115 202.232 329.137
19 -0.410304 -0.982506 2.62379 2 375.512 472.296 200.273 342.313
20 -0.537333 0.242646 2.4365 2 331.738 230.63 176.927 167.157
21 -0.763624 -0.47473 2.71678 2 289.379 370.223 154.336 268.332
22 -0.741559 -0.423475 2.66343 2 291.277 362.177 155.348 262.501
23 -0.262896 -0.247566 2.48825 2 411.25 331.592 219.333 240.333
24 -0.282869 -0.208379 2.4596 2 404.82 324.109 215.904 234.91
0
1
-0.0809861 -0.0770815 0.993729 -0.00122865
-0.06967 -0.0770905 0.994587 -0.000351218
-0.0557248 -0.0621402 0.996034 -0.0308033
0 0 0 0
-0.0509409 0.859482 -0.508454 0.0130483
0.17256 0.9184 -0.0587843 0.351153
0.140573 0.530112 0.16307 0.82014
0.206189 0.517646 0.14043 0.818418
-0.11294 0.728797 0.664427 -0.12098
0.140287 0.879273 0.145614 -0.431272
0.224956 0.879295 -0.0447795 -0.417409
-0.168431 0.901041 0.0566734 -0.395656
-0.12078 0.760686 -0.629809 0.100541
-0.21498 -0.659096 0.230149 0.68294
0.327049 0.847364 -0.129277 -0.39787
0 0 0 0
-0.176561 0.602091 0.75626 -0.18543
0.0937101 0.7352 0.156179 0.652923
0.225349 0.665875 0.129986 0.699237
0 0 0 0
-0.0568944 -0.0626835 0.996333 -0.0123935
0 0 0 0
0 0 0 0
0 0 0 0
0 0 0 0
