5651240
0 0.870538 -0.283043 3.86609 2 639.349 318.388 340.986 230.764
1 0.787712 -0.044455 3.80945 2 626.514 287.131 334.141 208.109
2 0.704363 0.190823 3.73671 2 613.862 255.314 327.393 185.048
3 0.643986 0.290706 3.73011 2 602.915 241.696 321.555 175.178
4 0.593272 0.142916 3.85473 1 589.906 262.43 314.617 190.206
5 0.667497 -0.118413 3.91822 1 601.28 296.526 320.682 214.918
6 0.74263 -0.210521 4.07674 1 609.472 307.393 325.052 222.794
7 0.783289 -0.253775 4.15137 1 614.001 312.214 327.467 226.288
8 0.793212 0.199126 3.66505 2 633.244 253.634 337.73 183.83
9 0.723038 0.129998 3.46373 2 627.894 262.168 334.877 190.016
10 0.524929 0.0795115 3.25621 2 594.947 268.84 317.305 194.851
11 0.46595 0.0603647 3.17234 2 585.04 271.574 312.021 196.833
12 0.80629 -0.298222 3.85121 2 628.371 320.516 335.131 232.305
13 0.532924 -0.219906 3.54752 2 587.383 312.615 313.271 226.579
14 0.410964 -0.535065 3.47546 2 565.445 359.281 301.571 260.402
15 0.352501 -0.583171 3.37058 2 556.046 368.97 296.558 267.425
16 0.920777 -0.262524 3.81269 2 650.701 316.194 347.04 229.173
17 1.01448 -0.208479 3.41349 2 689.517 312.295 367.742 226.347
18 1.20032 -0.464636 3.42635 2 726.755 350.37 387.603 253.943
19 1.27156 -0.500634 3.40136 2 743.188 356.314 396.367 258.252
20 0.725833 0.13244 3.7574 2 617.089 263.335 329.114 190.862
21 0.77569 -0.255271 4.15762 1 612.538 312.348 326.687 226.386
22 0.7808 -0.255925 4.1298 1 614.267 312.641 327.609 226.598
23 0.364117 0.0798959 3.08989 2 565.001 268.125 301.334 194.333
24 0.424845 0.0546164 3.17225 2 576.094 272.495 307.25 197.5
0
0
-0.133269 -0.146532 0.971152 -0.132784
-0.224635 -0.133299 0.954168 -0.146063
-0.312308 -0.107375 0.920739 -0.207783
0 0 0 0
0.369639 0.680719 -0.628613 -0.06953
0.0143088 0.796851 0.177308 0.577395
0.456843 0.854935 0.242611 0.0390013
0.451133 0.852117 0.263996 0.0261084
-0.184058 0.372272 0.847389 -0.33086
-0.561542 0.808365 -0.174523 -0.0275431
0.521409 -0.139874 -0.376134 0.753055
0.483119 -0.186257 -0.418109 0.746384
-0.0269969 0.769142 -0.622195 0.143403
0.722479 -0.295298 -0.268598 0.564516
0.20908 -0.557689 0.0153529 0.803139
0 0 0 0
-0.16265 0.495244 0.77993 -0.346393
0.703579 -0.54747 0.265168 -0.367341
-0.256799 0.473975 0.17227 0.824454
0 0 0 0
-0.31712 -0.109541 0.924218 -0.182365
0 0 0 0
0 0 0 0
0 0 0 0
0 0 0 0
