5656530
0 -0.303675 -0.191873 2.38581 2 396.353 321.941 211.388 233.338
1 -0.312105 0.0834666 2.3028 2 390.701 262.859 208.374 190.517
2 -0.318108 0.350183 2.2084 2 384.626 200.749 205.134 145.5
3 -0.277178 0.464123 2.20004 2 396.986 174.05 211.726 126.149
4 -0.371103 0.221874 2.13312 2 364.034 228.451 194.152 165.578
5 -0.32021 -0.0108072 2.12403 2 380.198 283.788 202.772 205.685
6 -0.252029 -0.210345 2.19231 2 404.837 329.802 215.913 239.036
7 -0.235753 -0.287352 2.25498 2 411.973 345.773 219.719 250.611
8 -0.220401 0.261698 2.37414 1 420.074 225.395 224.04 163.363
9 -0.175044 0.0806305 2.52388 1 436.298 265.057 232.692 192.11
10 -0.135396 -0.0973889 2.67393 1 449.168 299.624 239.556 217.163
11 -0.120295 -0.148473 2.71017 1 453.458 308.91 241.844 223.894
12 -0.330064 -0.193373 2.33186 2 386.501 323.224 206.134 234.269
13 -0.239305 -0.586354 2.46165 2 416.822 402.254 222.305 291.548
14 -0.307951 -0.927556 2.64373 2 403.236 460.12 215.059 333.489
15 -0.230076 -0.971238 2.62786 2 423.271 469.72 225.744 340.447
16 -0.268836 -0.18589 2.38085 2 406.269 320.739 216.677 232.467
17 -0.246974 -0.501143 2.41938 2 413.524 386.376 220.546 280.04
18 -0.351575 -0.810613 2.68663 2 393.373 434.897 209.799 315.207
19 -0.276655 -0.904834 2.66619 2 412.077 454.203 219.774 329.2
20 -0.31607 0.284494 2.23445 2 386.488 216.654 206.127 157.028
21 -0.188724 -0.358619 2.27077 2 426.711 361.257 227.579 261.834
22 -0.29478 -0.268809 2.27006 2 394.519 341.225 210.41 247.315
23 -0.119464 -0.156919 2.70021 1 453.556 310.594 241.897 225.115
24 -0.122548 -0.145817 2.69032 1 452.658 308.615 241.418 223.68
0
0
0.325623 -0.0619912 0.934067 -0.132833
0.39527 -0.0718508 0.906793 -0.127769
0.466441 -0.102014 0.864305 -0.158124
0 0 0 0
-0.243826 0.720714 -0.449367 0.468178
-0.0788613 0.802621 0.0753917 0.586427
-0.213328 -0.45521 0.0660453 0.861924
-0.239399 -0.466719 0.244949 0.815391
0.354835 0.693096 0.554414 0.293828
0.348165 0.911903 0.0213667 -0.216235
-0.274596 -0.559603 0.21843 0.750819
-0.274197 -0.554064 0.168433 0.767763
0.333028 -0.583189 0.613686 -0.415178
0.188229 0.879803 0.0285529 -0.435548
0.220091 0.951473 -0.131252 -0.170389
0 0 0 0
0.0594961 0.629658 0.761754 -0.140434
0.00111059 0.506022 0.0697422 0.859695
0.232147 0.289103 0.281938 0.884894
0 0 0 0
0.46951 -0.0859494 0.867677 -0.138958
0 0 0 0
0 0 0 0
0 0 0 0
0 0 0 0
