5649962
0 0.0147321 -0.133207 2.53861 2 487.943 307.735 260.236 223.042
1 0.0474582 0.133342 2.47099 2 497.151 253.931 265.147 184.046
2 0.0901466 0.398423 2.39924 2 509.831 197.062 271.91 142.828
3 0.161238 0.49123 2.40265 2 530.235 177.462 282.792 128.622
4 -0.014639 0.266013 2.29913 2 479.578 222.663 255.775 161.383
5 -0.0459762 0.0543682 2.28551 2 470.14 269.188 250.741 195.104
6 -0.0348868 -0.185332 2.31768 2 473.612 321.648 252.593 233.126
7 -0.0295264 -0.274697 2.33855 2 475.274 340.653 253.479 246.901
8 0.1425 0.34017 2.33592 1 525.951 207.444 280.507 150.353
9 0.159109 0.262849 2.55054 1 526.859 229.057 280.992 166.017
10 0.206721 0.189184 2.766 2 535.335 246.611 285.512 178.741
11 0.201079 0.177337 2.85521 1 532.364 249.796 283.928 181.049
12 -0.0335536 -0.156488 2.44708 2 474.536 313.541 253.086 227.251
13 -0.103504 -0.558467 2.55282 2 455.99 392.249 243.195 284.296
14 -0.244153 -0.899947 2.68074 2 420.878 452.302 224.468 327.822
15 -0.195737 -0.966478 2.68014 2 433.349 465.087 231.119 337.089
16 0.064919 -0.105365 2.59277 2 501.156 301.752 267.283 218.706
17 0.140194 -0.391269 2.81721 2 518.204 351.543 276.375 254.794
18 0.17687 -0.671669 3.10553 2 523.243 390.993 279.063 283.386
19 0.267247 -0.711914 3.11081 2 543.258 397.455 289.738 288.07
20 0.078938 0.332776 2.4189 2 506.412 211.554 270.086 153.331
21 -0.0262653 -0.335984 2.34501 2 476.249 353.76 254 256.4
22 -0.0554287 -0.293873 2.33054 2 467.597 345.036 249.385 250.077
23 0.245845 0.165684 2.91807 2 541.875 252.488 289 183
24 0.22167 0.181465 2.8585 2 537.266 249.098 286.542 180.543
0
1
0.484173 -0.00820448 0.864192 -0.13668
0.274676 0.0231334 0.951738 -0.134958
0.0228021 0.0784938 0.985994 -0.145379
0 0 0 0
-0.355166 0.820536 -0.415663 0.166741
-0.000760948 0.918003 -0.0799363 0.388432
-0.06053 -0.644016 0.0360351 0.761761
-0.0962519 -0.641562 0.0682657 0.75794
-0.0734952 0.466807 0.727929 -0.496799
-0.0640676 -0.0280983 0.571727 0.817456
0.0919703 0.297542 0.577247 0.754848
0.220482 0.206391 0.621039 0.723257
-0.262099 0.6205 -0.567064 0.47405
0.0997196 0.952092 -0.114937 -0.265266
0.142217 0.958919 -0.207165 -0.131649
0 0 0 0
0.418675 0.5452 0.7079 0.162313
-0.00766168 0.27892 0.338855 0.898511
0.0130249 0.146501 0.390733 0.908678
0 0 0 0
0.0232424 0.0733324 0.988779 -0.128055
0 0 0 0
0 0 0 0
0 0 0 0
0 0 0 0
