12470516
0 -0.247036 -0.204474 2.52751 2 416.728 322.158 222.255 233.496
1 -0.236742 0.075344 2.41372 2 416.527 265.42 222.148 192.373
2 -0.225553 0.349295 2.29083 2 416.132 203.921 221.937 147.799
3 -0.177657 0.450487 2.26731 2 429.925 180.393 229.293 130.747
4 -0.346051 0.222284 2.23 2 377.049 230.679 201.093 167.193
5 -0.426931 -0.0112105 2.28695 2 355.338 283.696 189.514 205.619
6 -0.446399 -0.217493 2.33289 2 352.011 328.516 187.739 238.104
7 -0.454549 -0.283935 2.36738 2 351.5 342.095 187.466 247.945
8 -0.102564 0.272307 2.44613 2 455.121 224.876 242.731 162.987
9 -0.0454568 0.0814906 2.59304 2 471.916 265.327 251.688 192.305
10 0.035758 -0.105838 2.67068 2 493.153 301.241 263.015 218.336
11 0.0494113 -0.178216 2.69198 2 496.568 314.682 264.836 228.078
12 -0.289431 -0.202244 2.45954 2 402.981 322.847 214.923 233.995
13 -0.293041 -0.533039 2.48531 2 402.565 390.154 214.701 282.778
14 -0.323596 -0.900968 2.71486 2 401.393 450.365 214.076 326.419
15 -0.297363 -0.96875 2.65039 2 406.185 467.649 216.632 338.945
16 -0.19849 -0.201341 2.53015 2 430.014 321.474 229.341 233
17 -0.164757 -0.503462 2.72358 2 442.269 374.95 235.877 271.759
18 -0.217545 -0.807884 2.89316 2 431.973 423.265 230.386 306.777
19 -0.16772 -0.863641 2.88491 2 443.744 433.582 236.663 314.255
20 -0.228377 0.281767 2.32349 2 416.298 219.785 222.025 159.297
21 -0.456351 -0.34659 2.38692 2 352.002 354.955 187.734 257.267
22 -0.491203 -0.28227 2.35507 2 340.001 342.083 181.334 247.937
23 0.0625396 -0.233845 2.70567 2 499.843 324.922 266.583 235.499
24 0.0649832 -0.169761 2.64533 2 500.835 313.657 267.112 227.334
1
0
0.300252 -0.0421759 0.93421 -0.187942
0.324025 -0.0469645 0.926233 -0.186803
0.345346 -0.0610432 0.911342 -0.215558
0 0 0 0
-0.0962308 0.726077 -0.553834 0.396004
0.110709 0.979723 -0.165386 -0.0231056
0.0524206 0.752213 -0.106145 -0.648198
0.14162 0.732444 -0.196893 -0.636163
0.361176 0.708401 0.58538 0.158271
0.0570065 0.483813 0.333557 0.807103
0.117153 0.918282 0.239757 0.292488
0.105106 0.935305 0.130229 0.311764
0.261353 -0.55926 0.667543 -0.416305
0.0310567 0.867939 -0.0239838 -0.495118
0.201172 0.778413 -0.190707 -0.563235
0 0 0 0
0.160009 0.674504 0.711726 -0.113523
0.0894285 0.453574 0.269747 0.844695
0.138069 0.244082 0.221496 0.93397
0 0 0 0
0.347276 -0.0548351 0.915001 -0.197901
0 0 0 0
0 0 0 0
0 0 0 0
0 0 0 0
