12506656
0 -0.370411 -0.154611 2.57498 2 384.937 311.624 205.3 225.861
1 -0.382727 0.137805 2.4832 2 377.84 253.095 201.515 183.44
2 -0.390622 0.422348 2.37951 2 370.65 191.062 197.68 138.479
3 -0.371232 0.538193 2.37807 2 376.086 166.135 200.579 120.413
4 -0.572975 0.340597 2.45926 1 322.984 210.799 172.258 152.784
5 -0.407601 0.144029 2.39577 2 366.762 250.738 195.606 181.731
6 -0.279895 -0.0748789 2.43361 2 404.861 296.781 215.926 215.103
7 -0.252503 -0.14964 2.42947 2 412.477 312.382 219.988 226.41
8 -0.379409 0.364136 2.66756 1 385.931 211.983 205.83 153.642
9 -0.305774 0.156926 2.51525 1 400.318 249.625 213.503 180.925
10 -0.229912 -0.0858912 2.46418 1 419.818 298.843 223.903 216.597
11 -0.198649 -0.252527 2.46618 1 428.547 333.042 228.559 241.384
12 -0.403125 -0.158299 2.51514 2 373.577 313.105 199.241 226.935
13 -0.373661 -0.523372 2.62956 2 385.867 382.309 205.796 277.092
14 -0.44627 -0.868243 2.77795 2 372.683 440.514 198.764 319.279
15 -0.371223 -0.924526 2.7496 2 390.414 452.638 208.221 328.066
16 -0.327701 -0.146858 2.56937 2 396.201 310.15 211.307 224.792
17 -0.300558 -0.441025 2.62163 1 404.927 366.543 215.961 265.666
18 -0.391485 -0.779264 2.90662 2 390.809 417.647 208.431 302.705
19 -0.337629 -0.84953 2.92258 2 404.029 429.198 215.482 311.077
20 -0.389155 0.352345 2.40756 2 372.48 206.94 198.656 149.987
21 -0.187761 -0.213314 2.45001 2 431.256 325.268 230.003 235.75
22 -0.304836 -0.178558 2.45727 2 398.591 318.005 212.582 230.486
23 -0.179015 -0.300057 2.49222 2 434.533 342.169 231.751 248
24 -0.21163 -0.236358 2.42915 2 424.026 330.463 226.147 239.515
1
1
0.304199 -0.0659234 0.940285 -0.137775
0.270756 -0.0610098 0.950454 -0.140021
0.229099 -0.0538174 0.954752 -0.181837
0 0 0 0
0.223452 0.727265 -0.647585 0.0422956
-0.347156 0.542085 0.0897538 0.759981
-0.265254 -0.439619 -0.0499362 0.856669
-0.144813 -0.435804 -0.100897 0.882567
0.678751 0.65714 0.248867 0.213377
-0.108437 0.661957 0.317703 -0.670163
-0.0470919 0.931869 0.17282 -0.315495
0.0340157 0.947757 0.0863193 -0.305202
0.312958 -0.59995 0.612416 -0.408735
0.152006 0.878349 -0.0344936 -0.451893
0.16897 0.945318 -0.143222 -0.239395
0 0 0 0
0.0687006 0.625934 0.764097 -0.140151
0.00385659 0.492837 0.0985575 0.864514
0.17138 0.182294 0.309988 0.917227
0 0 0 0
0.229375 -0.0531799 0.958515 -0.160651
0 0 0 0
0 0 0 0
0 0 0 0
0 0 0 0
