12533477
0 0.984344 0.140779 3.28628 2 691.125 259.408 368.6 188.016
1 0.981928 0.401384 3.13201 2 701.037 215.914 373.886 156.492
2 0.974227 0.654964 2.96646 2 711.665 168.562 379.555 122.172
3 0.925483 0.77028 2.92828 2 703.147 146.968 375.012 106.52
4 0.885931 0.598618 3.12767 2 680.104 183.684 362.722 133.132
5 0.866304 0.405224 3.26574 2 667.37 218.08 355.93 158.061
6 0.867248 0.174082 3.31896 2 664.465 254.549 354.381 184.493
7 0.866611 0.123958 3.34348 1 662.981 262.368 353.59 190.161
8 1.06312 0.532529 2.91204 2 737.139 187.889 393.141 136.179
9 1.10319 0.273852 2.9744 2 741.05 234.249 395.227 169.78
10 1.07405 0.0668341 3.05935 2 727.132 270.076 387.804 195.747
11 1.05701 0.0324549 3.08108 2 721.528 275.843 384.815 199.927
12 0.928682 0.1526 3.28924 2 679.128 257.612 362.202 186.714
13 1.01163 -0.108228 3.46265 2 685.964 297.114 365.847 215.344
14 1.0739 -0.366891 3.57729 2 691.684 333.433 368.898 241.668
15 1.0232 -0.439089 3.58823 2 681.231 343.505 363.323 248.968
16 1.01868 0.125898 3.21304 2 703.357 261.258 375.124 189.356
17 1.11076 -0.171238 3.32739 2 715.095 307.431 381.384 222.822
18 1.15109 -0.406876 3.45544 2 714.709 341.23 381.178 247.319
19 1.09123 -0.480646 3.45316 2 702.805 352.143 374.829 255.228
20 0.977039 0.592633 3.00988 2 708.956 180.785 378.11 131.031
21 0.855064 0.0761683 3.37203 2 659.056 269.733 351.497 195.499
22 0.83016 0.124404 3.34322 2 655.401 262.305 349.547 190.115
23 1.05559 -0.0311633 3.12027 2 718.2 286.299 383.04 207.506
24 1.02562 0.046392 3.08158 2 714.37 273.542 380.997 198.259
1
1
-0.339783 0.0891565 0.902663 -0.248592
-0.372181 0.0980819 0.889794 -0.245208
-0.404343 0.109324 0.864012 -0.279352
0 0 0 0
0.433372 0.668073 -0.576426 -0.183304
0.21176 0.746233 -0.222722 -0.590499
-0.0527197 -0.448227 0.0998591 0.886759
-0.0959768 -0.437224 0.204152 0.870601
-0.132453 0.694699 0.522536 -0.476241
0.132444 0.95675 0.0424386 -0.255514
-0.0212563 -0.412805 0.202104 0.887859
0.0633784 -0.429642 0.325906 0.839747
-0.226264 -0.611101 0.743324 -0.151096
-0.230178 -0.354765 0.210995 0.881272
-0.134358 -0.118121 0.188466 0.965648
0 0 0 0
-0.287946 0.604346 0.571511 -0.474582
0.110982 0.90317 0.198548 0.364069
0.220338 0.941353 0.130411 0.219771
0 0 0 0
-0.405294 0.108191 0.870078 -0.258834
0 0 0 0
0 0 0 0
0 0 0 0
0 0 0 0
