12575681
0 -0.413333 -0.210091 2.47522 2 368.904 324.243 196.749 235.007
1 -0.460993 0.0659905 2.37257 2 350.048 267.105 186.692 193.594
2 -0.503579 0.338155 2.25594 2 329.74 205.008 175.861 148.587
3 -0.46406 0.456169 2.27161 2 342.739 179.063 182.794 129.782
4 -0.529816 0.190893 2.17451 2 315.686 236.598 168.366 171.483
5 -0.477162 -0.0404158 2.18195 2 333.129 290.611 177.669 210.631
6 -0.409504 -0.22527 2.24782 2 358.356 332.053 191.123 240.668
7 -0.387115 -0.298472 2.30604 2 368.205 346.882 196.376 251.416
8 -0.40742 0.271387 2.46658 2 370.113 225.409 197.393 163.374
9 -0.559039 0.142418 2.42126 1 324.612 251.34 173.127 182.168
10 -0.366359 0.278621 2.43003 1 380.076 223.077 202.707 161.683
11 -0.394175 0.321646 2.39819 1 370.622 213.159 197.665 154.495
12 -0.431905 -0.230115 2.35462 2 357.494 330.791 190.663 239.753
13 -0.441204 -0.541554 2.52843 2 363.373 390.124 193.799 282.756
14 -0.498196 -0.905763 2.72908 2 357.426 450.488 190.627 326.507
15 -0.42213 -0.95346 2.70498 2 375.775 461.015 200.413 334.137
16 -0.382064 -0.179458 2.52667 2 379.836 317.198 202.579 229.901
17 -0.352677 -0.451467 2.37334 2 381.392 377.824 203.409 273.842
18 -0.404373 -0.747633 2.70323 2 380.455 422.023 202.909 305.877
19 -0.316827 -0.778654 2.65833 2 401.489 430.351 214.127 311.913
20 -0.493695 0.270525 2.28735 2 334.96 221.133 178.645 160.274
21 -0.34332 -0.368317 2.32844 2 382.274 361.482 203.879 261.997
22 -0.444992 -0.271961 2.3315 2 352.301 340.419 187.894 246.731
23 -0.385917 0.356263 2.33767 2 370.077 203.852 197.374 147.749
24 -0.375898 0.331511 2.33585 2 372.984 209.194 198.925 151.621
1
1
0.585715 -0.169965 0.787131 -0.0920568
0.558718 -0.166749 0.806518 -0.0977608
0.531859 -0.17346 0.816491 -0.142758
0 0 0 0
-0.291026 0.731575 -0.369319 0.493666
-0.0489264 0.826017 0.101579 0.552253
-0.216962 -0.368492 0.0874703 0.899716
-0.244351 -0.381095 0.244394 0.857514
0.389691 0.605211 0.591869 0.362701
0.299342 0.439606 -0.307436 0.789065
0.24201 0.447807 0.854311 -0.105131
0.286143 -0.325063 0.880202 -0.194167
-0.451415 0.608482 -0.463961 0.459036
0.247925 0.959773 -0.0455276 -0.123682
0.22408 0.9396 -0.126133 -0.225901
0 0 0 0
0.432785 0.460682 0.734468 0.247035
-0.200649 0.625189 -0.161511 0.736745
0.162485 0.227304 0.376588 0.88324
0 0 0 0
0.531882 -0.168411 0.820793 -0.122634
0 0 0 0
0 0 0 0
0 0 0 0
0 0 0 0
