12526695
0 0.872817 0.127065 3.27649 2 667.995 261.496 356.264 189.528
1 0.828736 0.391961 3.1274 2 667.179 217.444 355.829 157.6
2 0.780901 0.648558 2.9656 2 666.302 169.772 355.361 123.049
3 0.720282 0.761797 2.94688 2 653.277 149.435 348.414 108.309
4 0.736095 0.597557 3.13866 1 646.161 184.317 344.619 133.59
5 0.745852 0.413499 3.32199 1 639.004 217.959 340.802 157.974
6 0.884184 0.265544 3.13281 1 679.111 238.083 362.192 172.559
7 0.906681 0.173899 3.06841 1 688.317 252.368 367.103 182.913
8 0.836963 0.531735 2.89262 2 684.326 187.539 364.974 135.926
9 0.619821 0.385857 2.81819 2 635.851 211.63 339.12 153.386
10 0.422817 0.343138 2.78405 2 588.621 218.707 313.931 158.516
11 0.336518 0.333317 2.78276 2 567.233 220.515 302.524 159.826
12 0.834543 0.143148 3.29155 2 659.048 259.111 351.492 187.8
13 0.909417 -0.126084 3.45819 2 665.615 299.744 354.995 217.25
14 0.970937 -0.385799 3.53357 2 673.96 336.765 359.445 244.083
15 0.943955 -0.455944 3.55949 2 667.327 346.385 355.908 251.055
16 0.889713 0.107923 3.19204 2 676.597 264.016 360.852 191.355
17 1.01534 -0.178071 3.30134 2 696.741 308.671 371.595 223.721
18 1.13176 -0.425081 3.45854 2 710.609 343.853 378.991 249.22
19 1.09469 -0.512498 3.40619 2 706.585 357.907 376.846 259.406
20 0.793604 0.585446 3.00825 2 666.563 182.085 355.5 131.972
21 0.951214 0.105264 3.08155 2 697.507 263.821 372.004 191.214
22 0.852123 0.117293 3.0838 2 674.922 261.868 359.958 189.799
23 0.259809 0.338701 2.74968 2 548.996 218.819 292.798 158.597
24 0.337246 0.354434 2.76542 2 567.953 216.252 302.908 156.737
1
0
-0.505858 0.068517 0.82178 -0.253163
-0.518615 0.0724576 0.813789 -0.252064
-0.52505 0.0875556 0.795581 -0.289323
0 0 0 0
0.507941 0.624585 -0.533223 -0.259929
0.339687 0.797909 -0.174954 -0.466203
-0.162535 0.724707 0.454612 -0.491641
0.0503803 -0.452596 -0.310429 0.834417
-0.241579 0.608641 0.492155 -0.573566
-0.177434 0.875484 -0.447588 -0.0413624
-0.463687 0.615422 -0.424881 -0.475107
-0.449566 0.557817 -0.491281 -0.495351
-0.361936 -0.562092 0.742353 -0.0443505
-0.176653 -0.211469 0.234622 0.932216
-0.117617 -0.0354357 0.133961 0.983344
0 0 0 0
-0.343178 0.547476 0.523207 -0.555656
0.131444 0.948568 0.22501 0.179754
0.145961 0.840664 0.294486 0.430416
0 0 0 0
-0.528688 0.0823349 0.800773 -0.269209
0 0 0 0
0 0 0 0
0 0 0 0
0 0 0 0
