12455752
0 -0.496871 -0.190041 2.49303 2 346.524 319.89 184.813 231.852
1 -0.503217 0.0977697 2.41447 2 340.245 260.665 181.464 188.926
2 -0.506406 0.379165 2.32649 2 333.562 198.35 177.9 143.761
3 -0.457481 0.492323 2.34086 2 348.856 174.226 186.057 126.277
4 -0.530737 0.225057 2.22862 2 319.489 229.891 170.394 166.622
5 -0.519604 -0.0273402 2.20792 2 321.557 287.499 171.497 208.375
6 -0.429612 -0.166893 2.32148 2 356.408 317.672 190.084 230.244
7 -0.422374 -0.209624 2.37309 2 361.283 326.011 192.684 236.289
8 -0.389081 0.312062 2.57816 1 379.959 219.833 202.645 159.332
9 -0.614781 0.189843 2.5633 1 318.362 243.583 169.793 176.546
10 -0.436573 0.0317435 2.65425 2 370.707 275.151 197.711 199.426
11 -0.38021 -0.0107909 2.69579 2 386.911 283.238 206.352 205.287
12 -0.511363 -0.190168 2.4344 2 339.058 320.862 180.831 232.557
13 -0.423326 -0.53258 2.54495 2 369.045 387.591 196.824 280.921
14 -0.469447 -0.908376 2.67217 2 362.178 454.606 193.162 329.492
15 -0.405331 -0.964459 2.67031 2 378.718 465.473 201.983 337.369
16 -0.470073 -0.184284 2.48834 2 353.736 318.777 188.659 231.045
17 -0.443843 -0.557524 2.54896 2 363.615 392.445 193.928 284.439
18 -0.473067 -0.914709 2.6887 2 361.993 454.742 193.063 329.591
19 -0.415442 -0.963891 2.71921 2 378.045 462.033 201.624 334.875
20 -0.506217 0.309771 2.35034 2 335.242 214.246 178.796 155.283
21 -0.393001 -0.260239 2.43335 2 372.659 335.442 198.751 243.124
22 -0.467355 -0.2256 2.37047 2 347.98 329.511 185.589 238.825
23 -0.326859 -0.0525362 2.68343 2 400.18 291.119 213.429 210.999
24 -0.334807 0.00908236 2.65221 2 397.127 279.478 211.801 202.561
0
1
0.435052 -0.0679432 0.89049 -0.114629
0.494255 -0.0755368 0.859043 -0.109774
0.556361 -0.0939937 0.814448 -0.135286
0 0 0 0
-0.305612 0.699163 -0.353263 0.541275
-0.0464138 0.881795 0.000200391 0.469344
-0.387865 -0.638882 0.0520016 0.662334
0.359582 0.684522 -0.231644 -0.590315
0.405844 0.621875 0.58289 0.32985
0.5075 -0.171282 0.0689478 0.841637
-0.0592243 0.738628 0.431847 0.514226
-0.00271344 0.698723 0.490298 0.520948
0.415726 -0.541759 0.571071 -0.455573
0.183768 0.924994 0.0636116 -0.326447
0.152826 0.977004 -0.0788163 -0.126078
0 0 0 0
0.0383083 0.614139 0.775914 -0.139009
-0.00631656 0.32853 0.0872384 0.940435
0.02167 -0.089469 0.187736 0.977896
0 0 0 0
0.557531 -0.0881295 0.817129 -0.117017
0 0 0 0
0 0 0 0
0 0 0 0
0 0 0 0
