12544884
0 -0.447051 -0.266449 2.48568 2 359.955 335.595 191.976 243.235
1 -0.466442 0.0272534 2.35768 2 347.601 275.348 185.387 199.569
2 -0.488551 0.31603 2.2193 2 331.907 208.835 177.017 151.361
3 -0.458574 0.43762 2.21037 2 340.54 180.5 181.621 130.824
4 -0.514087 0.169093 2.14828 2 318.729 241.22 169.989 174.833
5 -0.463638 -0.0672166 2.17323 2 336.834 296.906 179.645 215.193
6 -0.380422 -0.271131 2.27674 2 368.768 341.621 196.676 247.602
7 -0.370051 -0.334095 2.33596 2 374.719 353.783 199.85 256.417
8 -0.40979 0.240119 2.36509 1 364.528 229.716 194.415 166.495
9 -0.381403 0.0581155 2.47929 1 378.065 269.338 201.634 195.212
10 -0.355301 -0.138947 2.61562 1 390.478 308.111 208.255 223.315
11 -0.349708 -0.188785 2.66596 2 393.679 317.072 209.962 229.81
12 -0.473005 -0.273601 2.40411 2 348.224 338.984 185.719 245.691
13 -0.446093 -0.579121 2.5283 2 361.978 397.735 193.055 288.273
14 -0.496628 -0.900849 2.7187 2 357.344 450.21 190.584 326.306
15 -0.417323 -0.953293 2.70391 2 376.966 461.052 201.048 334.164
16 -0.409176 -0.253 2.49912 2 371.132 332.544 197.937 241.024
17 -0.3876 -0.526965 2.74984 1 386.68 378.529 206.23 274.353
18 -0.471085 -0.824385 2.87303 2 370.451 427.374 197.574 309.755
19 -0.39877 -0.88467 2.86156 2 387.465 438.732 206.648 317.987
20 -0.483294 0.244646 2.25561 2 336.076 226.127 179.241 163.894
21 -0.335918 -0.398839 2.36484 2 385.983 366.808 205.858 265.858
22 -0.346206 -0.289815 2.37344 2 383.447 343.124 204.505 248.691
23 -0.347571 -0.245897 2.6804 2 394.69 327.682 210.501 237.5
24 -0.3335 -0.183074 2.64037 2 397.04 316.32 211.755 229.264
3
0
0.454879 -0.122057 0.866377 -0.166066
0.479413 -0.126745 0.853046 -0.162515
0.502026 -0.149065 0.832268 -0.181878
0 0 0 0
-0.290526 0.717323 -0.367958 0.515412
-0.0125244 0.837899 0.11596 0.533218
-0.127535 0.202235 0.254498 0.937052
-0.00906421 0.137811 0.371862 0.917957
0.373179 0.658795 0.586159 0.288348
0.26825 0.808234 -0.0903567 -0.516367
0.198714 0.751022 0.227452 0.587149
0.274417 0.722658 0.272075 0.573094
-0.392927 0.588735 -0.551343 0.441611
0.194992 0.93552 -0.0178212 -0.294046
0.242906 0.942944 -0.120762 -0.193056
0 0 0 0
0.280098 0.584195 0.76172 -0.00658486
0.0685869 0.253869 0.356452 0.896542
0.158905 0.162336 0.16613 0.959582
0 0 0 0
0.503199 -0.14284 0.835631 -0.167655
0 0 0 0
0 0 0 0
0 0 0 0
0 0 0 0
