12577267
0 1.24837 0.162968 3.29648 2 746.458 255.995 398.111 185.541
1 1.24067 0.386498 3.08222 2 763.156 217.209 407.016 157.43
2 1.22306 0.604042 2.86477 2 780.122 173.578 416.065 125.807
3 1.22498 0.689872 2.78988 2 788.435 155.033 420.499 112.365
4 1.07344 0.546744 2.93484 2 737.619 186.139 393.397 134.911
5 1.01709 0.343033 3.06271 2 713.974 224.125 380.786 162.443
6 1.04293 0.160592 3.13011 1 714.652 255.071 381.148 184.872
7 1.05432 0.0876576 3.13945 1 716.479 266.985 382.122 193.507
8 1.37555 0.491339 2.94942 2 807.416 196.192 430.622 142.197
9 1.478 0.303227 3.06515 2 818.4 230.721 436.48 167.223
10 1.60886 0.155877 3.05245 2 849.212 255.17 452.913 184.944
11 1.62355 0.137101 2.92845 2 867.754 257.362 462.802 186.533
12 1.16127 0.168628 3.26523 2 730.35 254.883 389.52 184.736
13 1.16795 -0.17268 3.30985 2 728.409 307.806 388.485 223.093
14 1.15924 -0.4111 3.46581 2 715.657 341.674 381.684 247.641
15 1.16048 -0.502429 3.42043 2 719.07 356.114 383.504 258.107
16 1.30943 0.153915 3.25905 2 762.578 257.112 406.708 186.351
17 1.3443 -0.184255 3.30297 2 766.221 309.679 408.651 224.451
18 1.32657 -0.388606 3.41969 2 752.964 339.198 401.581 245.846
19 1.30961 -0.482715 3.32827 2 756.878 355.235 403.668 257.469
20 1.22694 0.545002 2.91364 2 776.099 185.721 413.92 134.608
21 1.06631 0.0213516 3.17391 2 716.562 277.783 382.166 201.334
22 1.07957 0.0909161 3.10606 2 724.687 266.293 386.5 193.005
23 1.63767 0.0831531 2.87482 2 878.035 266.487 468.285 193.146
24 1.64883 0.171425 2.91633 2 875.114 251.285 466.728 182.128
1
3
-0.0503039 0.00683262 0.926455 -0.372967
-0.0505759 0.00694209 0.92644 -0.372965
-0.0577298 -0.0060552 0.938798 -0.339543
0 0 0 0
0.320552 0.665093 -0.634717 0.228104
0.236564 0.92995 -0.178102 -0.217967
0.105769 0.808218 0.154541 0.558314
0.00929984 0.825401 0.0990503 0.555712
0.302679 0.775813 0.492712 -0.252454
-0.0696874 0.464863 0.329885 0.818671
-0.258071 0.7065 0.245585 0.611511
-0.630187 0.703859 -0.16887 0.280944
-0.139524 -0.588657 0.714883 -0.350653
-0.050894 -0.671435 0.0415031 0.738148
0.194944 0.691354 -0.209192 -0.663524
0 0 0 0
0.0395317 0.614988 0.660105 -0.429521
0.013484 0.739565 0.0809622 0.668062
0.215372 0.713669 0.143767 0.650863
0 0 0 0
-0.0566803 -0.00772328 0.915796 -0.39755
0 0 0 0
0 0 0 0
0 0 0 0
0 0 0 0
