12582227
0 -0.437777 -0.257682 2.46001 2 361.272 334.35 192.678 242.332
1 -0.476727 0.0358757 2.36031 2 344.731 273.501 183.856 198.23
2 -0.51352 0.31967 2.24599 2 325.997 208.854 173.865 151.374
3 -0.47262 0.435422 2.23503 2 337.774 182.109 180.146 131.99
4 -0.560935 0.173711 2.16529 2 304.97 240.423 162.651 174.256
5 -0.56049 -0.0717073 2.18883 2 307.114 297.859 163.794 215.884
6 -0.506407 -0.2618 2.25566 2 328.941 340.181 175.435 246.559
7 -0.486659 -0.343148 2.29515 2 337.515 357.193 180.008 258.888
8 -0.422275 0.235648 2.39239 2 362.288 231.249 193.221 167.606
9 -0.35266 0.0419548 2.53389 1 388.194 272.828 207.037 197.742
10 -0.3256 -0.151216 2.62422 1 398.592 310.383 212.583 224.962
11 -0.335004 -0.199271 2.66571 1 397.473 319.065 211.986 231.254
12 -0.463187 -0.266878 2.37873 2 349.634 338.161 186.472 245.094
13 -0.463408 -0.589367 2.52845 2 357.22 399.819 190.517 289.783
14 -0.499108 -0.904407 2.72793 2 357.141 450.305 190.475 326.375
15 -0.422624 -0.952746 2.7054 2 375.666 460.851 200.355 334.019
16 -0.39976 -0.243533 2.47231 2 372.544 331.154 198.69 240.016
17 -0.452356 -0.569436 2.52228 2 359.973 396.057 191.986 287.057
18 -0.466736 -0.811271 2.89526 2 372.386 423.914 198.606 307.247
19 -0.393048 -0.878489 2.87565 2 389.328 436.844 207.641 316.619
20 -0.505431 0.249892 2.27696 2 330.713 225.459 176.38 163.409
21 -0.473061 -0.408515 2.3182 2 342.974 370.798 182.919 268.749
22 -0.466025 -0.307012 2.29778 2 343.964 349.075 183.447 253.005
23 -0.328064 -0.229871 2.67405 1 399.521 324.746 213.078 235.371
24 -0.341019 -0.174146 2.62332 1 394.498 314.827 210.399 228.182
1
0
0.460263 -0.131669 0.87058 -0.113631
0.462575 -0.13197 0.869354 -0.113281
0.464553 -0.145603 0.859454 -0.155976
0 0 0 0
-0.260632 0.744587 -0.414019 0.454146
0.0443042 0.932537 0.0179696 0.357896
-0.0476141 0.427376 0.205331 0.87916
-0.00575214 0.413209 0.245977 0.876767
0.337146 0.677033 0.580106 0.302386
0.217988 0.86591 0.254438 0.371405
0.224055 0.901978 -0.0217454 -0.36846
0.298356 0.879185 -0.191382 -0.318418
-0.407841 0.609415 -0.529138 0.426957
0.206758 0.936755 -0.0611782 -0.275679
0.257207 0.930819 -0.11546 -0.232571
0 0 0 0
0.234001 0.577004 0.782396 0.0129147
0.109043 0.732124 -0.00744492 0.672346
0.184629 0.308145 0.440498 0.822751
0 0 0 0
0.464219 -0.142546 0.864183 -0.13179
0 0 0 0
0 0 0 0
0 0 0 0
0 0 0 0
