12492586
0 -0.388509 -0.236234 2.4753 2 375.829 329.591 200.442 238.883
1 -0.423445 0.0487603 2.36389 2 360.564 270.755 192.301 196.24
2 -0.454295 0.327148 2.24141 2 344.023 207.06 183.479 150.074
3 -0.417028 0.441931 2.23053 2 354.775 180.476 189.214 130.807
4 -0.494148 0.182546 2.16558 2 326.452 238.396 174.108 172.786
5 -0.473598 -0.0523761 2.18664 2 334.584 293.367 178.445 212.628
6 -0.399881 -0.264151 2.27011 2 362.499 340.249 193.333 246.608
7 -0.378991 -0.336127 2.31748 2 371.169 354.819 197.957 257.168
8 -0.363941 0.230389 2.37326 1 378.319 232.002 201.77 168.152
9 -0.332137 0.0243343 2.5088 1 392.882 276.301 209.537 200.259
10 -0.317089 -0.138153 2.69358 1 402.981 307.172 214.923 222.634
11 -0.301237 -0.191852 2.68847 1 406.875 317.335 217 230
12 -0.416283 -0.250897 2.39968 2 364.378 334.244 194.335 242.256
13 -0.419019 -0.53622 2.52476 2 369.296 389.183 196.958 282.075
14 -0.450534 -0.872996 2.76257 2 370.982 442.296 197.857 320.57
15 -0.373696 -0.940016 2.72304 2 388.852 457.25 207.387 331.409
16 -0.349543 -0.215721 2.48463 2 387.092 325.2 206.449 235.7
17 -0.321416 -0.469821 2.73356 2 402.89 368.406 214.875 267.016
18 -0.390438 -0.810857 2.95993 2 392.719 420.64 209.45 304.874
19 -0.339591 -0.860108 2.89784 2 402.862 432.35 214.86 313.361
20 -0.447102 0.258514 2.27393 2 348.312 223.499 185.767 161.989
21 -0.364121 -0.409689 2.33824 2 376.499 370.179 200.8 268.3
22 -0.34973 -0.291469 2.34882 2 381.348 344.137 203.386 249.426
23 -0.296593 -0.199615 2.68337 1 407.918 318.869 217.556 231.112
24 -0.298387 -0.202336 2.65589 1 406.662 319.779 216.886 231.772
1
0
0.436609 -0.133799 0.878663 -0.139363
0.440114 -0.134354 0.876913 -0.138828
0.443617 -0.142611 0.86778 -0.172697
0 0 0 0
-0.27345 0.746585 -0.393406 0.461592
0.0222729 0.906488 0.0581353 0.417616
-0.0937498 0.30686 0.220607 0.921076
-0.0368002 0.276804 0.304537 0.910649
0.305419 0.727081 0.548304 0.278272
0.262612 0.738512 -0.129391 -0.607366
0.412147 0.910554 0.023828 -0.0214146
-0.0416705 0.988288 0.143876 -0.0291693
-0.365903 0.62892 -0.525908 0.440448
0.19393 0.931981 -0.0669026 -0.298875
0.269383 0.893555 -0.14209 -0.329852
0 0 0 0
0.239114 0.521054 0.818947 -0.0255659
0.0820704 0.300305 0.370412 0.875144
0.207561 0.434177 0.2148 0.849864
0 0 0 0
0.444061 -0.137905 0.871713 -0.154624
0 0 0 0
0 0 0 0
0 0 0 0
0 0 0 0
