12478980
0 1.04499 0.125988 3.26304 2 705.596 261.548 376.318 189.566
1 1.0332 0.388802 3.10876 2 714.185 217.459 380.899 157.611
2 1.01736 0.645507 2.94372 2 723.638 169.306 385.94 122.711
3 0.954982 0.760783 2.91308 2 711.338 147.917 379.38 107.209
4 0.932897 0.589149 3.10573 2 692.038 184.514 369.087 133.733
5 0.926393 0.423602 3.24266 1 681.624 214.701 363.533 155.612
6 0.899269 0.616898 3.19344 1 678.955 182.777 362.109 132.474
7 0.917199 0.617518 3.10588 1 688.531 179.86 367.216 130.36
8 1.09398 0.52447 2.88733 2 746.76 188.5 398.272 136.622
9 1.14149 0.28473 2.93492 2 753.651 231.709 401.947 167.939
10 1.06888 0.545163 2.93464 1 736.552 186.41 392.828 135.108
11 1.04876 0.615904 2.88194 1 736.373 172.131 392.732 124.758
12 0.991633 0.138065 3.27147 2 693.627 259.73 369.934 188.248
13 1.06858 -0.126466 3.44339 2 698.66 299.909 372.619 217.37
14 1.13479 -0.371813 3.52274 2 707.006 334.988 377.07 242.795
15 1.0834 -0.439917 3.54079 2 695.766 344.498 371.075 249.687
16 1.07608 0.111676 3.18518 2 717.888 263.346 382.874 190.87
17 1.16415 -0.178666 3.31443 2 727.27 308.689 387.877 223.733
18 1.18663 -0.412413 3.45368 2 722.02 342.094 385.078 247.945
19 1.14384 -0.498507 3.43959 2 714.37 355.103 380.997 257.374
20 1.02217 0.58232 2.98707 2 721.214 181.751 384.647 131.73
21 0.922123 0.653878 3.08988 2 690.746 173.31 368.398 125.613
22 0.905124 0.578977 3.08345 2 687.265 185.514 366.541 134.458
23 1.04697 0.663369 2.88218 2 735.94 163.726 392.501 118.666
24 1.06098 0.64924 2.87057 2 740.353 165.76 394.855 120.141
1
1
-0.378556 0.0844281 0.88745 -0.248997
-0.404318 0.0916657 0.876013 -0.246424
-0.428351 0.103397 0.853227 -0.278977
0 0 0 0
0.437732 0.664597 -0.575637 -0.187998
0.203783 0.5293 0.270864 0.777783
-0.172175 -0.0455378 0.974923 -0.133444
0.031455 0.110617 0.708857 -0.695914
-0.163346 0.67878 0.510279 -0.502187
0.133607 0.826011 0.0270275 -0.546922
0.825234 -0.0754373 0.548289 0.112597
0.816365 -0.325998 0.473777 -0.0530035
-0.263754 -0.61422 0.734517 -0.116849
-0.212186 -0.326859 0.218338 0.894689
-0.128092 -0.0079856 0.151007 0.980166
0 0 0 0
-0.308031 0.588066 0.566546 -0.488182
0.143747 0.912712 0.197847 0.327338
0.224318 0.879762 0.1469 0.392583
0 0 0 0
-0.42985 0.101403 0.859073 -0.258728
0 0 0 0
0 0 0 0
0 0 0 0
0 0 0 0
