12530455
0 1.02481 0.126794 3.25196 2 702.021 261.358 374.411 189.428
1 1.01729 0.384441 3.09449 2 711.664 217.89 379.554 157.923
2 1.00597 0.635498 2.92569 2 722.404 170.367 385.282 123.48
3 0.959595 0.752239 2.88985 2 714.28 148.351 380.949 107.522
4 0.928196 0.588489 3.08864 2 692.138 184.086 369.141 133.423
5 0.923564 0.408344 3.23847 2 681.261 217.018 363.339 157.292
6 0.909116 0.184298 3.30133 1 674.283 252.819 359.618 183.24
7 0.903287 0.139385 3.32455 1 671.704 259.892 358.242 188.367
8 1.09597 0.512544 2.87367 2 748.492 190.177 399.196 137.837
9 1.15413 0.266078 2.94572 2 755.644 235.12 403.01 170.412
10 1.13099 0.0673684 3.0361 2 742.122 269.895 395.798 195.616
11 1.11926 0.0311478 3.06456 1 737.024 276.028 393.08 200.062
12 0.970422 0.14351 3.25455 2 690.178 258.77 368.095 187.553
13 0.968186 -0.150988 3.40492 2 680.528 303.768 362.948 220.167
14 1.03404 -0.367817 3.54449 2 685.776 334.037 365.747 242.105
15 0.945662 -0.440877 3.47865 2 671.961 345.708 358.379 250.564
16 1.05783 0.107155 3.17939 2 714.304 264.041 380.962 191.373
17 1.14622 -0.183058 3.30772 2 723.979 309.418 386.122 224.262
18 1.15774 -0.409108 3.45139 2 716.329 341.634 382.042 247.611
19 1.10421 -0.490358 3.4364 2 706.528 353.942 376.815 256.532
20 1.00955 0.573759 2.97 2 719.62 182.655 383.797 132.386
21 0.89827 0.080096 3.34698 2 669.375 269.045 357 195
22 0.88273 0.120301 3.32817 2 667.186 262.836 355.833 190.5
23 1.11976 -0.0401775 3.10424 2 733.874 287.809 391.399 208.6
24 1.08265 0.0541782 3.0606 2 728.994 272.188 388.797 197.278
1
1
-0.359529 0.0891686 0.892881 -0.25603
-0.390615 0.0980909 0.879726 -0.252746
-0.420087 0.112847 0.853986 -0.285482
0 0 0 0
0.46291 0.640928 -0.580214 -0.195643
-0.220216 -0.630765 0.259172 0.697475
-0.00651477 -0.266573 0.139541 0.953638
-0.00658724 -0.261816 0.24227 0.934192
-0.12176 0.692504 0.520941 -0.483976
0.160492 0.959398 0.0786132 -0.218216
-0.0440633 -0.428452 0.213216 0.876941
-0.0264868 -0.423201 0.34397 0.837785
-0.240222 -0.575022 0.767493 -0.150326
-0.0894102 -0.385001 0.216118 0.89279
-0.219264 -0.338677 0.211095 0.890315
0 0 0 0
-0.274168 0.61051 0.552496 -0.496847
0.138844 0.906928 0.200519 0.343505
0.25001 0.888956 0.126096 0.362425
0 0 0 0
-0.421667 0.110173 0.860072 -0.265207
0 0 0 0
0 0 0 0
0 0 0 0
0 0 0 0
