12572720
0 -0.430577 -0.241473 2.46962 2 363.785 330.803 194.019 239.761
1 -0.463571 0.0456037 2.36017 2 348.587 271.411 185.913 196.715
2 -0.496246 0.324006 2.23625 2 330.668 207.564 176.356 150.439
3 -0.459967 0.444941 2.23072 2 341.416 179.749 182.089 130.28
4 -0.524365 0.178397 2.15755 2 316.122 239.194 168.598 173.364
5 -0.474462 -0.0636054 2.18829 2 334.42 295.962 178.357 214.509
6 -0.394832 -0.239514 2.2892 2 365.069 334.28 194.703 242.282
7 -0.361241 -0.307271 2.33463 2 377.295 347.971 201.224 252.205
8 -0.405173 0.215915 2.38358 1 366.82 235.278 195.637 170.526
9 -0.559941 0.0548049 2.31209 1 316.791 269.171 168.955 195.092
10 -0.744151 0.13657 2.26641 1 256.643 250.513 136.876 181.568
11 -0.776238 0.0849063 2.28739 1 248.965 262.297 132.781 190.109
12 -0.457429 -0.265545 2.3887 2 351.872 337.634 187.665 244.712
13 -0.440724 -0.552069 2.51801 2 362.988 392.714 193.594 284.634
14 -0.49652 -0.899541 2.72214 2 357.534 449.749 190.685 325.972
15 -0.420048 -0.952453 2.70532 2 376.323 460.8 200.706 333.981
16 -0.396143 -0.2157 2.4867 2 374.218 325.18 199.583 235.686
17 -0.520537 -0.481507 2.44415 2 336.716 381.433 179.582 276.458
18 -0.503207 -0.787411 2.76983 2 358.168 426.05 191.023 308.795
19 -0.441558 -0.833486 2.81039 2 375.177 432.305 200.094 313.329
20 -0.488376 0.255578 2.26939 2 335.415 224.009 178.888 162.359
21 -0.331998 -0.371006 2.36188 2 387.037 360.909 206.42 261.582
22 -0.341679 -0.276692 2.339 2 383.308 341.186 204.431 247.287
23 -0.777698 0.0940397 2.29402 1 249.202 260.322 132.908 188.678
24 -0.767537 0.0805075 2.26091 1 248.877 263.066 132.735 190.667
0
1
0.485206 -0.13636 0.853872 -0.129937
0.478063 -0.135271 0.857892 -0.131071
0.467749 -0.153387 0.853712 -0.169883
0 0 0 0
-0.302694 0.741749 -0.365861 0.473636
0.0014927 0.851951 0.118515 0.51003
-0.0897556 0.347866 0.297065 0.884695
-0.089328 0.341145 0.328638 0.876149
0.305161 0.730425 0.521287 0.318774
-0.120954 0.911547 -0.376758 0.11183
-0.067788 -0.521038 0.832609 -0.175177
0.208822 0.938964 -0.234234 0.140976
-0.351616 0.645089 -0.490419 0.468738
0.21 0.943787 -0.0283365 -0.253701
0.239058 0.940161 -0.125748 -0.207694
0 0 0 0
0.314323 0.468499 0.82442 0.0451788
0.0630132 0.798102 -0.218754 0.557861
0.00165213 0.052569 0.397415 0.916131
0 0 0 0
0.468966 -0.145103 0.858105 -0.150572
0 0 0 0
0 0 0 0
0 0 0 0
0 0 0 0
