12477568
0 -0.402944 -0.1704 2.52086 2 373.872 315.467 199.399 228.646
1 -0.409329 0.112733 2.43312 2 368.092 257.73 196.316 186.799
2 -0.412497 0.388292 2.33274 2 361.901 196.667 193.014 142.541
3 -0.38228 0.510501 2.33215 2 370.695 169.913 197.704 123.15
4 -0.419384 0.236334 2.23553 2 354.587 227.565 189.113 164.936
5 -0.385498 -0.0199173 2.24203 2 365.545 285.713 194.957 207.081
6 -0.304532 -0.226871 2.28525 2 392.201 331.511 209.174 240.275
7 -0.283759 -0.306315 2.29937 2 398.945 348.739 212.771 252.761
8 -0.323574 0.277161 2.46891 1 393.699 224.321 209.973 162.585
9 -0.368039 0.355646 2.68922 1 389.655 214.156 207.816 155.217
10 -0.420663 0.557812 2.82164 1 381.035 180.784 203.219 131.03
11 -0.361296 0.572764 2.83808 1 396.099 178.721 211.253 129.534
12 -0.418573 -0.181471 2.4564 2 366.558 318.664 195.498 230.963
13 -0.390468 -0.530911 2.56066 2 378.651 386.571 201.947 280.181
14 -0.446084 -0.877535 2.7734 2 372.536 442.498 198.686 320.717
15 -0.367201 -0.941762 2.72157 2 390.454 457.672 208.242 331.714
16 -0.376752 -0.154857 2.51899 2 380.987 312.355 203.193 226.39
17 -0.31653 -0.383738 2.78885 1 405.779 350.952 216.416 254.365
18 -0.411175 -0.803665 2.90597 2 386.068 421.999 205.903 305.859
19 -0.345217 -0.861396 2.89933 2 401.559 432.503 214.165 313.472
20 -0.412177 0.320493 2.35997 2 363.491 212.284 193.862 153.861
21 -0.262682 -0.360696 2.31819 2 405.873 360.108 216.465 261.001
22 -0.312509 -0.33122 2.30214 2 390.398 354.178 208.212 256.703
23 -0.332174 0.612696 2.8649 1 403.924 172.585 215.426 125.087
24 -0.357671 0.605412 2.83015 1 396.708 172.539 211.577 125.054
0
0
0.478713 -0.0819944 0.865053 -0.125671
0.48983 -0.0836084 0.858807 -0.124603
0.499722 -0.0985136 0.845136 -0.162225
0 0 0 0
-0.365318 0.718331 -0.294555 0.513596
-0.0080367 0.950226 0.0663866 0.304301
-0.201322 -0.651824 -0.0490185 0.729515
-0.151015 -0.663737 -0.0212006 0.732256
0.287703 0.746594 0.519415 0.300054
-0.569189 -0.478154 0.583837 0.326384
-0.0173189 -0.116683 0.953093 0.278747
0.566685 -0.293949 -0.544801 -0.543741
-0.388769 0.58976 -0.516276 0.484253
0.149269 0.949201 -0.00308213 -0.276995
0.227596 0.898572 -0.161203 -0.338796
0 0 0 0
0.111162 0.48546 0.861593 -0.0981329
-0.269296 -0.406137 0.329621 0.80863
0.123538 0.123626 0.118672 0.977431
0 0 0 0
0.501399 -0.0913268 0.848636 -0.141685
0 0 0 0
0 0 0 0
0 0 0 0
0 0 0 0
