12488219
0 -0.403867 -0.238248 2.47613 2 371.573 329.995 198.172 239.176
1 -0.433572 0.0492525 2.36282 2 357.539 270.643 190.688 196.159
2 -0.460006 0.329562 2.23725 2 341.984 206.365 182.392 149.571
3 -0.424868 0.446929 2.22928 2 352.255 179.266 187.869 129.929
4 -0.49668 0.181903 2.15865 2 325.127 238.407 173.401 172.794
5 -0.466242 -0.0572588 2.1841 2 336.747 294.514 179.599 213.46
6 -0.373715 -0.267361 2.28722 2 371.333 340.5 198.044 246.79
7 -0.355155 -0.323579 2.33533 2 379.115 351.499 202.195 254.762
8 -0.357611 0.220351 2.35979 1 379.575 233.883 202.44 169.515
9 -0.325832 0.0143439 2.49531 1 394.132 278.301 210.204 201.709
10 -0.312848 -0.185415 2.63374 1 402.23 316.853 214.522 229.651
11 -0.315634 -0.178113 2.71502 2 403.979 314.421 215.456 227.888
12 -0.433822 -0.261706 2.40484 2 359.574 336.425 191.773 243.836
13 -0.425892 -0.523432 2.51076 2 366.768 387.193 195.61 280.632
14 -0.452136 -0.87739 2.76723 2 370.768 442.838 197.743 320.963
15 -0.374804 -0.939745 2.72372 2 388.593 457.155 207.25 331.34
16 -0.363634 -0.208653 2.48164 2 383.055 323.814 204.296 234.696
17 -0.328707 -0.460202 2.73267 2 401.028 366.645 213.882 265.739
18 -0.393221 -0.805761 2.96358 2 392.186 419.586 209.166 304.11
19 -0.339391 -0.858715 2.89809 2 402.918 432.089 214.89 313.173
20 -0.453828 0.260562 2.27078 2 346.065 222.954 184.568 161.594
21 -0.326625 -0.394056 2.36879 2 388.867 365.628 207.395 265.002
22 -0.326676 -0.278768 2.37158 2 389.07 340.793 207.504 247.002
23 -0.31788 -0.201989 2.72681 2 403.749 318.714 215.333 230.999
24 -0.311771 -0.156658 2.68241 2 404.004 310.773 215.469 225.244
3
0
0.417899 -0.123304 0.887918 -0.147506
0.415782 -0.122952 0.888912 -0.147799
0.412519 -0.132112 0.882086 -0.1852
0 0 0 0
-0.292418 0.753168 -0.374768 0.454729
0.0204386 0.899614 0.0795267 0.428896
-0.137771 0.219592 0.252197 0.932306
-0.0654232 0.173081 0.356719 0.915704
0.25845 0.769015 0.535308 0.235087
0.292321 0.941568 0.0161678 -0.166546
0.0230367 0.161949 0.298471 0.940296
0.0869245 0.0564641 0.73291 0.672383
-0.317031 0.657503 -0.504331 0.461336
0.184943 0.92584 -0.0499126 -0.325768
0.27711 0.889853 -0.138041 -0.335137
0 0 0 0
0.222474 0.450269 0.863131 -0.0526118
0.083548 0.322892 0.375235 0.864846
0.202885 0.435975 0.219153 0.848962
0 0 0 0
0.413318 -0.126495 0.886461 -0.165391
0 0 0 0
0 0 0 0
0 0 0 0
0 0 0 0
