12454884
0 -0.461447 -0.222876 2.4274 2 352.881 327.796 188.203 237.582
1 -0.469436 0.053118 2.3208 2 344.521 269.601 183.745 195.403
2 -0.475829 0.323494 2.20474 2 334.895 206.64 178.611 149.77
3 -0.445068 0.436264 2.22351 2 345.617 181.428 184.329 131.496
4 -0.496583 0.164767 2.12776 2 322.848 241.875 172.186 175.308
5 -0.39512 -0.0585501 2.17029 2 358.534 294.887 191.218 213.73
6 -0.329938 -0.172573 2.31137 2 385.683 319.034 205.698 231.232
7 -0.332649 -0.220683 2.38082 2 387.748 328.177 206.799 237.858
8 -0.35835 0.256433 2.45639 1 383.468 228.297 204.516 165.466
9 -0.584137 0.13457 2.44139 1 318.79 253.212 170.021 183.524
10 -0.390215 -0.0162017 2.51271 2 377.06 284.477 201.099 206.185
11 -0.346593 -0.0522092 2.54442 2 390.236 291.599 208.126 211.347
12 -0.475096 -0.226106 2.36531 2 345.41 329.73 184.219 238.984
13 -0.385366 -0.468372 2.4559 1 375.632 378.091 200.337 274.035
14 -0.466285 -0.847985 2.62395 2 360.814 446.001 192.434 323.256
15 -0.423054 -0.928896 2.64846 2 373.224 460.121 199.053 333.489
16 -0.435685 -0.213719 2.42584 2 360.164 325.895 192.087 236.204
17 -0.441053 -0.571567 2.48515 2 361.256 398.218 192.67 288.623
18 -0.468707 -0.908718 2.73395 1 365.141 450.719 194.742 326.675
19 -0.397305 -0.96402 2.71631 2 382.565 462.242 204.035 335.027
20 -0.474494 0.256804 2.23571 2 337.47 222.872 179.984 161.535
21 -0.297966 -0.262013 2.43109 2 399.572 335.813 213.105 243.393
22 -0.37536 -0.241813 2.35536 2 374.149 333.264 199.546 241.545
23 -0.298366 -0.0950047 2.53886 2 403.129 300.149 215.002 217.544
24 -0.302978 -0.0260864 2.5272 2 401.506 286.435 214.137 207.604
0
1
0.466246 -0.0989837 0.865368 -0.154773
0.504438 -0.105799 0.843676 -0.150196
0.542503 -0.127521 0.811858 -0.174112
0 0 0 0
-0.277998 0.719386 -0.319658 0.550472
-0.0788736 0.711262 0.212734 0.665304
0.446458 0.742081 -0.0699983 -0.495067
0.392076 0.766185 -0.248374 -0.444462
0.410709 0.632163 0.574955 0.317985
0.510561 -0.135967 0.0474649 0.847695
-0.262559 0.50352 0.369239 0.735658
-0.181277 0.45924 0.435296 0.752831
-0.428783 0.562416 -0.53923 0.457235
0.204088 0.94582 0.126047 -0.218824
0.196908 0.971851 -0.111662 -0.0653107
0 0 0 0
0.130304 0.562901 0.806349 -0.12635
0.0338588 0.326138 0.0750808 0.941727
0.117763 0.256738 0.291022 0.91407
0 0 0 0
0.544483 -0.118863 0.815338 -0.156953
0 0 0 0
0 0 0 0
0 0 0 0
0 0 0 0
