12580598
0 1.06322 0.0999476 3.1913 2 714.615 265.255 381.128 192.253
1 1.03528 0.359963 3.03398 2 720.372 220.723 384.198 159.977
2 1.00408 0.614153 2.86722 2 726.823 171.899 387.639 124.59
3 0.996157 0.706227 2.8044 2 730.371 152.661 389.531 110.647
4 0.878085 0.546832 2.97478 2 688.393 187.527 367.143 135.917
5 0.858506 0.322076 3.10396 2 675.208 228.414 360.111 165.551
6 0.880188 0.116143 3.15122 2 677.01 262.466 361.072 190.232
7 0.897384 0.0636587 3.16972 2 679.646 270.996 362.478 196.414
8 1.15886 0.513514 2.90823 2 760.385 191.076 405.538 138.489
9 1.21868 0.318672 3.00819 2 764.949 227.143 407.973 164.63
10 1.16396 0.161336 2.87436 2 764.79 252.567 407.888 183.057
11 1.14893 0.108793 2.83384 2 765.121 261.62 408.064 189.618
12 0.98046 0.100934 3.17077 2 697.882 265.005 372.203 192.072
13 1.03226 -0.160215 3.35426 2 696.867 305.527 371.662 221.442
14 1.06605 -0.388319 3.47852 2 696.079 338.068 371.242 245.027
15 1.03404 -0.474876 3.3785 2 695.868 352.823 371.13 255.721
16 1.12278 0.096857 3.14241 2 731.489 265.498 390.128 192.429
17 1.22779 -0.176982 3.28545 2 742.974 308.685 396.253 223.73
18 1.26406 -0.404208 3.41969 2 740.213 341.509 394.78 247.521
19 1.23014 -0.490618 3.32032 2 740.852 356.604 395.121 258.462
20 1.01264 0.551544 2.91086 2 725.167 184.537 386.756 133.75
21 0.894144 -0.00330197 3.18474 2 678 281.738 361.6 204.2
22 0.924059 0.0641017 3.15324 2 686.583 270.868 366.178 196.321
23 1.11138 0.0789234 2.8221 2 757.004 266.942 403.736 193.476
24 1.18224 0.113262 2.80232 2 776.588 260.581 414.18 188.866
1
0
-0.100038 -0.0194668 0.957073 -0.271337
-0.117443 -0.0145245 0.955094 -0.271647
-0.135303 -0.0155748 0.943046 -0.303503
0 0 0 0
0.340553 0.716542 -0.606808 0.0487412
0.20617 0.844546 -0.158832 -0.467983
0.0289408 0.613927 0.119897 0.779667
-0.0148276 0.614539 0.221924 0.756883
0.180577 0.751528 0.58443 -0.24706
0.118753 0.812018 0.238222 0.519399
-0.207091 0.781536 -0.298269 0.507297
-0.20027 0.787361 -0.27153 0.515971
-0.0943873 -0.653835 0.704892 -0.258298
-0.251693 -0.591684 0.181168 0.744136
-0.199214 -0.573956 0.157819 0.778448
0 0 0 0
-0.0683109 0.599801 0.689416 -0.400348
0.080968 0.764619 0.271735 0.578759
0.170243 0.778834 0.211027 0.565599
0 0 0 0
-0.135126 -0.0115242 0.948842 -0.285144
0 0 0 0
0 0 0 0
0 0 0 0
0 0 0 0
