12482255
0 -0.350276 -0.18127 2.60039 2 391.246 316.516 208.664 229.406
1 -0.333353 0.107161 2.50389 2 392.353 259.542 209.255 188.112
2 -0.314681 0.388785 2.39618 2 393.413 198.895 209.82 144.156
3 -0.271156 0.49773 2.37775 2 405.254 174.906 216.135 126.769
4 -0.450033 0.268804 2.34401 2 351.521 223.002 187.478 161.629
5 -0.531387 0.0301209 2.38183 2 330.064 274.792 176.034 199.165
6 -0.541174 -0.183391 2.39217 2 327.825 320.144 174.84 232.036
7 -0.542018 -0.255591 2.40536 2 328.385 335.193 175.139 242.943
8 -0.16752 0.328365 2.53446 2 438.471 215.604 233.851 156.267
9 0.043223 0.33007 2.66517 2 495.111 218.53 264.059 158.387
10 0.222936 0.32798 2.73223 2 540.106 220.425 288.057 159.761
11 0.311082 0.334308 2.75683 2 561.652 219.77 299.548 159.286
12 -0.395822 -0.176808 2.53415 2 376.393 316.566 200.743 229.443
13 -0.423579 -0.509487 2.57527 2 370.369 381.746 197.53 276.684
14 -0.438959 -0.863237 2.76604 2 374.038 440.272 199.487 319.103
15 -0.373353 -0.936926 2.72386 2 388.97 456.613 207.451 330.947
16 -0.295817 -0.181138 2.60038 2 405.696 316.473 216.371 229.376
17 -0.298165 -0.494238 2.77975 2 410.006 371.412 218.67 269.194
18 -0.407214 -0.818649 2.96152 2 388.836 421.925 207.379 305.806
19 -0.327939 -0.831817 2.9523 2 407.129 424.608 217.136 307.75
20 -0.319658 0.319398 2.42519 2 393.146 214.442 209.678 155.425
21 -0.537161 -0.330301 2.43248 2 331.445 350.218 176.771 253.833
22 -0.507792 -0.242863 2.40373 2 338.184 332.513 180.365 241.001
23 0.369476 0.32436 2.77342 2 575.715 221.935 307.048 160.855
24 0.322465 0.297395 2.75969 2 564.396 226.621 301.011 164.252
3
0
0.268207 -0.0165501 0.949472 -0.162152
0.285224 -0.019461 0.9445 -0.161828
0.299929 -0.0280264 0.932925 -0.197248
0 0 0 0
-0.0662234 0.731759 -0.582385 0.347808
0.045853 0.968715 -0.172825 -0.172108
0.0330215 0.63364 0.00418984 0.772912
0.0617328 0.632032 0.0660772 0.769648
0.330273 0.682345 0.644071 0.102459
-0.316974 0.369832 0.634795 0.599823
0.672324 0.432936 0.206231 -0.563928
0.689435 0.391618 0.243256 -0.558695
0.254417 -0.563044 0.680427 -0.394047
0.0332822 0.870293 -0.0660332 -0.486952
0.217059 0.890921 -0.11456 -0.382127
0 0 0 0
0.113638 0.69707 0.698782 -0.113504
0.131164 0.48186 0.221257 0.837647
0.159856 0.0519701 0.236385 0.957009
0 0 0 0
0.301387 -0.0248126 0.936545 -0.177295
0 0 0 0
0 0 0 0
0 0 0 0
0 0 0 0
