12454141
0 -0.485399 -0.233429 2.38457 2 343.532 330.903 183.217 239.834
1 -0.469634 0.0400173 2.28095 2 342.011 272.311 182.406 197.367
2 -0.447199 0.307135 2.16733 2 341.498 209.215 182.132 151.636
3 -0.415138 0.416796 2.19273 2 353.163 184.582 188.353 133.782
4 -0.470076 0.14668 2.08522 2 328.389 245.491 175.141 177.928
5 -0.407616 -0.0890548 2.07905 2 348.817 302.937 186.036 219.564
6 -0.333411 -0.189623 2.2395 2 381.432 324.118 203.43 234.916
7 -0.336562 -0.202301 2.29325 2 382.889 325.914 204.207 236.218
8 -0.329751 0.240085 2.41895 1 390.087 230.919 208.046 167.367
9 -0.380229 0.00386433 2.49535 1 379.079 280.426 202.176 203.249
10 -0.307683 -0.171792 2.49609 1 399.14 316.058 212.875 229.075
11 -0.249245 -0.193471 2.48526 1 414.974 320.613 221.319 232.376
12 -0.499205 -0.238288 2.32313 2 335.657 333.3 179.017 241.572
13 -0.412275 -0.475378 2.42169 2 366.379 380.973 195.402 276.124
14 -0.46799 -0.846324 2.61532 2 359.953 446.225 191.975 323.418
15 -0.422817 -0.924732 2.64263 2 373.044 459.71 198.957 333.191
16 -0.458446 -0.222876 2.38251 2 351.267 328.678 187.343 238.222
17 -0.463022 -0.547186 2.44297 2 352.908 395.171 188.217 286.415
18 -0.462048 -0.874122 2.70626 1 365.654 445.9 195.016 323.182
19 -0.399772 -0.955539 2.70867 2 381.651 461.15 203.547 334.235
20 -0.453423 0.241372 2.19804 2 341.614 225.453 182.194 163.405
21 -0.341874 -0.236377 2.3354 2 383.126 332.511 204.334 241
22 -0.321447 -0.186203 2.26514 2 386.25 322.858 206 234.003
23 -0.249266 -0.199508 2.44475 1 413.819 322.519 220.703 233.758
24 -0.251174 -0.178782 2.42277 1 412.646 318.561 220.078 230.888
1
0
0.465884 -0.0611387 0.865929 -0.171412
0.507849 -0.0694833 0.842003 -0.168203
0.550163 -0.0857316 0.805419 -0.203151
0 0 0 0
-0.282789 0.694583 -0.31721 0.580485
-0.0879739 0.791406 0.0953575 0.597364
0.173338 0.611108 0.47193 0.611378
0.378983 0.44143 0.491702 0.647874
0.427175 0.650197 0.561229 0.282467
0.13242 0.214787 0.127551 0.959199
-0.0250062 0.971417 0.192978 0.135956
-0.224107 0.799894 0.527676 0.177491
0.380837 -0.534567 0.562584 -0.502693
0.227993 0.925854 0.103486 -0.283027
0.229497 0.96523 -0.0892326 -0.0877494
0 0 0 0
0.124166 0.549555 0.816347 -0.127081
0.0412209 0.376266 0.0825663 0.921904
0.108243 0.310281 0.314426 0.890587
0 0 0 0
0.553158 -0.078009 0.80937 -0.181248
0 0 0 0
0 0 0 0
0 0 0 0
0 0 0 0
