12474824
0 1.04118 0.120454 3.25329 2 705.447 262.355 376.238 190.151
1 1.03592 0.383442 3.10463 2 715.103 218.253 381.388 158.187
2 1.02605 0.639456 2.94564 2 725.531 170.425 386.95 123.522
3 0.979799 0.752134 2.89549 2 718.682 148.622 383.297 107.719
4 0.928689 0.597283 3.09498 2 691.827 182.834 368.975 132.516
5 0.907301 0.400876 3.21663 2 679.082 217.771 362.177 157.838
6 0.880215 0.594251 3.16739 1 676.358 185.628 360.724 134.541
7 0.898729 0.596133 3.0882 1 685.522 182.828 365.612 132.511
8 1.12309 0.522481 2.90219 2 752.39 189.318 401.274 137.215
9 1.16326 0.263562 2.96167 2 756.321 235.801 403.371 170.906
10 1.07622 0.519217 2.97184 1 735.078 192.061 392.041 139.203
11 1.05899 0.53816 2.88794 1 738.27 186.111 393.744 134.891
12 0.978773 0.132855 3.25779 2 691.758 260.455 368.938 188.774
13 1.07156 -0.123773 3.43188 2 699.994 299.573 373.33 217.126
14 1.13142 -0.373402 3.52462 2 706.221 335.188 376.651 242.94
15 1.07807 -0.442209 3.54001 2 694.765 344.84 370.541 249.935
16 1.08122 0.105484 3.17889 2 719.485 264.302 383.725 191.563
17 1.16166 -0.176843 3.32474 2 725.984 308.323 387.192 223.468
18 1.19111 -0.410295 3.44903 2 723.248 341.865 385.732 247.779
19 1.15049 -0.498293 3.42856 2 716.47 355.315 382.118 257.527
20 1.02936 0.576535 2.98743 2 722.861 182.749 385.526 132.454
21 0.915041 0.681287 3.0776 2 690 168.325 368 122
22 0.90417 0.596938 3.04 2 689.997 181.114 367.999 131.269
23 1.06288 0.62499 2.87743 2 740.188 170.342 394.767 123.461
24 1.00375 0.549978 2.89669 2 724.214 184.341 386.248 133.608
1
1
-0.321374 0.0760531 0.9121 -0.242918
-0.349985 0.0836778 0.901508 -0.240398
-0.377847 0.0929527 0.879391 -0.274341
0 0 0 0
0.430722 0.641386 -0.619846 -0.137452
0.162532 0.420506 0.224327 0.863965
-0.177599 -0.0446803 0.97396 -0.13366
0.0410306 0.119793 0.714065 -0.688533
-0.0913061 0.701778 0.543547 -0.451363
0.133879 0.879819 0.0156012 -0.455798
0.985305 0.0267472 -0.0464963 0.162164
0.776649 -0.599686 -0.0692657 0.179985
-0.224479 -0.618989 0.739467 -0.140182
-0.250178 -0.36928 0.202493 0.871803
-0.120675 -0.0492425 0.167773 0.977172
0 0 0 0
-0.26355 0.608031 0.585923 -0.466405
0.160755 0.884665 0.208603 0.384721
0.194943 0.879686 0.152847 0.40594
0 0 0 0
-0.378746 0.0920666 0.885326 -0.253522
0 0 0 0
0 0 0 0
0 0 0 0
0 0 0 0
