12483737
0 -0.320811 -0.202036 2.56581 2 397.909 321.086 212.218 232.719
1 -0.344441 0.0875962 2.46615 2 387.847 263.225 206.852 190.782
2 -0.368787 0.369546 2.35086 2 375.752 201.424 200.401 145.99
3 -0.332884 0.482044 2.33349 2 385.462 176.258 205.58 127.749
4 -0.464092 0.232001 2.28626 2 343.918 229.697 183.423 166.481
5 -0.488774 -0.0105468 2.31729 2 338.522 283.52 180.545 205.491
6 -0.464954 -0.190871 2.35928 2 348.063 322.261 185.634 233.57
7 -0.443796 -0.269813 2.38357 2 355.548 338.657 189.626 245.454
8 -0.257967 0.291155 2.48097 2 412.381 221.766 219.937 160.733
9 -0.227042 0.0848335 2.61645 1 424.312 264.812 226.3 191.932
10 -0.20889 -0.114446 2.72967 1 431.362 302.415 230.06 219.186
11 -0.1972 -0.191362 2.76632 1 434.952 316.203 231.975 229.18
12 -0.363235 -0.207901 2.49233 2 383.601 323.477 204.587 234.452
13 -0.391918 -0.526571 2.57823 2 378.99 384.988 202.128 279.034
14 -0.438789 -0.867391 2.76616 2 374.082 441.036 199.51 319.657
15 -0.376238 -0.938195 2.72576 2 388.302 456.731 207.094 331.032
16 -0.270001 -0.191037 2.57271 2 411.766 318.796 219.609 231.059
17 -0.265368 -0.480816 2.7849 2 418.284 368.77 223.085 267.28
18 -0.392834 -0.813553 2.96158 2 392.208 421.03 209.178 305.157
19 -0.331452 -0.862393 2.92887 2 405.653 431.128 216.348 312.476
20 -0.362624 0.300054 2.38191 2 379.031 217.324 202.15 157.513
21 -0.439259 -0.343226 2.39901 2 357.618 353.852 190.729 256.467
22 -0.414973 -0.236245 2.388 2 364.181 331.387 194.23 240.185
23 -0.194724 -0.244622 2.77921 1 435.779 325.747 232.415 236.097
24 -0.217134 -0.192586 2.76189 1 429.906 316.487 229.283 229.386
1
0
0.341421 -0.0936189 0.924565 -0.140876
0.350499 -0.0950001 0.921162 -0.139948
0.35748 -0.114537 0.909514 -0.178529
0 0 0 0
-0.148657 0.755584 -0.508531 0.385214
0.0725289 0.974292 -0.0358874 0.210255
0.00406147 0.515762 0.130369 0.846745
-0.0309824 0.517115 0.189982 0.83399
0.322064 0.702482 0.604531 0.193229
0.226454 0.85738 0.184432 0.423796
-0.145431 -0.411134 0.213241 0.874269
-0.154955 -0.406779 0.169714 0.884147
-0.318001 0.618486 -0.603652 0.389812
0.101997 0.905601 -0.0929722 -0.401048
0.206408 0.895678 -0.150621 -0.363966
0 0 0 0
0.174155 0.626006 0.75798 -0.0570278
0.123579 0.396818 0.28522 0.863663
0.226153 0.272089 0.174769 0.918846
0 0 0 0
0.358722 -0.106014 0.913594 -0.159451
0 0 0 0
0 0 0 0
0 0 0 0
0 0 0 0
