12576743
0 -0.413328 -0.207111 2.47755 2 369.016 323.592 196.809 234.535
1 -0.4637 0.0689126 2.37351 2 349.31 266.486 186.299 193.145
2 -0.51064 0.339169 2.25763 2 327.681 204.83 174.763 148.458
3 -0.472727 0.453485 2.27831 2 340.519 179.959 181.61 130.432
4 -0.532 0.192069 2.17588 2 315.093 236.35 168.05 171.303
5 -0.479383 -0.0380874 2.18202 2 332.427 290.07 177.294 210.239
6 -0.423424 -0.202835 2.24875 2 354.137 326.972 188.873 236.985
7 -0.400861 -0.253816 2.2893 2 363.237 337.457 193.727 244.584
8 -0.414474 0.277499 2.45682 2 367.664 223.918 196.088 162.292
9 -0.565599 0.144874 2.4197 1 322.622 250.802 172.065 181.778
10 -0.372845 0.28113 2.42842 1 378.157 222.509 201.684 161.272
11 -0.400705 0.325495 2.39014 1 368.343 212.104 196.449 153.73
12 -0.432374 -0.232218 2.36492 2 357.909 331.026 190.885 239.923
13 -0.436327 -0.538504 2.53141 2 364.856 389.374 194.59 282.213
14 -0.499148 -0.904838 2.72914 2 357.188 450.311 190.5 326.379
15 -0.420265 -0.952808 2.70477 2 376.245 460.904 200.664 334.057
16 -0.383158 -0.175661 2.5226 2 379.37 316.494 202.331 229.39
17 -0.374538 -0.459194 2.3976 2 376.115 378.502 200.595 274.333
18 -0.423369 -0.754466 2.72865 2 376.594 421.998 200.85 305.858
19 -0.335545 -0.785272 2.68373 2 397.438 430.204 211.967 311.806
20 -0.499496 0.272491 2.28871 2 333.286 220.727 177.752 159.98
21 -0.376319 -0.320082 2.31695 2 371.959 351.308 198.378 254.624
22 -0.388121 -0.222992 2.29683 2 367.503 330.444 196.002 239.502
23 -0.374879 0.383155 2.32588 2 372.751 197.574 198.801 143.199
24 -0.4192 0.366182 2.35481 2 361.107 202.245 192.59 146.585
1
1
0.577224 -0.17378 0.792468 -0.0927736
0.554947 -0.171131 0.808225 -0.0975738
0.532023 -0.181629 0.815486 -0.137638
0 0 0 0
-0.299315 0.733366 -0.357605 0.494675
-0.057163 0.792644 0.0973284 0.599145
-0.0953635 0.278063 0.221057 0.929904
-0.0841088 0.250997 0.350964 0.898193
0.363617 0.587267 0.617308 0.376605
0.328355 0.378337 -0.260505 0.825337
0.848297 -0.115879 -0.262321 -0.445144
0.859424 -0.219174 -0.321374 0.33177
-0.432454 0.624327 -0.453488 0.46642
0.243235 0.959954 -0.0396645 -0.133234
0.219265 0.942202 -0.129812 -0.217547
0 0 0 0
0.426715 0.445951 0.754181 0.224171
-0.146623 0.645501 -0.14548 0.735299
0.159368 0.226765 0.379186 0.882835
0 0 0 0
0.532378 -0.174458 0.819859 -0.118191
0 0 0 0
0 0 0 0
0 0 0 0
0 0 0 0
