12456498
0 -0.492729 -0.150463 2.53768 2 350.113 311.286 186.727 225.616
1 -0.493064 0.125098 2.45561 2 345.527 255.366 184.281 185.086
2 -0.489479 0.39499 2.36319 2 340.874 196.248 181.8 142.238
3 -0.442313 0.507265 2.38135 2 355.576 172.87 189.641 125.294
4 -0.52484 0.245766 2.25799 2 323.443 225.902 172.503 163.73
5 -0.598583 0.00968468 2.21402 2 297.166 278.987 158.488 202.206
6 -0.527813 -0.175387 2.31643 2 326.695 319.664 174.237 231.688
7 -0.522876 -0.21046 2.34998 2 330.391 326.694 176.209 236.784
8 -0.372275 0.327865 2.61481 1 385.857 217.636 205.791 157.739
9 -0.598082 0.205592 2.59995 1 325.173 241.047 173.426 174.707
10 -0.450865 0.0234717 2.69913 2 368.937 276.805 196.767 200.624
11 -0.388902 -0.0383051 2.74705 2 386.542 288.271 206.156 208.935
12 -0.508552 -0.156271 2.47069 2 342.013 313.307 182.407 227.08
13 -0.388674 -0.487016 2.56851 2 379.508 377.516 202.404 273.619
14 -0.428647 -0.876674 2.73124 2 375.232 444.837 200.124 322.412
15 -0.356688 -0.923914 2.76179 2 394.482 451.752 210.391 327.424
16 -0.464448 -0.141356 2.54064 2 357.99 309.422 190.928 224.265
17 -0.424586 -0.520582 2.57373 2 370.017 384.01 197.342 278.325
18 -0.554232 -0.765069 2.88765 2 351.106 416.158 187.256 301.625
19 -0.470549 -0.828559 2.82014 2 368.428 430.902 196.495 312.312
20 -0.490926 0.328419 2.38825 2 342.049 211.354 182.426 153.187
21 -0.506813 -0.238104 2.37153 2 336.48 332.194 179.456 240.77
22 -0.553295 -0.220255 2.32953 2 319.942 329.255 170.636 238.639
23 -0.34687 -0.0683999 2.74334 2 396.982 293.831 211.724 212.965
24 -0.355097 -0.0249909 2.72896 2 394.446 285.846 210.371 207.177
1
1
0.481085 -0.0706329 0.864729 -0.125748
0.514222 -0.0754512 0.845443 -0.122918
0.546953 -0.0909187 0.81774 -0.154524
0 0 0 0
-0.296119 0.68709 -0.388159 0.538102
-0.0209335 0.900529 -0.172255 0.398669
0.291543 0.765758 -0.0110325 -0.573145
0.336198 0.762749 -0.16593 -0.526927
0.410019 0.631421 0.575154 0.319985
0.506413 -0.183876 0.0765521 0.838973
-0.1389 0.523287 0.350219 0.764346
-0.138233 0.500772 0.413826 0.747574
-0.406759 0.565942 -0.540839 0.470903
0.179542 0.935467 0.121941 -0.278919
0.19887 0.976767 -0.0334787 0.0725027
0 0 0 0
0.158733 0.586916 0.792029 -0.0549882
-0.0224642 0.513324 0.0640053 0.85551
0.312785 0.317136 0.331742 0.831587
0 0 0 0
0.54859 -0.0843043 0.820765 -0.135227
0 0 0 0
0 0 0 0
0 0 0 0
0 0 0 0
