12525961
0 0.88782 0.142485 3.28798 2 670.532 259.177 357.617 187.848
1 0.848759 0.399671 3.13383 2 671.259 216.31 358.005 156.779
2 0.805882 0.650296 2.96821 2 672.003 169.552 358.402 122.889
3 0.743827 0.767292 2.94944 2 658.689 148.578 351.301 107.687
4 0.760576 0.597832 3.14421 1 651.29 184.426 347.355 133.669
5 0.770202 0.413791 3.32757 1 643.83 218.007 343.376 158.009
6 0.908369 0.265858 3.13831 1 684.142 238.098 364.876 172.57
7 0.928076 0.176731 3.07222 1 692.925 251.929 369.56 182.595
8 0.863765 0.541207 2.89434 2 690.672 185.903 368.359 134.74
9 0.647629 0.38064 2.81355 2 642.97 212.439 342.918 153.973
10 0.455633 0.321453 2.77318 2 597.206 222.418 318.51 161.205
11 0.356048 0.301524 2.75283 2 573.021 225.709 305.611 163.591
12 0.851134 0.154135 3.29417 2 662.42 257.429 353.29 186.581
13 0.918712 -0.120862 3.45642 2 667.581 298.987 356.043 216.701
14 0.975772 -0.385095 3.54337 2 674.38 336.511 359.669 243.899
15 0.878184 -0.45304 3.49819 2 657.47 347.078 350.651 251.558
16 0.905055 0.127569 3.21036 2 678.827 260.999 362.041 189.168
17 1.02652 -0.172544 3.29489 2 699.528 307.874 373.082 223.143
18 1.13713 -0.422078 3.45477 2 711.942 343.481 379.702 248.95
19 1.09751 -0.51064 3.42284 2 706.067 357.254 376.569 258.933
20 0.817253 0.58867 3.01177 2 671.821 181.636 358.305 131.647
21 0.956721 0.105696 3.08513 2 698.505 263.769 372.536 191.176
22 0.876421 0.117938 3.08608 2 680.273 261.771 362.812 189.728
23 0.293851 0.275289 2.72389 2 558.199 230.03 297.706 166.723
24 0.303785 0.330942 2.7115 2 561.098 219.372 299.252 158.998
1
2
-0.470303 0.0709829 0.8391 -0.263984
-0.494019 0.0784754 0.82536 -0.261854
-0.512849 0.0959723 0.800449 -0.295052
0 0 0 0
0.506778 0.630802 -0.524317 -0.265248
0.33957 0.797799 -0.175289 -0.46635
-0.1812 0.744074 0.447498 -0.461807
0.0895304 -0.510897 -0.31072 0.796506
-0.246637 0.603988 0.513116 -0.557746
-0.180202 0.885555 -0.426539 -0.0372123
-0.419233 0.674773 -0.424067 -0.434848
-0.446112 0.647259 -0.452527 -0.421021
-0.28765 -0.58056 0.752775 -0.116355
-0.171386 -0.249143 0.222094 0.926946
-0.138437 -0.249157 0.124793 0.950359
0 0 0 0
-0.325954 0.526874 0.549158 -0.560877
0.084463 0.948924 0.210762 0.219064
0.172518 0.868913 0.275352 0.373376
0 0 0 0
-0.516435 0.0904679 0.805764 -0.275417
0 0 0 0
0 0 0 0
0 0 0 0
0 0 0 0
