12472952
0 1.04139 0.12144 3.25086 2 705.659 262.186 376.352 190.029
1 1.03592 0.383621 3.10381 2 715.166 218.207 381.422 158.153
2 1.02583 0.639238 2.94545 2 725.495 170.456 386.931 123.544
3 0.984603 0.752036 2.89241 2 720.088 148.496 384.047 107.628
4 0.92858 0.597584 3.09345 2 691.907 182.735 369.017 132.444
5 0.907967 0.402018 3.2284 2 678.508 217.824 361.871 157.876
6 0.880889 0.595388 3.17916 1 675.788 185.802 360.42 134.667
7 0.896832 0.595675 3.09044 1 684.946 182.977 365.305 132.619
8 1.1228 0.521819 2.90086 2 752.443 189.393 401.303 137.269
9 1.16293 0.262311 2.95984 2 756.413 235.989 403.42 171.042
10 1.07719 0.518384 2.97 1 735.46 192.149 392.245 139.267
11 1.06188 0.540888 2.88764 1 738.998 185.617 394.132 134.533
12 0.978769 0.134151 3.25571 2 691.892 260.239 369.009 188.618
13 1.07046 -0.121492 3.4315 2 699.793 299.236 373.223 216.882
14 1.13222 -0.367846 3.52603 2 706.286 334.363 376.686 242.342
15 1.084 -0.4368 3.54528 2 695.612 343.969 370.993 249.304
16 1.0816 0.106159 3.1758 2 719.799 264.177 383.893 191.472
17 1.15882 -0.172937 3.3279 2 725.155 307.698 386.749 223.015
18 1.19193 -0.409831 3.45162 2 723.235 341.751 385.725 247.696
19 1.14679 -0.496396 3.43037 2 715.593 354.991 381.65 257.293
20 1.02919 0.576436 2.98715 2 722.843 182.757 385.516 132.459
21 0.900382 0.63025 3.06465 2 687.495 176.372 366.664 127.832
22 0.891213 0.56026 3.06471 2 685.337 188.054 365.513 136.299
23 1.07085 0.624705 2.87875 2 741.997 170.441 395.732 123.533
24 1.0025 0.562968 2.89878 2 723.749 182.122 385.999 132
1
1
-0.324133 0.075836 0.911566 -0.241316
-0.351915 0.0831953 0.901206 -0.238878
-0.378675 0.0928581 0.879051 -0.27432
0 0 0 0
0.429676 0.64044 -0.622 -0.135394
0.180379 0.45186 0.239735 0.840127
-0.0877716 -0.0566958 0.986121 -0.12902
-0.0710351 -0.0545504 -0.704658 0.703871
-0.0937009 0.701296 0.542303 -0.453112
0.13284 0.877967 0.0153714 -0.459664
0.98588 0.0260079 -0.0427993 0.159792
0.790124 -0.58537 -0.0736573 0.166195
-0.225568 -0.618069 0.740468 -0.137174
-0.249574 -0.367558 0.206416 0.871783
-0.122236 -0.0309385 0.174741 0.976507
0 0 0 0
-0.264042 0.608352 0.584773 -0.467152
0.172834 0.883209 0.208572 0.382842
0.19297 0.891484 0.151411 0.38091
0 0 0 0
-0.379703 0.0916504 0.885117 -0.25297
0 0 0 0
0 0 0 0
0 0 0 0
0 0 0 0
