12584280
0 -0.447307 -0.237232 2.46924 2 359.075 329.947 191.507 239.141
1 -0.486398 0.0498252 2.36512 2 342.176 270.524 182.494 196.072
2 -0.521622 0.329084 2.24707 2 323.553 206.746 172.562 149.846
3 -0.47821 0.447762 2.24345 2 336.579 179.668 179.509 130.221
4 -0.553484 0.182075 2.16587 2 307.407 238.474 163.951 172.843
5 -0.50388 -0.0575481 2.18962 2 325.177 294.555 173.428 213.489
6 -0.397769 -0.260742 2.29651 2 364.545 338.81 194.424 245.565
7 -0.3794 -0.316159 2.3446 1 372.383 349.627 198.604 253.405
8 -0.448749 0.249687 2.42089 2 356.141 228.879 189.942 165.888
9 -0.382504 0.111726 2.53157 2 379.947 258.855 202.638 187.615
10 -0.21899 0.0386753 2.45279 2 422.591 273.236 225.382 198.038
11 -0.204144 0.0412712 2.42857 2 426.186 272.616 227.299 197.589
12 -0.465746 -0.253254 2.37493 2 348.683 335.337 185.964 243.048
13 -0.463288 -0.601719 2.53113 2 357.372 402.19 190.598 291.502
14 -0.497778 -0.901724 2.72458 2 357.326 450.008 190.574 326.16
15 -0.420106 -0.952976 2.70437 2 376.27 460.963 200.677 334.1
16 -0.41638 -0.212675 2.49804 2 369.115 324.374 196.861 235.102
17 -0.458298 -0.565855 2.51778 2 358.117 395.542 190.996 286.683
18 -0.461975 -0.822026 2.88175 2 372.993 426.501 198.93 309.122
19 -0.395506 -0.880366 2.86862 2 388.498 437.567 207.199 317.143
20 -0.513302 0.260443 2.27902 2 328.441 223.147 175.169 161.734
21 -0.34825 -0.371768 2.37337 2 382.771 360.696 204.145 261.428
22 -0.367674 -0.26765 2.38407 2 377.689 338.135 201.434 245.075
23 -0.160893 0.0266707 2.40199 2 437.934 275.597 233.565 199.749
24 -0.172551 0.0604502 2.39892 2 434.53 268.469 231.749 194.583
0
0
0.550378 -0.149844 0.814441 -0.106381
0.540009 -0.148483 0.821353 -0.108272
0.52775 -0.163542 0.819797 -0.150553
0 0 0 0
-0.282474 0.728505 -0.383309 0.492507
-0.00294704 0.884652 0.112529 0.452459
-0.179479 0.162809 0.257112 0.935507
-0.0897276 0.108588 0.354406 0.924421
0.389363 0.628328 0.560334 0.373665
-0.0607503 0.339038 0.362057 0.866186
-0.53204 0.573851 0.173926 0.597811
0.729574 -0.622632 -0.114978 -0.258518
-0.429636 0.607145 -0.482898 0.462167
0.206386 0.962245 -0.0340099 -0.174162
0.261483 0.930838 -0.115596 -0.227606
0 0 0 0
0.379128 0.476934 0.779422 0.145936
0.060415 0.732958 -0.0244619 0.677144
0.15972 0.299296 0.432107 0.835581
0 0 0 0
0.528999 -0.154025 0.824485 -0.129075
0 0 0 0
0 0 0 0
0 0 0 0
0 0 0 0
