12577986
0 -0.432408 -0.210921 2.48762 2 364.172 324.206 194.225 234.98
1 -0.47535 0.066574 2.37461 2 345.971 266.99 184.518 193.511
2 -0.517533 0.336489 2.25143 2 325.121 205.218 173.398 148.739
3 -0.479295 0.460031 2.25252 2 336.825 177.295 179.64 128.501
4 -0.540989 0.188565 2.17312 2 312 237.107 166.4 171.852
5 -0.49498 -0.0539607 2.19031 2 328.053 293.717 174.962 212.882
6 -0.429197 -0.265134 2.28555 2 354.434 340.087 189.032 246.491
7 -0.419011 -0.33061 2.34486 2 360.678 352.787 192.361 255.695
8 -0.379588 0.345845 2.41801 1 375.71 208.638 200.379 151.218
9 -0.363542 0.15381 2.52028 1 384.662 250.298 205.153 181.412
10 -0.353001 -0.0689292 2.6375 2 391.876 294.442 209 213.407
11 -0.353426 -0.156522 2.69038 2 393.56 310.67 209.899 225.169
12 -0.457693 -0.231826 2.40853 2 352.921 330.05 188.224 239.216
13 -0.446834 -0.547925 2.52739 2 361.77 391.463 192.944 283.727
14 -0.497207 -0.902574 2.72742 2 357.603 449.991 190.722 326.147
15 -0.420802 -0.953397 2.70345 2 376.054 461.105 200.562 334.203
16 -0.396955 -0.184135 2.50058 2 374.624 318.53 199.8 230.866
17 -0.37146 -0.474807 2.40744 2 377.426 381.411 201.294 276.441
18 -0.423206 -0.775434 2.73322 2 376.794 425.696 200.957 308.539
19 -0.341816 -0.812509 2.67634 2 395.547 435.851 210.959 315.899
20 -0.50742 0.270246 2.28461 2 330.604 221.111 176.322 160.258
21 -0.397181 -0.408436 2.37948 2 368.755 368.384 196.669 267
22 -0.427567 -0.379613 2.31865 2 356.657 364.378 190.217 264.096
23 -0.346501 -0.188963 2.71108 2 396.003 316.506 211.202 229.399
24 -0.331014 -0.173397 2.67967 2 398.963 313.973 212.78 227.563
1
1
0.471866 -0.1554 0.857746 -0.132155
0.477712 -0.156299 0.854504 -0.131091
0.482083 -0.173873 0.84294 -0.163756
0 0 0 0
-0.292855 0.736903 -0.356498 0.494085
-0.0273284 0.800929 0.0959292 0.590393
0.239345 0.913829 0.0652523 -0.321516
0.360504 0.892797 -0.0434854 -0.26657
0.379501 0.526926 0.738462 0.181662
0.238612 0.967355 0.0542699 0.0658997
0.184247 0.79604 0.154819 0.555342
0.22028 0.786672 0.15306 0.556054
-0.370259 0.64419 -0.490752 0.45507
0.176648 0.947849 -0.0321235 -0.263338
0.22958 0.936787 -0.122817 -0.233752
0 0 0 0
0.286164 0.458837 0.841114 0.0103043
-0.131123 0.633043 -0.0911502 0.757466
0.186429 0.289609 0.358396 0.867712
0 0 0 0
0.482976 -0.164868 0.848176 -0.141953
0 0 0 0
0 0 0 0
0 0 0 0
0 0 0 0
