7939059
0 1.40776 0.40742 3.46683 2 765.617 221.228 408.329 160.343
1 1.42182 0.688572 3.34987 2 778.402 176.281 415.148 127.766
2 1.429 0.963615 3.22384 2 791.08 128.815 421.909 93.3632
3 1.43345 1.05923 3.22535 2 791.675 113.889 422.227 82.5455
4 1.35383 0.926792 3.45363 2 755.894 144.225 403.144 104.532
5 1.14974 0.967653 3.47892 2 713.213 139.23 380.38 100.912
6 1.03062 1.11062 3.39894 2 694.314 114.405 370.301 82.919
7 1.02789 1.12691 3.4369 2 691.438 113.829 368.767 82.5016
8 1.44159 0.798429 3.15009 2 801.154 151.936 427.282 110.121
9 1.18071 0.736469 3.20528 2 739.492 163.923 394.396 118.81
10 0.974337 0.853897 3.26418 2 690.924 147.74 368.493 107.08
11 0.933096 0.920371 3.26348 2 682.222 137.307 363.852 99.518
12 1.37144 0.41946 3.48865 2 756.593 219.851 403.516 159.345
13 1.35908 0.167043 3.72239 2 736.959 258.329 393.045 187.233
14 1.45493 -0.262953 3.58787 2 765.196 318.613 408.105 230.927
15 1.38253 -0.300952 3.6604 2 745.792 323.152 397.755 234.216
16 1.40638 0.39451 3.39412 2 771.389 221.88 411.407 160.816
17 1.4058 -0.0144316 3.49947 2 762.521 283.315 406.678 205.343
18 1.50548 -0.367059 3.55417 2 777.801 333.93 414.827 242.028
19 1.43891 -0.428671 3.56479 2 763.934 342.587 407.431 248.302
20 1.42832 0.895952 3.25709 2 787.956 140.89 420.243 102.115
21 0.988611 1.13283 3.42193 2 684.378 112.216 365.002 81.3327
22 1.04488 1.12576 3.40336 2 696.951 112.348 371.707 81.4284
23 0.88359 0.962964 3.28761 2 670.312 131.763 357.5 95.4998
24 0.907798 0.881951 3.2645 2 676.738 143.392 360.927 103.929
0
2
-0.559266 0.130942 0.80522 -0.147298
-0.573241 0.133494 0.795331 -0.144989
-0.587014 0.140141 0.777258 -0.177892
0 0 0 0
-0.444008 -0.546324 0.612735 0.359085
0.713195 -0.17076 0.297975 0.611069
0.32785 -0.373546 0.863386 -0.0868449
0.243114 0.122187 0.798522 0.536963
-0.278769 0.704972 0.294762 -0.581737
0.0364263 0.774271 -0.620891 -0.116926
0.744057 0.367105 -0.431722 0.353877
0.790143 0.152439 -0.548208 0.227826
-0.329387 -0.598767 0.726743 0.0694749
0.235648 0.562299 0.279 0.741922
-0.155138 0.381407 -0.0958368 0.906243
0 0 0 0
0.465216 -0.544918 -0.442917 0.538946
0.123918 0.976781 0.0213146 0.173463
0.077035 0.98772 0.134876 -0.0168309
0 0 0 0
-0.587873 0.137169 0.781425 -0.158
0 0 0 0
0 0 0 0
0 0 0 0
0 0 0 0
