7946554
0 1.38818 0.37605 3.49037 2 759.79 226.227 405.221 163.966
1 1.40111 0.672497 3.35861 2 773.37 178.993 412.464 129.732
2 1.40702 0.960843 3.21697 2 787.052 128.903 419.761 93.4274
3 1.39095 1.05995 3.24825 2 780.616 114.861 416.329 83.2495
4 1.35599 0.871683 3.50417 1 752.417 154.221 401.289 111.777
5 1.30079 0.700897 3.59755 1 734.719 181.785 391.85 131.755
6 1.23002 0.484293 3.49693 2 727.754 210.577 388.135 152.623
7 1.18227 0.432204 3.47948 2 719.375 217.882 383.666 157.918
8 1.41051 0.806516 3.14951 2 794.434 150.577 423.698 109.136
9 1.32316 0.586253 3.22219 2 768.839 188.329 410.047 136.499
10 1.22182 0.469067 3.43305 2 730.652 211.52 389.681 153.307
11 1.18454 0.432059 3.47935 1 719.838 217.9 383.913 157.931
12 1.36307 0.378606 3.49867 2 754.126 225.991 402.2 163.795
13 1.41921 -0.0112873 3.51 2 764.345 282.852 407.65 205.007
14 1.48671 -0.375766 3.55396 2 774.144 335.181 412.877 242.935
15 1.39755 -0.363097 3.62594 2 751.211 332.305 400.646 240.85
16 1.38418 0.364182 3.41838 2 764.81 226.836 407.899 164.408
17 1.41122 -0.0212344 3.51656 2 762.233 284.292 406.524 206.051
18 1.52249 -0.361348 3.55679 1 780.909 333.072 416.485 241.406
19 1.45531 -0.43073 3.55651 2 767.8 343.029 409.493 248.623
20 1.40666 0.889976 3.25434 2 783.644 141.687 417.943 102.693
21 1.1551 0.398352 3.50526 2 712.194 223.292 379.837 161.839
22 1.17225 0.385136 3.51433 2 715 225.354 381.334 163.333
23 1.16491 0.382454 3.53016 2 712.501 225.997 380 163.8
24 1.22033 0.417023 3.46773 2 727.835 219.884 388.179 159.369
1
1
-0.587362 0.140877 0.782013 -0.153674
-0.602022 0.143754 0.770783 -0.150987
-0.615693 0.154201 0.750453 -0.184292
0 0 0 0
0.455919 0.58815 -0.506308 -0.43574
-0.0584915 -0.651045 0.272969 0.705838
0.121029 0.115 -0.224873 0.959978
0.326374 0.160426 -0.18883 0.912188
-0.318027 0.681534 0.295907 -0.588905
0.00833521 0.768538 -0.235759 -0.594725
0.500497 0.61834 0.159912 0.584455
0.480823 0.598024 0.0675113 0.637666
-0.254375 -0.671908 0.69526 -0.0211177
-0.0726148 -0.116852 0.00594851 0.990473
-0.0647381 0.345111 0.0871282 0.932264
0 0 0 0
0.477186 -0.532686 -0.437128 0.545397
0.118758 0.983468 0.0498532 0.127286
0.050341 0.985234 0.15883 0.0394007
0 0 0 0
-0.617197 0.149413 0.75486 -0.164101
0 0 0 0
0 0 0 0
0 0 0 0
0 0 0 0
