7936792
0 -0.124878 0.581351 3.95872 2 462.246 206.838 246.531 149.913
1 -0.147529 0.851986 3.85167 2 457.535 168.93 244.019 122.438
2 -0.166556 1.1143 3.73336 2 453.101 129.31 241.654 93.7218
3 -0.13084 1.23749 3.70998 2 459.54 111.276 245.088 80.6516
4 -0.218915 0.952986 3.66949 2 442.745 149.196 236.13 108.135
5 -0.343891 0.714101 3.7404 2 420.562 184.342 224.3 133.609
6 -0.417152 0.534927 3.80457 2 408.434 209.947 217.831 152.167
7 -0.457615 0.489149 3.85365 2 402.174 216.884 214.493 157.195
8 -0.0541926 1.04976 3.88831 1 474.327 143.955 252.975 104.336
9 0.0650558 0.83495 4.01236 1 495.135 175.637 264.072 127.299
10 0.103508 0.607031 4.11595 1 501.264 206.52 267.341 149.683
11 0.11639 0.531931 4.15461 1 503.228 216.401 268.388 156.844
12 -0.158864 0.559969 3.89334 2 455.874 208.372 243.133 151.025
13 -0.146269 0.168479 4.05195 2 459.158 260.192 244.884 188.583
14 -0.167307 -0.132956 4.20151 1 456.602 297.207 243.521 215.411
15 -0.0764449 -0.192638 4.1276 2 471.234 304.802 251.325 220.916
16 -0.085705 0.588707 3.95008 2 469.024 205.731 250.146 149.111
17 0.0190767 0.356525 4.13115 2 487.13 237.565 259.803 172.184
18 -0.0613151 -0.00541228 4.38115 2 474.345 281.835 252.984 204.27
19 -0.01936 -0.0974954 4.25981 2 480.835 292.778 256.445 212.201
20 -0.162189 1.04995 3.76528 2 454.185 139.388 242.232 101.027
21 -0.483538 0.43805 3.8936 2 398.444 224.206 212.503 162.501
22 -0.443712 0.452896 3.86917 2 405 221.908 216 160.836
23 0.132727 0.484553 4.17044 1 505.844 222.412 269.784 161.201
24 0.102277 0.529855 4.12089 1 501.03 216.125 267.216 156.645
3
0
0.33525 -0.100942 0.92258 -0.162061
0.384485 -0.10953 0.903171 -0.156385
0.435583 -0.129871 0.87027 -0.189817
0 0 0 0
-0.195341 0.778259 -0.36531 0.471915
0.191108 0.926079 -0.187125 0.266156
0.243198 0.513563 0.0394679 0.821918
0.43589 0.49017 0.133902 0.742835
0.355271 0.670769 0.610921 0.225005
0.215009 0.938913 0.252059 0.0931651
0.221023 0.849176 -0.0351173 -0.478347
0.241623 0.84546 -0.0462979 -0.473996
-0.28612 0.662274 -0.528 0.448045
0.180015 0.891333 -0.0662398 -0.41077
0.198907 0.901017 -0.115797 -0.36769
0 0 0 0
0.0659038 0.611008 0.765395 -0.19104
-0.0809156 0.273153 0.349277 0.892662
0.247858 0.553418 0.184036 0.77358
0 0 0 0
0.43703 -0.122057 0.875338 -0.167001
0 0 0 0
0 0 0 0
0 0 0 0
0 0 0 0
