7959906
0 -0.151222 0.601354 3.98257 2 457.819 204.728 244.17 148.384
1 -0.145088 0.864724 3.87113 2 458.101 167.816 244.32 121.631
2 -0.143881 1.12023 3.74884 2 457.413 129.134 243.953 93.5947
3 -0.0892729 1.23515 3.71896 2 467.338 112.019 249.247 81.1899
4 -0.20904 0.969609 3.68375 2 444.752 147.4 237.201 106.833
5 -0.183108 0.729675 3.73119 2 450.129 182.018 240.069 131.924
6 0.0420004 0.695755 3.72368 2 491.728 186.482 262.255 135.16
7 0.119917 0.680519 3.72941 1 506.109 188.704 269.925 136.77
8 -0.0743059 1.05232 3.90915 1 470.824 144.356 251.106 104.627
9 -0.00300797 0.82069 4.03885 1 483.443 178.139 257.836 129.113
10 0.0786825 0.745374 3.77113 2 498.337 180.967 265.78 131.162
11 0.146364 0.720714 3.70936 1 511.152 182.671 272.614 132.397
12 -0.180531 0.575577 3.88743 2 451.99 206.216 241.062 149.463
13 -0.176872 0.193929 4.04816 2 453.938 256.991 242.1 186.264
14 -0.172141 -0.12531 4.20515 2 455.836 296.274 243.113 214.735
15 -0.0777933 -0.184726 4.14058 2 471.051 303.762 251.227 220.162
16 -0.120477 0.619116 4.00393 2 463.243 202.885 247.063 147.048
17 -0.0548655 0.249129 4.22364 2 475.032 251.392 253.351 182.205
18 -0.0904881 -0.0599618 4.41944 2 469.894 288.068 250.61 208.788
19 -0.110341 -0.135267 4.27677 2 466.235 297.197 248.659 215.404
20 -0.143811 1.05744 3.7819 2 457.674 139.004 244.093 100.748
21 0.187926 0.643936 3.72903 2 518.671 193.683 276.624 140.379
22 0.136501 0.697383 3.67775 2 509.533 185.057 271.751 134.126
23 0.19293 0.706016 3.69829 2 519.911 184.392 277.286 133.645
24 0.100254 0.722122 3.68 2 502.733 181.691 268.124 131.687
1
1
0.52222 -0.0966634 0.829251 -0.174026
0.501879 -0.0923985 0.841718 -0.176328
0.473903 -0.11758 0.847254 -0.209168
0 0 0 0
-0.172362 0.742715 -0.414142 0.497144
0.0989183 0.993195 0.0494429 -0.0365149
-0.263863 0.702992 0.596586 0.283309
-0.220024 0.702592 0.596564 0.319475
0.423363 0.658294 0.550581 0.290299
0.0410824 0.580585 0.27746 0.764362
-0.357747 0.633763 0.492036 -0.477769
-0.148206 0.69891 0.590003 -0.376107
-0.330768 0.604298 -0.515026 0.510064
0.193935 0.955189 -0.0400415 -0.219999
0.21391 0.909249 -0.0748296 -0.349155
0 0 0 0
0.383617 0.529547 0.753098 0.0725338
-0.0145319 0.225909 0.273478 0.93486
0.239849 0.71196 0.148581 0.643046
0 0 0 0
0.477898 -0.102581 0.851664 -0.189103
0 0 0 0
0 0 0 0
0 0 0 0
0 0 0 0
