7952877
0 -0.153141 0.59238 4.00567 2 457.643 206.31 244.076 149.531
1 -0.16584 0.849702 3.88682 2 454.526 170.25 242.414 123.395
2 -0.169987 1.09859 3.75557 2 452.658 132.365 241.418 95.9363
3 -0.109486 1.20802 3.72858 2 463.633 116.2 247.271 84.2204
4 -0.244665 0.950338 3.6919 2 438.178 150.364 233.695 108.982
5 -0.262176 0.703773 3.75692 2 435.857 186.2 232.457 134.955
6 -0.0583613 0.660527 3.79803 2 473.374 193.073 252.466 139.936
7 -0.00519631 0.666571 3.78119 1 483.01 191.866 257.605 139.062
8 -0.0939774 1.00531 3.92237 2 467.411 150.966 249.286 109.418
9 0.0610912 0.778426 3.83347 1 494.942 178.208 263.969 129.163
10 0.00144032 0.601871 3.72806 2 484.223 199.423 258.252 144.539
11 -0.0183826 0.543846 3.69707 1 480.535 206.718 256.285 149.826
12 -0.185652 0.559734 3.91876 2 451.351 208.873 240.72 151.388
13 -0.124504 0.160177 4.03336 2 462.752 261.137 246.801 189.268
14 -0.157676 -0.139178 4.19947 2 458.164 297.963 244.354 215.96
15 -0.0657462 -0.199576 4.13011 2 473.021 305.637 252.278 221.521
16 -0.118256 0.61582 4.02149 2 463.715 203.646 247.315 147.6
17 0.0136199 0.350139 4.14613 2 486.214 238.503 259.314 172.864
18 -0.0285854 -0.0242965 4.38699 2 479.482 284.01 255.724 205.846
19 0.000433857 -0.120122 4.2648 2 484.026 295.446 258.147 214.135
20 -0.169448 1.03748 3.79109 2 453.069 142.049 241.637 102.955
21 0.0276248 0.659637 3.75704 2 489.021 192.228 260.811 139.324
22 0.0226339 0.723112 3.744 2 488.123 183.273 260.332 132.834
23 -0.0149263 0.528455 3.68491 1 481.169 208.594 256.624 151.186
24 -0.027489 0.543124 3.67992 1 478.816 206.469 255.368 149.646
1
1
0.483214 -0.126065 0.84851 -0.175051
0.460067 -0.12128 0.86128 -0.1784
0.434227 -0.120539 0.8624 -0.230617
0 0 0 0
-0.165883 0.75406 -0.430973 0.467054
0.13052 0.988459 -0.0250559 0.0727013
-0.334579 0.563426 0.535015 0.533261
-0.545212 0.581186 0.50657 0.32917
0.388424 0.720528 0.495212 0.291086
-0.205894 0.932889 0.254658 0.149916
0.24467 -0.421832 -0.166816 0.856952
0.237829 -0.420174 -0.145452 0.863559
-0.304599 0.645798 -0.4912 0.498885
0.153191 0.948191 0.0320796 -0.276473
0.214645 0.901268 -0.136987 -0.35054
0 0 0 0
0.338063 0.488712 0.804169 0.0136319
-0.157877 0.235641 0.249366 0.92594
0.213987 0.598841 0.188613 0.748347
0 0 0 0
0.436673 -0.112742 0.868737 -0.204699
0 0 0 0
0 0 0 0
0 0 0 0
0 0 0 0
