7948391
0 1.43684 0.354783 3.48429 2 770 229.238 410.667 166.149
1 1.45698 0.663748 3.35753 2 784.985 180.298 418.659 130.677
2 1.47475 0.96207 3.21971 2 801.173 128.935 427.292 93.4501
3 1.48316 1.06144 3.23697 2 801.041 114.227 427.222 82.7905
4 1.39814 0.889474 3.46175 1 764.128 150.053 407.535 108.756
5 1.19039 0.750219 3.33108 2 731.831 166.258 390.31 120.501
6 1.04804 0.961027 3.27781 2 705.758 131.548 376.404 95.3444
7 1.04591 0.976317 3.27403 1 705.569 128.988 376.304 93.4888
8 1.48136 0.817974 3.154 2 809.362 148.992 431.66 107.988
9 1.31623 0.700776 3.19658 2 769.615 169.297 410.461 122.704
10 1.13969 0.781101 3.30059 2 723.456 160.426 385.843 116.274
11 1.08271 0.825762 3.30934 1 710.859 153.869 379.125 111.522
12 1.40067 0.355139 3.47103 2 763.838 228.992 407.38 165.97
13 1.38866 0.0491427 3.73216 2 741.816 274.496 395.635 198.951
14 1.43949 -0.330313 3.80907 2 745.944 325.448 397.837 235.88
15 1.34034 -0.357037 3.73904 2 732.379 329.905 390.602 239.11
16 1.44385 0.342126 3.43881 2 775.216 230.426 413.448 167.01
17 1.41906 -0.0133944 3.51544 2 763.878 283.155 407.402 205.227
18 1.51578 -0.370012 3.55499 2 779.747 334.342 415.865 242.327
19 1.46038 -0.440234 3.56758 2 767.907 344.197 409.551 249.47
20 1.47079 0.888743 3.25636 2 796.977 142.028 425.054 102.94
21 1.0259 1.03191 3.27538 2 701.249 120.381 373.999 87.2503
22 1.08736 0.985554 3.2632 2 715.128 127.029 381.402 92.0691
23 1.01177 0.831039 3.32886 2 694.686 153.845 370.499 111.504
24 1.0659 0.856204 3.25918 2 710.798 147.129 379.092 106.637
1
1
-0.320708 0.0921791 0.926761 -0.172519
-0.446719 0.11532 0.873031 -0.157991
-0.587526 0.158303 0.775602 -0.167911
0 0 0 0
0.432824 0.593024 -0.56066 -0.382944
0.4744 -0.189616 -0.167923 0.843085
0.759235 -0.259423 0.573706 0.164694
0.774842 -0.136102 0.616936 -0.0220501
-0.327437 0.68394 0.330824 -0.561753
-0.0130662 0.850414 -0.465444 -0.244921
0.131135 -0.433933 0.815657 0.359458
0.229736 -0.403536 0.868 0.175943
-0.0127075 -0.656352 0.710255 -0.254124
-0.0302457 -0.124814 0.344852 0.92983
-0.0928273 -0.304836 0.0742683 0.944956
0 0 0 0
-0.39657 0.605927 0.458411 -0.515213
0.109982 0.890785 0.0162237 0.440617
0.0590184 0.989055 0.129195 -0.0399487
0 0 0 0
-0.589503 0.149147 0.77961 -0.14983
0 0 0 0
0 0 0 0
0 0 0 0
0 0 0 0
