7961200
0 -0.142548 0.596198 3.95287 2 459.134 204.815 244.871 148.447
1 -0.171229 0.867418 3.86655 2 453.404 167.32 241.816 121.271
2 -0.202291 1.12685 3.76574 2 446.801 128.908 238.294 93.4308
3 -0.169295 1.24746 3.74163 2 452.629 111.35 241.402 80.7052
4 -0.245842 0.975731 3.69323 2 437.964 146.886 233.581 106.461
5 -0.12995 0.735845 3.70811 2 459.8 180.558 245.227 130.866
6 0.0913848 0.9016 3.66449 2 501.173 156.226 267.292 113.23
7 0.200019 0.991972 3.66245 1 521.696 143.484 278.238 103.996
8 -0.0768841 0.972627 3.91032 2 470.382 154.846 250.87 112.23
9 0.180673 0.963394 3.78184 2 516.951 151.751 275.707 109.987
10 0.0698523 0.984796 3.59767 2 497.373 142.028 265.266 102.94
11 0.0330944 0.992982 3.54037 1 490.417 138.569 261.556 100.433
12 -0.169803 0.57762 3.86779 2 453.737 205.567 241.993 148.992
13 -0.159702 0.176773 4.04713 2 456.847 259.13 243.652 187.814
14 -0.172974 -0.151635 4.21569 1 455.77 299.393 243.077 216.996
15 -0.0830953 -0.210554 4.13839 2 470.163 306.93 250.754 222.459
16 -0.112966 0.602522 3.95902 2 464.316 204.125 247.635 147.947
17 0.00877867 0.369541 4.13088 2 485.417 235.967 258.889 171.025
18 -0.0662135 0.00227988 4.37482 2 473.562 280.947 252.566 203.627
19 -0.0243033 -0.090931 4.25461 2 480.033 292.012 256.018 211.646
20 -0.194201 1.06338 3.79301 2 448.565 138.611 239.235 100.463
21 0.268412 1.02003 3.65775 2 534.687 139.349 285.166 100.998
22 0.162868 1.00679 3.61193 2 515.123 139.443 274.732 101.066
23 0.064495 1.02738 3.50347 1 496.685 132.008 264.899 95.6773
24 0.0109682 1.06478 3.54413 1 486.097 128.316 259.252 93.0019
1
1
0.480423 -0.118778 0.862118 -0.108801
0.43612 -0.113112 0.885355 -0.11468
0.383761 -0.133346 0.899458 -0.161003
0 0 0 0
-0.254485 0.799401 -0.357349 0.410483
0.0436686 0.972187 0.220409 -0.0660652
-0.355962 0.441128 0.818136 0.0967034
-0.331745 0.397909 0.842423 0.14811
0.226127 0.814907 0.457081 0.275444
0.608654 -0.591851 -0.336911 -0.407117
0.739033 -0.600415 0.058051 0.299937
0.745095 -0.588476 0.0673257 0.306588
-0.374144 0.628612 -0.508149 0.454584
0.204335 0.942482 -0.0443395 -0.260784
0.20877 0.894237 -0.108955 -0.380637
0 0 0 0
0.185847 0.630096 0.753592 -0.0232187
-0.169156 0.117391 0.316986 0.925811
0.237796 0.555433 0.181256 0.775947
0 0 0 0
0.3855 -0.120815 0.90372 -0.141717
0 0 0 0
0 0 0 0
0 0 0 0
0 0 0 0
