7956841
0 1.44527 0.367036 3.47525 2 772.438 227.301 411.967 164.745
1 1.472 0.661689 3.36129 2 787.739 180.726 420.128 130.988
2 1.48751 0.952453 3.23822 2 802.107 131.31 427.79 95.1715
3 1.47797 1.04986 3.24563 2 799.163 116.451 426.22 84.4024
4 1.43575 0.862387 3.42778 2 774.484 152.801 413.058 110.748
5 1.19522 0.783972 3.30362 2 734.929 160.076 391.962 116.021
6 1.17401 0.745486 3.09919 2 746.758 158.415 398.271 114.817
7 1.1683 0.733546 3.03479 1 751.033 157.816 400.551 114.383
8 1.51024 0.797197 3.15269 2 815.78 152.322 435.083 110.401
9 1.44149 0.581568 3.18232 2 798.144 187.935 425.677 136.213
10 1.29559 0.705009 3.23294 2 761.98 169.885 406.389 123.13
11 1.22391 0.769072 3.20542 1 748.852 158.727 399.388 115.043
12 1.41226 0.369455 3.48323 2 765.174 227.076 408.093 164.581
13 1.3941 0.0663884 3.7615 2 740.799 272.211 395.093 197.294
14 1.49257 -0.308367 3.84621 2 753.026 322.117 401.614 233.466
15 1.38137 -0.351571 3.74066 2 739.929 329.149 394.629 238.563
16 1.45152 0.361387 3.38986 2 781.01 226.789 416.539 164.373
17 1.42297 -0.0193344 3.50537 2 765.466 284.025 408.249 205.858
18 1.52093 -0.368271 3.5522 2 780.989 334.135 416.528 242.176
19 1.44577 -0.424201 3.56364 2 765.364 341.968 408.194 247.853
20 1.48558 0.881286 3.27026 2 798.774 143.785 426.013 104.213
21 1.16814 0.735202 3.02329 1 752.012 157.067 401.073 113.84
22 1.16298 0.730429 2.99577 1 753.279 156.74 401.749 113.603
23 1.15854 0.817408 3.16741 2 737.71 149.468 393.445 108.332
24 1.16922 0.715741 3.1974 2 737.619 166.948 393.397 121.002
1
1
-0.528781 0.134679 0.827689 -0.131087
-0.550239 0.13806 0.813582 -0.127521
-0.574917 0.13369 0.790727 -0.162323
0 0 0 0
0.417975 0.62185 -0.518143 -0.412464
-0.507844 0.689461 -0.320893 -0.40468
-0.581261 0.729387 -0.264773 0.245
-0.584456 0.727105 -0.260024 0.249232
-0.301058 0.703981 0.350202 -0.539568
0.0385051 0.971315 -0.161792 -0.169965
-0.663393 -0.381688 0.610004 -0.205228
-0.587875 -0.202422 0.689003 -0.372429
-0.206941 -0.680689 0.70193 -0.0336459
0.141717 0.306669 0.334627 0.879713
-0.157009 -0.364646 0.0540593 0.91622
0 0 0 0
-0.490367 0.559518 0.476055 -0.468885
0.150835 0.965246 -0.00373392 0.213387
0.0690219 0.98816 0.133478 -0.0309835
0 0 0 0
-0.574045 0.137742 0.794739 -0.141028
0 0 0 0
0 0 0 0
0 0 0 0
0 0 0 0
