7948648
0 1.43246 0.346127 3.48021 2 769.459 230.447 410.378 167.025
1 1.45984 0.654136 3.35703 2 785.622 181.744 418.999 131.726
2 1.48021 0.95755 3.21813 2 802.491 129.581 427.995 93.9189
3 1.48126 1.05718 3.24141 2 800.232 115.11 426.791 83.4304
4 1.42926 0.86542 3.45831 1 770.635 153.479 411.005 111.239
5 1.17922 0.754136 3.40358 2 724.24 168.135 386.261 121.862
6 1.0344 0.85629 3.30035 2 701.311 148.811 374.032 107.856
7 0.98742 0.891182 3.26969 1 693.384 142.124 369.805 103.009
8 1.48149 0.803482 3.15041 2 809.78 151.18 431.883 109.573
9 1.35227 0.600771 3.2298 2 774.423 186.253 413.026 134.994
10 1.17249 0.656916 3.35475 2 726.307 181.295 387.364 131.4
11 1.11138 0.686226 3.37171 2 712.465 177.387 379.981 128.568
12 1.40379 0.343338 3.46881 2 764.643 230.695 407.81 167.204
13 1.37971 0.106501 3.76358 2 737.988 266.782 393.594 193.36
14 1.46266 -0.285851 3.77976 1 752.26 319.795 401.206 231.783
15 1.34488 -0.35896 3.73328 2 733.614 330.245 391.261 239.357
16 1.43315 0.342973 3.42263 2 774.421 230.06 413.025 166.744
17 1.4122 -0.0219346 3.51588 2 762.481 284.394 406.657 206.125
18 1.51353 -0.367204 3.55531 2 779.28 333.934 415.616 242.031
19 1.40723 -0.421143 3.56445 2 757.763 341.508 404.14 247.52
20 1.47587 0.883115 3.2551 2 798.171 142.859 425.691 103.542
21 0.955598 0.905581 3.27662 1 686.19 140.186 365.968 101.605
22 1.01661 0.910158 3.24655 1 701.151 138.124 373.947 100.11
23 1.04772 0.662803 3.40227 2 697.331 181.883 371.91 131.827
24 1.09331 0.728002 3.32938 2 711.639 169.651 379.541 122.961
1
0
-0.446546 0.12316 0.873654 -0.148851
-0.52523 0.136365 0.828739 -0.136856
-0.609414 0.163789 0.758833 -0.161124
0 0 0 0
0.437012 0.5893 -0.516466 -0.441598
0.545601 -0.259022 0.0544267 0.795151
0.6612 -0.485363 0.558443 0.124014
0.662607 -0.466537 0.570102 0.135201
-0.326985 0.69061 0.301076 -0.570519
0.0768451 0.905068 -0.306181 -0.284957
0.205449 -0.395094 0.762886 0.468718
0.301079 -0.433329 0.78684 0.320093
0.0016973 0.685286 -0.674522 0.27459
0.275545 0.515147 0.333974 0.739703
-0.105874 -0.177706 0.00137867 0.978371
0 0 0 0
-0.514267 0.54893 0.456274 -0.475415
0.127173 0.94314 0.0119284 0.306874
0.0580297 0.988175 0.140435 -0.0205042
0 0 0 0
-0.611242 0.155228 0.763045 -0.141593
0 0 0 0
0 0 0 0
0 0 0 0
0 0 0 0
