7961644
0 1.43215 0.342057 3.42443 2 774.065 230.224 412.835 166.863
1 1.43824 0.621624 3.30594 2 785.757 185.226 419.07 134.249
2 1.43886 0.894002 3.17766 2 797.71 137.762 425.445 99.8478
3 1.40757 0.988585 3.15605 2 792.853 121.569 422.855 88.1119
4 1.37131 0.856597 3.36163 2 766.928 151.142 409.029 109.546
5 1.32793 0.640531 3.47294 2 749.183 187.072 399.564 135.587
6 1.20246 0.489796 3.41544 2 727.99 208.066 388.261 150.804
7 1.1799 0.486842 3.42012 2 723.046 208.618 385.624 151.204
8 1.49874 0.758721 3.10416 2 818.408 156.622 436.484 113.518
9 1.49994 0.51971 3.15571 2 813.564 197.173 433.901 142.908
10 1.3167 0.371233 3.2801 2 762.377 223.448 406.601 161.952
11 1.28786 0.339225 3.33559 1 751.677 229.32 400.894 166.208
12 1.3867 0.342726 3.44976 2 762.746 230.508 406.798 167.069
13 1.38006 0.073786 3.71357 2 741.5 271.078 395.467 196.474
14 1.64298 -0.267958 3.60136 1 800.456 319.194 426.91 231.348
15 1.5168 -0.295243 3.62904 2 773.877 322.737 412.734 233.915
16 1.44891 0.334392 3.33035 2 785.781 229.953 419.083 166.667
17 1.39639 -0.0370976 3.44747 2 764.844 286.702 407.917 207.798
18 1.50846 -0.386492 3.57841 2 776.386 336.344 414.072 243.778
19 1.46165 -0.449573 3.60609 2 765.11 344.845 408.059 249.939
20 1.43955 0.827159 3.21196 2 794.656 149.842 423.817 108.603
21 1.15864 0.464018 3.41931 2 718.749 212.019 383.333 153.668
22 1.18154 0.450566 3.4252 2 723.001 214.133 385.6 155.201
23 1.27526 0.301496 3.34669 2 748.141 235.251 399.008 170.507
24 1.29807 0.393843 3.36627 2 751.356 221.511 400.723 160.548
1
1
-0.487801 0.107966 0.849892 -0.167564
-0.504733 0.111302 0.839947 -0.165367
-0.519585 0.121563 0.82149 -0.201015
0 0 0 0
-0.465333 -0.565983 0.609547 0.302624
-0.0192445 -0.420025 0.249113 0.87244
0.274829 0.25744 -0.236014 0.895819
0.637279 0.340628 -0.174079 0.668987
-0.21628 0.697669 0.458362 -0.506345
0.10382 0.968564 -0.0215856 -0.225034
0.360415 -0.0900912 0.302776 0.877674
0.256622 0.0297251 0.454239 0.852601
0.294821 0.700234 -0.647692 -0.0569938
0.167929 0.389902 0.338986 0.839562
-0.325554 0.0923295 -0.102485 0.935407
0 0 0 0
-0.433992 0.561932 0.521222 -0.473509
0.163855 0.948541 -0.0238154 0.269917
0.180532 0.972344 0.137825 -0.0543945
0 0 0 0
-0.521305 0.116028 0.826411 -0.178393
0 0 0 0
0 0 0 0
0 0 0 0
0 0 0 0
