7943211
0 1.40656 0.352732 3.46607 2 765.424 229.271 408.226 166.172
1 1.44859 0.647574 3.33611 2 785.176 182.124 418.76 132.001
2 1.48038 0.940794 3.19633 2 804.687 131.225 429.166 95.1098
3 1.47326 1.04189 3.22548 2 800.108 116.688 426.724 84.5736
4 1.41521 0.821487 3.43387 1 769.855 159.093 410.589 115.308
5 1.23979 0.613825 3.47569 2 731.29 191.102 390.021 138.508
6 1.20901 0.419945 3.41718 2 729.164 218.537 388.887 158.393
7 1.21324 0.392878 3.45747 1 727.12 223.268 387.798 161.822
8 1.47725 0.788126 3.127 2 811.273 152.712 432.679 110.684
9 1.37194 0.572062 3.20357 2 781.058 190.051 416.564 137.746
10 1.25462 0.490745 3.36785 1 742.273 206.861 395.879 149.93
11 1.20485 0.440345 3.43328 2 727.168 215.802 387.823 156.411
12 1.38014 0.352606 3.46124 2 760.498 229.221 405.599 166.136
13 1.3502 0.0454768 3.57746 2 745.548 274.727 397.626 199.119
14 1.46791 -0.399004 3.55419 1 770.447 338.514 410.905 245.35
15 1.41389 -0.375072 3.64243 2 753.128 333.754 401.668 241.9
16 1.40714 0.342421 3.40814 2 770.347 229.928 410.852 166.649
17 1.40828 -0.0374525 3.50702 2 762.41 286.66 406.619 207.767
18 1.52178 -0.370683 3.5548 2 780.938 334.442 416.5 242.399
19 1.44702 -0.425489 3.56744 2 765.307 342.087 408.164 247.94
20 1.47399 0.868569 3.2338 2 799.832 144.244 426.577 104.546
21 1.1947 0.332522 3.47868 2 721.872 232.483 384.998 168.501
22 1.16806 0.404253 3.43033 2 719.869 221.131 383.93 160.273
23 1.15822 0.398071 3.45783 2 715.983 222.53 381.858 161.287
24 1.18842 0.482505 3.43669 2 723.61 209.612 385.926 151.924
1
1
-0.500614 0.16183 0.838493 -0.141871
-0.540119 0.168426 0.813606 -0.133974
-0.585679 0.174777 0.774241 -0.164267
0 0 0 0
0.38734 0.637593 -0.489744 -0.451213
-0.0479774 0.872853 -0.346667 -0.340069
0.150557 -0.624176 -0.0639258 0.76397
-0.356233 -0.602506 0.308802 0.643992
-0.345773 0.710049 0.282334 -0.544572
0.019597 0.818608 -0.267145 -0.508065
0.163066 -0.264182 0.53534 0.785511
0.152103 -0.285813 0.464253 0.824406
-0.08778 -0.675916 0.699964 -0.213266
0.050617 0.0243378 0.178132 0.982403
-0.12356 0.512495 0.0448466 0.84857
0 0 0 0
-0.485631 0.584677 0.420183 -0.495743
0.123116 0.964391 0.0311196 0.232002
0.0744932 0.983652 0.159553 -0.0377161
0 0 0 0
-0.586177 0.17125 0.779539 -0.13924
0 0 0 0
0 0 0 0
0 0 0 0
0 0 0 0
