12535666
0 -0.426353 -0.206197 2.51428 2 367.12 322.79 195.797 233.954
1 -0.426928 0.0938985 2.4249 2 362.68 261.583 193.429 189.592
2 -0.42557 0.38695 2.3243 2 357.555 196.639 190.696 142.521
3 -0.417856 0.507193 2.33072 2 360.043 170.534 192.023 123.601
4 -0.443286 0.238678 2.26356 2 348.875 227.691 186.067 165.028
5 -0.306554 0.0175942 2.27711 2 391.339 277.299 208.714 200.983
6 -0.225073 -0.14032 2.35828 2 418.331 311.317 223.11 225.638
7 -0.197267 -0.207033 2.41611 2 427.808 324.573 228.164 235.246
8 -0.325294 0.219442 2.23487 2 383.708 231.447 204.644 167.75
9 -0.265339 -0.0163956 2.28573 2 404.128 284.84 215.535 206.448
10 -0.196494 -0.219186 2.4161 2 428.023 327.122 228.279 237.094
11 -0.181075 -0.255876 2.44956 2 433.109 334.083 230.992 242.139
12 -0.465174 -0.211628 2.47033 2 354.137 324.671 188.873 235.317
13 -0.419333 -0.527511 2.56334 2 370.963 385.807 197.847 279.627
14 -0.485199 -0.89568 2.73681 2 361.093 448.106 192.583 324.781
15 -0.410796 -0.949763 2.71103 2 378.923 459.904 202.092 333.332
16 -0.364895 -0.1872 2.50323 2 383.594 319.099 204.583 231.278
17 -0.412394 -0.565627 2.58693 2 373.817 392.371 199.369 284.385
18 -0.387826 -0.783999 2.9614 2 393.401 415.916 209.814 301.45
19 -0.306662 -0.820245 2.96428 2 412.421 422.007 219.958 305.865
20 -0.426302 0.314785 2.35154 2 358.899 213.26 191.413 154.568
21 -0.167795 -0.270516 2.4396 2 436.643 337.34 232.876 244.499
22 -0.234015 -0.189885 2.39992 2 416.888 321.257 222.34 232.842
23 -0.168398 -0.310046 2.47459 2 437.13 344.651 233.136 249.798
24 -0.153548 -0.244037 2.43741 2 440.634 331.877 235.005 240.54
1
1
0.179478 -0.0270742 0.97313 -0.141678
0.127057 -0.0194407 0.981352 -0.142926
0.0506361 -0.00442853 0.982442 -0.179509
0 0 0 0
-0.403139 0.903686 -0.117394 0.0839603
-0.194723 0.60715 0.193431 0.745679
-0.306 -0.56134 0.0468785 0.767505
-0.335511 -0.573546 0.164558 0.72897
-0.343925 0.871048 0.344841 -0.0638424
-0.1602 -0.635741 0.000598877 0.755095
0.0545533 0.585513 0.304311 0.749396
0.0850224 0.562787 0.374085 0.73219
-0.218842 0.642589 -0.637179 0.364953
0.156076 0.808606 -0.0241371 -0.566758
0.189733 0.943594 -0.132293 -0.23692
0 0 0 0
0.0484381 0.578559 0.801985 -0.140512
0.122132 0.75974 0.0225451 0.638256
0.0644625 0.168128 0.49434 0.850415
0 0 0 0
0.0505481 -0.00681351 0.985879 -0.159503
0 0 0 0
0 0 0 0
0 0 0 0
0 0 0 0
