12458205
0 1.04368 0.122426 3.24437 2 706.6 261.993 376.853 189.889
1 1.03485 0.386947 3.0917 2 715.84 217.409 381.781 157.575
2 1.02245 0.642875 2.92862 2 726.088 169.183 387.247 122.621
3 0.989301 0.752688 2.8768 2 722.51 147.655 385.339 107.019
4 0.929396 0.601456 3.08817 2 692.453 181.924 369.308 131.856
5 0.906351 0.402504 3.23027 2 678.046 217.785 361.624 157.848
6 0.879282 0.595868 3.18103 1 675.322 185.783 360.172 134.653
7 0.889958 0.591275 3.09257 1 683.253 183.777 364.402 133.199
8 1.12572 0.520521 2.89858 2 753.355 189.548 401.789 137.382
9 1.17229 0.276749 2.95481 2 759.094 233.415 404.85 169.176
10 1.0943 0.535917 2.94986 1 741.241 188.493 395.329 136.617
11 1.08149 0.558363 2.86652 1 745.658 181.788 397.684 131.757
12 0.98114 0.135229 3.24966 2 692.792 260.03 369.489 188.466
13 1.06623 -0.120178 3.42875 2 699.106 299.055 372.856 216.751
14 1.13324 -0.367283 3.52359 2 706.643 334.319 376.876 242.31
15 1.07971 -0.437993 3.53602 2 695.326 344.305 370.84 249.548
16 1.08347 0.106749 3.16883 2 720.736 264.044 384.392 191.376
17 1.15758 -0.171979 3.3229 2 725.259 307.591 386.805 222.938
18 1.19107 -0.410434 3.44953 2 723.205 341.877 385.71 247.788
19 1.14405 -0.495216 3.43439 2 714.762 354.727 381.206 257.101
20 1.02634 0.579853 2.97152 2 723.441 181.649 385.835 131.657
21 0.893297 0.635244 3.06866 2 685.623 175.683 365.665 127.333
22 0.885026 0.566805 3.07117 2 683.51 187.168 364.539 135.657
23 1.07283 0.638969 2.87299 2 742.999 167.681 396.266 121.533
24 1.12442 0.545874 2.81392 2 761.173 182.18 405.959 132.042
1
1
-0.327929 0.0737631 0.908476 -0.24838
-0.351462 0.0802025 0.899634 -0.246376
-0.373387 0.0903991 0.879407 -0.281165
0 0 0 0
0.452093 0.637237 -0.605073 -0.15306
0.187866 0.451934 0.244179 0.837161
-0.133777 -0.0505845 0.98094 -0.131534
-0.0322318 -0.0530938 -0.687913 0.72313
-0.0462881 0.723541 0.530108 -0.439695
0.143279 0.849488 0.0221563 -0.507297
0.0407067 -0.14586 0.988462 -0.00323303
0.0648125 -0.141517 0.790201 -0.592752
-0.233239 -0.617043 0.738608 -0.138982
-0.242122 -0.368452 0.215461 0.871319
-0.138712 -0.0730718 0.168046 0.973232
0 0 0 0
-0.262155 0.605097 0.583932 -0.47345
0.178117 0.883655 0.205093 0.381267
0.201212 0.903534 0.145851 0.349095
0 0 0 0
-0.374491 0.0891312 0.885349 -0.260708
0 0 0 0
0 0 0 0
0 0 0 0
0 0 0 0
