12512938
0 -0.494918 -0.269708 2.41878 2 342.769 337.828 182.81 244.853
1 -0.480762 0.0273393 2.31641 2 340.867 275.223 181.796 199.478
2 -0.46968 0.316135 2.20105 2 336.593 208.223 179.517 150.917
3 -0.444576 0.439741 2.20167 2 344.382 179.622 183.67 130.187
4 -0.486442 0.162138 2.13553 2 326.744 242.651 174.263 175.87
5 -0.379873 -0.0702566 2.17209 2 363.496 297.605 193.864 215.7
6 -0.287378 -0.236889 2.25872 2 396.355 334.347 211.389 242.33
7 -0.263121 -0.318401 2.30479 2 405.32 351.233 216.17 254.569
8 -0.384774 0.226777 2.34498 1 370.894 232.176 197.81 168.278
9 -0.377497 0.00236941 2.4584 1 378.264 280.723 201.741 203.464
10 -0.333972 -0.131084 2.63145 2 396.639 306.43 211.541 222.096
11 -0.317373 -0.16046 2.65832 2 401.823 311.767 214.306 225.965
12 -0.513321 -0.27264 2.35866 2 333.719 339.928 177.983 246.375
13 -0.457602 -0.606342 2.52565 2 358.651 403.388 191.281 292.37
14 -0.48119 -0.900266 2.72865 2 361.739 449.469 192.928 325.769
15 -0.40672 -0.950106 2.71061 2 379.95 459.994 202.64 333.398
16 -0.462902 -0.259631 2.41193 2 351.585 335.843 187.512 243.415
17 -0.448003 -0.625762 2.53525 2 361.733 406.834 192.924 294.868
18 -0.423594 -0.82018 2.93762 2 384.187 423.36 204.9 306.846
19 -0.358914 -0.830439 2.95419 2 399.917 424.294 213.289 307.523
20 -0.472266 0.2451 2.23215 2 337.941 225.448 180.235 163.401
21 -0.224062 -0.379918 2.34633 2 418.161 363.304 223.019 263.318
22 -0.287409 -0.335246 2.29768 2 397.761 355.195 212.139 257.44
23 -0.285825 -0.197393 2.66429 2 410.159 318.713 218.751 230.999
24 -0.28315 -0.156252 2.62675 2 409.818 311.316 218.569 225.638
3
0
0.397842 -0.0457091 0.902198 -0.160222
0.449993 -0.0550136 0.877351 -0.157271
0.502915 -0.0906199 0.839557 -0.184414
0 0 0 0
-0.297972 0.730125 -0.295781 0.539114
-0.0764821 0.758323 0.21032 0.612259
-0.318535 -0.697229 -0.0236477 0.641753
0.273502 0.730086 -0.0616903 -0.623189
0.352343 0.705604 0.558757 0.256451
-0.141538 -0.542139 0.18415 0.807553
0.283972 0.718486 0.346275 0.532194
0.166945 0.763847 0.362742 0.507035
0.363568 -0.544256 0.586963 -0.476527
0.239858 0.899668 -0.0150924 -0.364469
0.279675 0.925231 -0.106149 -0.23337
0 0 0 0
0.0503298 0.57201 0.802835 -0.160396
0.103347 0.713175 0.125819 0.681814
-0.0146249 0.0280129 0.531583 0.846417
0 0 0 0
0.505927 -0.0785792 0.842637 -0.166812
0 0 0 0
0 0 0 0
0 0 0 0
0 0 0 0
