12537773
0 -0.352734 -0.168594 2.58664 2 390.1 314.221 208.053 227.743
1 -0.37513 0.139697 2.50298 2 380.78 252.938 203.083 183.326
2 -0.393554 0.44052 2.40698 2 371.088 188.245 197.913 136.437
3 -0.384414 0.556552 2.408 2 373.622 163.665 199.265 118.622
4 -0.402721 0.290442 2.3338 2 364.968 218.064 194.65 158.05
5 -0.268046 0.0682099 2.3477 2 405.44 266.508 216.235 193.162
6 -0.186901 -0.0986032 2.42345 2 430.952 301.788 229.841 218.732
7 -0.179481 -0.17305 2.45642 2 433.726 316.848 231.321 229.647
8 -0.320384 0.243672 2.29106 1 387.642 227.307 206.742 164.749
9 -0.233312 0.016589 2.36791 2 416.224 277.667 221.986 201.249
10 -0.171165 -0.205071 2.4709 1 436.328 323.201 232.708 234.251
11 -0.165187 -0.238428 2.48895 2 438.317 329.685 233.769 238.951
12 -0.392376 -0.174725 2.54467 2 377.777 316.003 201.481 229.035
13 -0.346988 -0.537894 2.61855 2 392.486 385.551 209.326 279.442
14 -0.447141 -0.879298 2.72114 2 370.105 445.958 197.389 323.224
15 -0.390031 -0.947432 2.69655 2 383.7 460.416 204.64 333.703
16 -0.302131 -0.157566 2.56187 2 402.825 312.345 214.84 226.384
17 -0.346808 -0.443149 2.58637 2 391.48 368.163 208.789 266.84
18 -0.363504 -0.747761 2.91316 2 397.703 411.774 212.108 298.448
19 -0.348452 -0.846049 2.8709 2 399.966 431.273 213.315 312.58
20 -0.389484 0.366449 2.43314 2 373.552 204.774 199.228 148.418
21 -0.139683 -0.234169 2.49764 2 445.504 328.646 237.602 238.198
22 -0.169874 -0.230439 2.44867 2 436.249 328.832 232.666 238.333
23 -0.1522 -0.287074 2.50675 2 442.191 339.179 235.835 245.832
24 -0.143001 -0.240492 2.46927 2 444.134 330.491 236.872 239.536
1
1
0.108024 -0.049468 0.984732 -0.127227
0.0774025 -0.0454946 0.987611 -0.128701
0.0283606 -0.0311021 0.984892 -0.167977
0 0 0 0
-0.437441 0.894494 -0.0807325 0.0448023
-0.196966 0.58347 0.184952 0.765872
0.25518 0.905968 0.136466 -0.309001
0.210599 0.930858 -0.0186711 -0.297997
-0.39158 0.89806 0.199662 -0.0169546
0.215069 0.879249 0.0926632 -0.414826
0.0896056 0.768625 0.229143 0.590491
0.140613 0.757641 0.214155 0.600288
-0.225685 0.663004 -0.629492 0.336499
0.115942 0.772226 -0.0150532 -0.624498
0.102158 0.948927 -0.169005 -0.246047
0 0 0 0
-0.0678781 0.5932 0.769049 -0.228191
0.0831816 0.741405 -0.0292274 0.665241
0.271387 0.588297 0.292686 0.703271
0 0 0 0
0.0279876 -0.0347445 0.988025 -0.147703
0 0 0 0
0 0 0 0
0 0 0 0
0 0 0 0
