12586532
0 -0.442519 -0.254388 2.4699 2 360.439 333.461 192.234 241.688
1 -0.465158 0.0380336 2.35831 2 348.014 273.032 185.608 197.89
2 -0.48293 0.324311 2.23493 2 334.717 207.463 178.516 150.366
3 -0.439875 0.442648 2.22974 2 347.615 180.252 185.395 130.644
4 -0.516366 0.182001 2.14756 2 317.923 238.148 169.559 172.606
5 -0.518533 -0.0335399 2.12076 2 315.177 289.244 168.094 209.64
6 -0.358515 -0.0669202 2.30939 1 377.089 295.889 201.114 214.457
7 -0.358508 -0.0834078 2.36797 1 379.742 299.052 202.529 216.749
8 -0.399256 0.215151 2.3691 1 367.829 235.162 196.176 170.442
9 -0.473366 0.0717413 2.15295 1 332.299 264.298 177.226 191.559
10 -0.552862 -0.0843398 2.21331 1 311.483 300.572 166.124 217.85
11 -0.532667 -0.143865 2.29582 1 323.822 313.036 172.705 226.884
12 -0.467191 -0.261408 2.39896 2 349.623 336.52 186.465 243.905
13 -0.531929 -0.51532 2.49048 1 336.257 386.501 179.337 280.131
14 -0.529339 -0.904763 2.71586 2 348.842 451.15 186.049 326.987
15 -0.432562 -0.946526 2.70163 2 372.964 459.928 198.914 333.349
16 -0.404652 -0.240107 2.47211 2 371.168 330.457 197.956 239.511
17 -0.454098 -0.577223 2.52316 2 359.528 397.597 191.748 288.173
18 -0.464004 -0.828468 2.89018 2 372.826 427.218 198.841 309.642
19 -0.395005 -0.880768 2.87198 2 388.731 437.454 207.323 317.061
20 -0.47915 0.25378 2.26795 2 338.147 224.383 180.345 162.63
21 -0.352786 -0.138626 2.40252 2 382.874 310.439 204.199 225.002
22 -0.361246 -0.125809 2.33025 2 377.221 308.564 201.184 223.643
23 -0.537795 -0.147486 2.29256 2 322.035 313.887 171.752 227.501
24 -0.545962 -0.139411 2.27516 2 318.293 312.339 169.757 226.379
1
1
0.414413 -0.109562 0.891172 -0.148563
0.438174 -0.113508 0.879732 -0.14557
0.463453 -0.124907 0.858789 -0.179139
0 0 0 0
-0.316448 0.718515 -0.39036 0.480849
-0.0538907 0.904424 -0.0306662 0.422106
0.598055 0.725037 0.274706 -0.202948
0.603712 0.797094 -0.00790278 -0.0105332
0.298838 0.745549 0.516876 0.296128
0.456764 -0.687518 -0.159905 0.541403
0.0825533 -0.5599 0.26824 0.77958
-0.352927 -0.522899 0.297502 0.716597
-0.384146 0.597788 -0.553085 0.434946
0.124089 0.931819 -0.164909 -0.298529
0.256223 0.952444 -0.0400199 -0.159998
0 0 0 0
0.172071 0.562443 0.804098 -0.0864581
0.10366 0.735054 -0.00313485 0.67003
0.159756 0.28037 0.438301 0.838906
0 0 0 0
0.464359 -0.120059 0.862978 -0.158828
0 0 0 0
0 0 0 0
0 0 0 0
0 0 0 0
