12527071
0 0.865579 0.126648 3.26962 2 666.842 261.52 355.649 189.546
1 0.824802 0.392245 3.12452 2 666.473 217.341 355.452 157.526
2 0.778904 0.648995 2.9648 2 665.882 169.668 355.137 122.973
3 0.712764 0.762447 2.94953 2 651.351 149.448 347.387 108.318
4 0.737568 0.581269 3.12621 2 647.124 186.587 345.133 135.236
5 0.747293 0.397282 3.30952 1 639.883 220.212 341.271 159.607
6 0.88562 0.24937 3.12033 1 680.21 240.547 362.779 174.345
7 0.909204 0.163771 3.06589 1 689.058 254.026 367.498 184.114
8 0.842451 0.529476 2.89608 2 685.403 188.046 365.548 136.293
9 0.68963 0.311546 2.89063 2 648.738 226.433 345.994 164.116
10 0.486449 0.242157 2.88292 2 600.217 238.624 320.116 172.951
11 0.395242 0.226467 2.88391 2 578.301 241.432 308.427 174.987
12 0.825147 0.140409 3.28514 2 657.4 259.493 350.613 188.077
13 0.904961 -0.123817 3.4559 2 664.837 299.422 354.58 217.017
14 0.96865 -0.387106 3.53156 2 673.618 336.985 359.263 244.242
15 0.948232 -0.456903 3.5594 2 668.17 346.527 356.357 251.158
16 0.885221 0.109208 3.17954 2 676.376 263.743 360.734 191.157
17 1.00763 -0.173008 3.29842 2 695.295 307.912 370.824 223.17
18 1.11854 -0.42067 3.4471 2 708.686 343.404 377.966 248.894
19 1.10436 -0.513452 3.41436 2 708.026 357.869 377.614 259.379
20 0.791186 0.585802 3.00712 2 666.072 181.989 355.239 131.903
21 0.94205 0.0960527 3.07278 2 696.038 265.299 371.22 192.285
22 0.856672 0.10419 3.08167 2 676.082 264.016 360.577 191.356
23 0.332108 0.214594 2.89668 2 562.836 243.705 300.179 176.634
24 0.382007 0.252817 2.8635 2 575.797 236.485 307.092 171.401
1
3
-0.494474 0.0663237 0.830875 -0.246463
-0.500053 0.0679804 0.827529 -0.246012
-0.49919 0.0794347 0.812988 -0.28905
0 0 0 0
0.480371 0.666817 -0.501898 -0.269625
0.339725 0.797904 -0.175029 -0.466156
-0.146505 0.706972 0.460088 -0.516765
0.0502939 -0.521566 -0.294159 0.799318
-0.21869 0.632694 0.49297 -0.555746
-0.00480091 0.953383 -0.301141 0.0187709
-0.368254 0.648756 -0.450442 -0.490516
-0.395936 0.598179 -0.508403 -0.476385
-0.344733 -0.588768 0.729772 -0.0440992
-0.190106 -0.222691 0.238361 0.925987
-0.134005 -0.145319 0.118207 0.973115
0 0 0 0
-0.33087 0.530429 0.545517 -0.558194
0.143937 0.943062 0.226739 0.196229
0.127622 0.826178 0.288989 0.466505
0 0 0 0
-0.502791 0.0745897 0.818583 -0.267507
0 0 0 0
0 0 0 0
0 0 0 0
0 0 0 0
