12487784
0 -0.402559 -0.236812 2.47656 2 371.959 329.692 198.378 238.956
1 -0.432713 0.0504783 2.36342 2 357.824 270.383 190.839 195.97
2 -0.459491 0.330521 2.23791 2 342.185 206.17 182.499 149.429
3 -0.426053 0.44899 2.23068 2 351.966 178.856 187.715 129.633
4 -0.496108 0.182648 2.1591 2 325.344 238.241 173.517 172.674
5 -0.468525 -0.0580454 2.18255 2 335.915 294.707 179.155 213.599
6 -0.386186 -0.266129 2.27719 2 367.043 340.496 195.756 246.787
7 -0.373109 -0.324251 2.33607 2 373.828 351.637 199.375 254.861
8 -0.357099 0.221308 2.36045 1 379.754 233.691 202.535 169.376
9 -0.325325 0.0152941 2.49598 1 394.296 278.109 210.291 201.57
10 -0.31236 -0.184452 2.63441 1 402.378 316.659 214.602 229.51
11 -0.319589 -0.184418 2.71979 1 403.115 315.538 214.995 228.697
12 -0.43315 -0.260754 2.40567 2 359.812 336.204 191.9 243.676
13 -0.42462 -0.526007 2.51327 2 367.234 387.609 195.858 280.933
14 -0.450782 -0.878336 2.76629 2 371.068 443.069 197.903 321.13
15 -0.374459 -0.94011 2.7235 2 388.673 457.238 207.292 331.4
16 -0.361517 -0.206624 2.48147 2 383.639 323.402 204.608 234.397
17 -0.329209 -0.458211 2.73839 2 401.078 366.095 213.908 265.341
18 -0.394599 -0.808267 2.96378 2 391.869 420.011 208.997 304.418
19 -0.342768 -0.858708 2.89849 2 402.122 432.07 214.465 313.158
20 -0.453165 0.261616 2.27144 2 346.307 222.735 184.697 161.436
21 -0.344608 -0.394118 2.3627 2 383.354 365.875 204.456 265.181
22 -0.336337 -0.315261 2.3018 2 383.241 350.678 204.395 254.167
23 -0.318428 -0.187486 2.70998 1 403.115 316.236 214.995 229.203
24 -0.316059 -0.171458 2.69587 1 403.303 313.407 215.095 227.153
3
0
0.411509 -0.122875 0.890888 -0.147918
0.412427 -0.123028 0.890464 -0.147792
0.412423 -0.133121 0.88203 -0.184956
0 0 0 0
-0.292324 0.753581 -0.374327 0.454469
0.0185606 0.896537 0.07224 0.436644
0.0826846 0.82582 0.254865 0.496214
0.271478 0.767125 0.281675 0.508407
0.258332 0.769099 0.534958 0.235735
0.292317 0.941535 0.016096 -0.166744
-0.0303214 -0.00770367 0.297836 0.954104
0.0064174 -0.0532417 0.707216 0.704961
-0.312681 0.66065 -0.50413 0.460028
0.18526 0.923392 -0.0505565 -0.332371
0.275232 0.890604 -0.137322 -0.334983
0 0 0 0
0.216668 0.449268 0.86484 -0.0571378
0.0923924 0.328514 0.378213 0.860521
0.200812 0.441063 0.210643 0.84898
0 0 0 0
0.413335 -0.126936 0.886423 -0.165217
0 0 0 0
0 0 0 0
0 0 0 0
0 0 0 0
