12470149
0 1.04174 0.121059 3.25134 2 705.702 262.249 376.374 190.074
1 1.03591 0.383818 3.10428 2 715.127 218.184 381.401 158.137
2 1.02551 0.640277 2.94624 2 725.355 170.306 386.856 123.436
3 0.984224 0.75222 2.89263 2 719.98 148.473 383.989 107.611
4 0.92902 0.596989 3.09399 2 691.969 182.851 369.05 132.528
5 0.907208 0.407785 3.22582 2 678.506 216.862 361.87 157.178
6 0.880131 0.601135 3.17658 1 675.785 184.8 360.419 133.94
7 0.897534 0.601597 3.08868 1 685.226 181.94 365.454 131.868
8 1.12166 0.523582 2.90164 2 752.097 189.107 401.118 137.063
9 1.16259 0.264539 2.96094 2 756.23 235.622 403.323 170.776
10 1.07716 0.520702 2.9711 1 735.362 191.783 392.193 139.002
11 1.05848 0.539259 2.88711 1 738.221 185.889 393.718 134.73
12 0.978823 0.133295 3.25549 2 691.917 260.372 369.023 188.714
13 1.06874 -0.123557 3.4307 2 699.494 299.547 373.063 217.107
14 1.13161 -0.375784 3.52519 2 706.222 335.524 376.652 243.183
15 1.07581 -0.440684 3.54385 2 694.086 344.549 370.179 249.725
16 1.08206 0.106347 3.17703 2 719.809 264.154 383.898 191.455
17 1.15976 -0.174673 3.32615 2 725.479 307.978 386.922 223.218
18 1.19045 -0.412174 3.4509 2 722.987 342.11 385.593 247.956
19 1.14745 -0.496224 3.44439 2 714.776 354.663 381.214 257.055
20 1.02897 0.577311 2.9878 2 722.74 182.629 385.461 132.367
21 0.902447 0.636344 3.0665 2 687.847 175.418 366.852 127.141
22 0.893786 0.566549 3.0574 2 686.416 186.776 366.088 135.373
23 1.06359 0.625407 2.87935 2 740.189 170.342 394.768 123.461
24 1.00063 0.560792 2.8956 2 723.561 182.398 385.899 132.2
1
1
-0.318643 0.0736509 0.913616 -0.241552
-0.34927 0.0817544 0.902352 -0.238931
-0.379094 0.0917934 0.879292 -0.273325
0 0 0 0
0.428352 0.643614 -0.619174 -0.137474
0.183531 0.446577 0.240614 0.842016
0.00276525 -0.0682625 0.990014 -0.123307
-0.118666 -0.0192372 -0.698926 0.705018
-0.0959366 0.700173 0.543493 -0.452956
0.134348 0.874409 0.0154573 -0.465961
0.98592 0.0261905 -0.0441305 0.15915
0.77563 -0.600429 -0.0616849 0.184604
-0.220367 -0.620321 0.739382 -0.141257
-0.247733 -0.374416 0.204548 0.869828
-0.119207 -0.0166708 0.172691 0.977594
0 0 0 0
-0.262494 0.607579 0.587693 -0.465362
0.166479 0.881931 0.207915 0.388914
0.204082 0.911526 0.136245 0.330013
0 0 0 0
-0.380034 0.0908847 0.885294 -0.252129
0 0 0 0
0 0 0 0
0 0 0 0
0 0 0 0
