12471379
0 1.04078 0.121766 3.25207 2 705.445 262.143 376.237 189.997
1 1.03563 0.38375 3.10409 2 715.078 218.192 381.375 158.142
2 1.02532 0.639344 2.94577 2 725.348 170.45 386.852 123.54
3 0.983926 0.751711 2.89163 2 719.989 148.517 383.994 107.643
4 0.928479 0.597357 3.09332 2 691.892 182.769 369.009 132.468
5 0.905159 0.405229 3.22703 2 677.987 217.291 361.593 157.49
6 0.878089 0.598588 3.17779 1 675.261 185.248 360.139 134.265
7 0.892116 0.597285 3.08895 1 683.982 182.666 364.79 132.394
8 1.12206 0.522525 2.90047 2 752.303 189.256 401.228 137.17
9 1.1619 0.262965 2.95947 2 756.204 235.871 403.309 170.956
10 1.075 0.518733 2.96884 1 735.045 192.055 392.024 139.199
11 1.06019 0.538132 2.88563 1 738.766 186.039 394.008 134.838
12 0.978179 0.134404 3.25624 2 691.731 260.203 368.923 188.592
13 1.07011 -0.120887 3.43232 2 699.669 299.142 373.157 216.814
14 1.13324 -0.369051 3.5248 2 706.568 334.556 376.836 242.482
15 1.08124 -0.434477 3.54592 2 695.029 343.622 370.682 249.053
16 1.08101 0.106454 3.17783 2 719.518 264.141 383.743 191.446
17 1.15988 -0.173996 3.32722 2 725.426 307.866 386.894 223.137
18 1.19148 -0.411487 3.45034 2 723.234 342.018 385.725 247.89
19 1.14892 -0.497284 3.43803 2 715.506 354.958 381.603 257.269
20 1.02881 0.576605 2.98745 2 722.729 182.738 385.456 132.446
21 0.897469 0.631429 3.06551 2 686.777 176.207 366.281 127.712
22 0.888549 0.565318 3.06378 2 684.797 187.184 365.225 135.668
23 1.06569 0.624533 2.87535 2 741.055 170.341 395.229 123.461
24 1.00082 0.564888 2.89714 2 723.481 181.728 385.856 131.714
1
1
-0.320291 0.0758507 0.912524 -0.242817
-0.350004 0.0837624 0.901545 -0.240203
-0.379257 0.0922611 0.878753 -0.274672
0 0 0 0
0.429105 0.641286 -0.621527 -0.135368
0.184294 0.44176 0.240117 0.844528
-0.0726501 -0.0586494 0.98735 -0.128148
-0.0713859 -0.0389551 -0.698328 0.711143
-0.0961668 0.699479 0.543635 -0.453808
0.132457 0.882604 0.0161992 -0.45078
0.985183 0.0259033 -0.0505099 0.161841
0.778455 -0.599764 -0.0765036 0.168634
-0.222743 -0.617425 0.741025 -0.141614
-0.250924 -0.370393 0.205949 0.870305
-0.118913 -0.00172493 0.173506 0.977626
0 0 0 0
-0.261604 0.609337 0.585109 -0.466818
0.166913 0.882852 0.209371 0.385844
0.196687 0.901584 0.143115 0.35774
0 0 0 0
-0.380155 0.0915645 0.88494 -0.252942
0 0 0 0
0 0 0 0
0 0 0 0
0 0 0 0
