12455185
0 1.13062 0.0859235 3.17941 2 730.305 267.434 389.496 193.833
1 1.10422 0.345458 3.02289 2 737.166 222.919 393.155 161.568
2 1.07266 0.599385 2.85899 2 744.217 174.197 396.916 126.255
3 1.01382 0.713243 2.81961 2 733.393 152.081 391.143 110.226
4 1.00734 0.555574 3.02798 2 714.549 187.627 381.093 135.99
5 1.03516 0.324617 3.15386 1 711.255 228.76 379.336 165.802
6 1.00762 0.518442 3.10567 1 708.765 196.096 378.008 142.128
7 0.977745 0.546183 3.03494 1 707.205 189.443 377.176 137.306
8 1.16054 0.485929 2.80441 2 771.051 192.755 411.227 139.706
9 1.22162 0.236822 2.86705 2 779.537 239.046 415.753 173.257
10 1.14889 0.497732 2.85881 1 762.748 192.335 406.799 139.402
11 1.12775 0.527482 2.78384 1 765 184.482 408 133.71
12 1.07425 0.0986228 3.18517 2 717.485 265.435 382.659 192.383
13 1.08224 -0.136106 3.40377 2 703.991 301.573 375.462 218.576
14 1.12943 -0.361824 3.52079 2 706.063 333.569 376.567 241.766
15 1.0851 -0.425885 3.55748 2 695.087 342.187 370.713 248.013
16 1.16101 0.0730883 3.10564 2 743.049 269.209 396.293 195.119
17 1.24007 -0.214088 3.244 2 748.965 314.877 399.448 228.219
18 1.2672 -0.43954 3.36396 2 745.158 347.879 397.417 252.138
19 1.22325 -0.526649 3.34197 2 737.756 361.617 393.47 262.095
20 1.08139 0.536878 2.90191 2 742.417 186.788 395.956 135.382
21 0.978192 0.584683 3.02618 2 707.993 182.673 377.596 132.399
22 0.971167 0.498284 3.00171 2 708.129 196.575 377.669 142.475
23 1.1119 0.614288 2.80082 2 759.372 169.245 404.998 122.667
24 1.17157 0.504206 2.73494 2 781.138 187.098 416.607 135.606
1
1
-0.360383 0.0582516 0.892567 -0.264681
-0.404321 0.0713411 0.873542 -0.261457
-0.447744 0.0854453 0.842016 -0.288504
0 0 0 0
0.49337 0.626684 -0.56569 -0.209399
0.123332 0.644896 0.219541 0.721596
-0.0924762 -0.0573858 0.985967 -0.126587
-0.115887 -0.146402 0.810236 -0.555567
-0.133151 0.661169 0.542497 -0.500823
0.167591 0.75659 0.0129163 -0.631916
0.0936607 -0.136303 0.986227 -0.00246988
0.0856623 -0.209831 0.819182 -0.526853
-0.251554 -0.609085 0.738966 -0.140235
-0.161459 -0.379314 0.328858 0.849649
-0.0826139 0.0478543 0.238195 0.966513
0 0 0 0
-0.271368 0.557865 0.589014 -0.517889
0.156646 0.900323 0.195599 0.35584
0.197476 0.883751 0.148562 0.397388
0 0 0 0
-0.449665 0.0836588 0.847545 -0.269202
0 0 0 0
0 0 0 0
0 0 0 0
0 0 0 0
