12494340
0 1.11113 0.148749 3.31405 2 716.105 258.342 381.922 187.243
1 1.08716 0.408409 3.15973 2 722.377 215.304 385.268 156.049
2 1.05683 0.660318 2.99273 2 728.883 168.602 388.737 122.201
3 0.997522 0.772863 2.96964 2 716.957 148.372 382.377 107.538
4 0.988121 0.605774 3.16659 2 700.179 183.669 373.429 133.121
5 0.992649 0.446482 3.31222 1 691.406 212.55 368.75 154.053
6 1.01107 0.255877 3.3613 1 692.052 242.458 369.094 175.73
7 0.96019 0.147143 3.31279 1 684.363 258.612 364.993 187.439
8 1.11665 0.535089 2.93033 2 748.276 188.008 399.081 136.266
9 1.04616 0.328593 2.90529 2 733.535 223.527 391.219 162.009
10 0.855418 0.19023 2.86255 2 690.664 247.385 368.354 179.301
11 0.756712 0.145933 2.82407 2 669.098 254.937 356.852 184.775
12 1.06481 0.162802 3.31919 2 705.993 256.23 376.53 185.712
13 1.02422 -0.133056 3.46675 2 688.265 300.741 367.075 217.973
14 1.03256 -0.361164 3.53644 2 685.943 333.199 365.836 241.498
15 0.968131 -0.442726 3.52377 2 673.977 345.153 359.455 250.162
16 1.13316 0.131681 3.2375 2 726.4 260.479 387.413 188.792
17 1.26738 -0.123702 3.38628 2 743.356 299.841 396.456 217.321
18 1.31267 -0.358807 3.52759 2 741.916 333.096 395.688 241.424
19 1.29557 -0.451354 3.50873 2 739.952 346.837 394.641 251.383
20 1.0655 0.598367 3.03664 2 727.272 180.663 387.878 130.942
21 0.954762 0.116673 3.35592 2 680.625 263.526 363 191
22 0.951086 0.116224 3.343 2 680.625 263.526 363 191
23 0.709795 0.104796 2.81165 2 658.281 262.272 351.083 190.091
24 0.757024 0.0992206 2.80693 2 670.301 263.239 357.494 190.792
1
2
-0.424775 0.0796651 0.864892 -0.255305
-0.455169 0.0886657 0.84929 -0.25232
-0.483294 0.10201 0.81959 -0.290334
0 0 0 0
0.46719 0.651813 -0.553344 -0.225129
0.281694 0.706801 -0.227384 -0.607764
-0.0512321 -0.0335976 0.123602 0.990439
0.197576 0.0350431 -0.202678 0.958466
-0.2097 0.655393 0.468714 -0.55389
-0.043934 0.981431 -0.167235 0.0830434
0.224794 0.660888 -0.400737 0.593385
0.222238 0.589224 -0.507671 0.587959
-0.26061 -0.581947 0.759241 -0.130281
-0.0196023 -0.334493 0.235618 0.912258
-0.0527685 -0.238644 0.139028 0.959654
0 0 0 0
-0.328876 0.57421 0.53581 -0.524434
0.176664 0.912142 0.274637 0.247714
0.18024 0.816618 0.211398 0.505925
0 0 0 0
-0.485417 0.1003 0.825874 -0.26878
0 0 0 0
0 0 0 0
0 0 0 0
0 0 0 0
