12481136
0 0.98374 0.138216 3.26034 2 692.659 259.634 369.418 188.179
1 0.963964 0.393787 3.10126 2 699.161 216.52 372.886 156.931
2 0.939946 0.642571 2.92971 2 706.378 169.322 376.735 122.723
3 0.884525 0.748619 2.90268 2 695.255 149.617 370.803 108.44
4 0.895073 0.578991 3.10914 2 683.315 186.317 364.435 135.04
5 0.883854 0.415123 3.22442 1 673.545 215.687 359.224 156.327
6 0.856852 0.608443 3.17517 1 670.769 183.598 357.744 133.069
7 0.883932 0.611384 3.08869 1 682.166 180.33 363.822 130.701
8 0.995707 0.515427 2.86473 2 724.931 189.421 386.63 137.29
9 0.804164 0.366794 2.81108 2 681.89 214.778 363.674 155.668
10 0.593165 0.336853 2.77932 2 631.283 219.646 336.684 159.196
11 0.493163 0.332245 2.7616 2 607.106 220.16 323.79 159.569
12 0.943549 0.156178 3.26882 2 683.534 256.902 364.552 186.199
13 1.00767 -0.111952 3.44154 2 686.413 297.762 366.087 215.814
14 1.08183 -0.395785 3.47366 2 699.555 339.252 373.096 245.885
15 1.0498 -0.441406 3.55078 2 688.562 344.515 367.233 249.7
16 1.00221 0.116849 3.18056 2 701.999 262.504 374.399 190.259
17 1.05688 -0.206736 3.26081 2 708.323 313.506 377.773 227.225
18 1.09863 -0.449641 3.39798 2 707.893 348.652 377.543 252.699
19 1.05309 -0.534835 3.37951 2 699.784 361.869 373.218 262.278
20 0.946689 0.581417 2.97482 2 704.506 181.539 375.736 131.577
21 0.885459 0.640481 3.06066 2 684.375 174.535 365 126.501
22 0.870855 0.578732 3.0615 2 680.932 184.887 363.164 134.004
23 0.432615 0.318926 2.73036 2 593.156 221.973 316.35 160.883
24 0.448846 0.362389 2.72058 2 597.717 213.625 318.782 154.832
1
2
-0.474207 0.105708 0.835883 -0.255448
-0.492525 0.111315 0.825222 -0.253054
-0.50693 0.127006 0.802388 -0.28821
0 0 0 0
0.48545 0.645394 -0.505875 -0.303142
0.178667 0.485137 0.244492 0.820331
-0.189058 -0.0428939 0.971802 -0.134234
0.0476117 0.163408 0.716904 -0.676076
-0.225432 0.661417 0.457205 -0.550156
-0.116036 0.893973 -0.432723 0.00995261
-0.435706 0.63254 -0.490591 -0.41155
-0.466902 0.609946 -0.509257 -0.388106
-0.316747 -0.53855 0.774595 -0.0981679
-0.168428 -0.235057 0.244012 0.925656
-0.0834612 0.486886 0.110208 0.862456
0 0 0 0
-0.342278 0.57955 0.506566 -0.53885
0.0952825 0.956854 0.109616 0.251665
0.204346 0.893036 0.166336 0.364776
0 0 0 0
-0.509916 0.12184 0.808347 -0.267797
0 0 0 0
0 0 0 0
0 0 0 0
0 0 0 0
