12474330
0 1.04168 0.120503 3.25099 2 705.712 262.334 376.38 190.136
1 1.03631 0.38325 3.10391 2 715.244 218.27 381.463 158.199
2 1.0264 0.638999 2.94562 2 725.616 170.504 386.995 123.579
3 0.984996 0.751654 2.89192 2 720.223 148.54 384.119 107.66
4 0.928944 0.597612 3.09391 2 691.958 182.745 369.044 132.451
5 0.905819 0.398937 3.23493 1 677.646 218.44 361.411 158.322
6 0.878755 0.592319 3.18569 1 674.921 186.493 359.958 135.168
7 0.894176 0.591269 3.09757 1 683.877 183.934 364.735 133.313
8 1.12385 0.522094 2.90154 2 752.632 189.365 401.403 137.249
9 1.16377 0.263295 2.95925 2 756.667 235.81 403.555 170.912
10 1.07644 0.518725 2.97093 1 735.206 192.118 392.11 139.245
11 1.06044 0.541844 2.88861 1 738.563 185.481 393.9 134.434
12 0.978889 0.133292 3.25582 2 691.91 260.374 369.019 188.716
13 1.0708 -0.122772 3.431 2 699.894 299.429 373.277 217.022
14 1.13139 -0.372231 3.52543 2 706.162 335.006 376.62 242.808
15 1.0813 -0.440082 3.54476 2 695.113 344.449 370.727 249.652
16 1.08214 0.104962 3.17646 2 719.869 264.373 383.93 191.614
17 1.16004 -0.175262 3.32661 2 725.505 308.065 386.936 223.281
18 1.19233 -0.408837 3.44695 2 723.641 341.687 385.942 247.65
19 1.15807 -0.497821 3.43126 2 717.828 355.189 382.841 257.436
20 1.02967 0.576197 2.98732 2 722.941 182.803 385.569 132.493
21 0.900042 0.625294 3.07023 2 687.04 177.39 366.421 128.57
22 0.886448 0.559085 3.07583 2 683.52 188.593 364.544 136.689
23 1.0691 0.625002 2.87891 2 741.559 170.395 395.498 123.5
24 1.00299 0.563251 2.90022 2 723.747 182.122 385.999 131.999
1
1
-0.322515 0.0754339 0.912256 -0.241005
-0.350561 0.0828481 0.90185 -0.238558
-0.37746 0.0930426 0.879592 -0.274198
0 0 0 0
0.430131 0.639817 -0.622279 -0.135612
0.186901 0.450146 0.243233 0.838615
-0.100736 -0.0549567 0.984884 -0.129752
-0.0642797 -0.0580262 -0.700002 0.708872
-0.0918345 0.701394 0.544153 -0.451121
0.130881 0.881558 0.0171578 -0.453246
0.985114 0.0297174 -0.0471201 0.162625
0.79182 -0.580821 -0.0768236 0.172526
-0.225137 -0.617835 0.740825 -0.137007
-0.249727 -0.369093 0.204849 0.871461
-0.117735 -0.0248725 0.173599 0.977437
0 0 0 0
-0.261031 0.60996 0.58458 -0.466988
0.168998 0.883301 0.208279 0.384498
0.185396 0.878264 0.156429 0.412082
0 0 0 0
-0.378604 0.0914381 0.885669 -0.252763
0 0 0 0
0 0 0 0
0 0 0 0
0 0 0 0
