12585887
0 -0.446013 -0.254051 2.46909 2 359.417 333.41 191.689 241.651
1 -0.473985 0.0362484 2.357 2 345.341 273.41 184.182 198.164
2 -0.497197 0.31986 2.23329 2 330.172 208.41 176.092 151.053
3 -0.453925 0.435688 2.22417 2 342.893 181.58 182.876 131.607
4 -0.530079 0.178856 2.14887 2 313.586 238.91 167.246 173.159
5 -0.497454 -0.0471728 2.14334 2 323.808 292.386 172.698 211.917
6 -0.333057 -0.0532917 2.33104 1 385.635 292.787 205.672 212.208
7 -0.342957 -0.0307278 2.36107 1 383.997 287.801 204.799 208.594
8 -0.41276 0.211142 2.36788 1 363.823 235.991 194.039 171.043
9 -0.35183 0.00417697 2.49551 1 386.948 280.363 206.372 203.203
10 -0.342406 -0.214305 2.51605 1 390.268 324.359 208.143 235.091
11 -0.345039 -0.245629 2.47955 2 388.129 331.409 207.002 240.201
12 -0.471828 -0.26201 2.39326 2 347.956 336.784 185.576 244.096
13 -0.521592 -0.519041 2.48603 1 338.875 387.446 180.734 280.816
14 -0.524539 -0.906697 2.71419 2 349.985 451.617 186.659 327.326
15 -0.428044 -0.948384 2.7015 2 374.119 460.287 199.53 333.609
16 -0.406985 -0.239032 2.47577 2 370.684 330.165 197.698 239.299
17 -0.456953 -0.571598 2.51472 2 358.326 396.85 191.107 287.631
18 -0.465666 -0.825826 2.87984 2 372.026 427.278 198.414 309.685
19 -0.394362 -0.879037 2.86997 2 388.82 437.254 207.371 316.916
20 -0.492116 0.25009 2.2665 2 334.083 225.165 178.178 163.197
21 -0.345916 -0.0161713 2.36086 2 383.124 284.679 204.333 206.332
22 -0.33611 -0.0465829 2.33464 2 384.885 291.314 205.272 211.141
23 -0.341965 -0.268126 2.48197 2 389.064 335.96 207.501 243.499
24 -0.337386 -0.26381 2.473 2 390 335.271 208 243
0
1
0.430297 -0.120988 0.882843 -0.144202
0.445382 -0.123444 0.87533 -0.142105
0.461182 -0.13371 0.858943 -0.177903
0 0 0 0
-0.31404 0.724168 -0.389528 0.474582
-0.0408457 0.906719 0.0600402 0.415436
0.612275 0.698864 0.335948 -0.154423
0.861297 0.385632 0.22048 0.246667
0.296979 0.744206 0.516739 0.301565
0.15793 0.808931 0.249487 0.508375
-0.0158667 0.116657 0.0489975 0.991836
-0.020789 0.110314 -0.417625 0.901659
-0.389902 0.602052 -0.546386 0.432404
0.135885 0.937918 -0.137254 -0.288109
0.258991 0.952613 -0.0450475 -0.153044
0 0 0 0
0.210246 0.565812 0.795687 -0.0503538
0.0926122 0.736876 -0.0160105 0.669463
0.145589 0.258576 0.439493 0.847814
0 0 0 0
0.461983 -0.128629 0.863502 -0.156172
0 0 0 0
0 0 0 0
0 0 0 0
0 0 0 0
