12455843
0 -0.50084 -0.185253 2.49796 2 345.698 318.842 184.372 231.092
1 -0.504705 0.102042 2.4207 2 340.189 259.822 181.434 188.315
2 -0.505611 0.382812 2.33347 2 334.248 197.803 178.266 143.365
3 -0.456212 0.496079 2.34917 2 349.708 173.792 186.511 125.962
4 -0.536123 0.233523 2.23856 2 318.542 228.192 169.889 165.391
5 -0.539109 -0.0172665 2.20969 2 315.547 285.18 168.292 206.694
6 -0.435054 -0.16635 2.31948 2 354.672 317.587 189.158 230.183
7 -0.43029 -0.206217 2.36419 2 358.501 325.453 191.201 235.884
8 -0.388303 0.315704 2.58514 1 380.447 219.284 202.905 158.934
9 -0.614008 0.193473 2.57029 1 319.023 242.968 170.146 176.1
10 -0.440346 0.032043 2.66371 2 370.132 275.116 197.404 199.4
11 -0.384246 -0.0145107 2.70762 2 386.307 283.924 206.03 205.784
12 -0.515499 -0.187338 2.44078 2 338.264 320.171 180.408 232.056
13 -0.415174 -0.530663 2.54825 2 371.415 387.06 198.088 280.536
14 -0.466749 -0.912074 2.67728 2 363.109 454.98 193.658 329.763
15 -0.404228 -0.964297 2.67025 2 379.003 465.446 202.135 337.349
16 -0.473777 -0.177809 2.49179 2 352.891 317.407 188.208 230.052
17 -0.435835 -0.550578 2.55172 2 365.932 390.924 195.164 283.336
18 -0.509902 -0.933422 2.75041 2 355.436 454.333 189.566 329.294
19 -0.418875 -0.964452 2.7168 2 377.073 462.302 201.105 335.07
20 -0.505946 0.313607 2.3572 2 335.754 213.614 179.069 154.825
21 -0.402269 -0.240372 2.41939 2 369.377 331.591 197.001 240.333
22 -0.427057 -0.227499 2.33753 2 358.003 330.584 190.935 239.603
23 -0.335321 -0.0600551 2.69285 2 398.306 292.499 212.43 211.999
24 -0.337207 0.00352555 2.67317 2 397.191 280.543 211.835 203.334
0
1
0.426703 -0.0622826 0.894835 -0.115392
0.486756 -0.0700097 0.86364 -0.110874
0.549466 -0.0896456 0.819181 -0.137817
0 0 0 0
-0.295067 0.698848 -0.37312 0.534161
-0.0493941 0.904776 -0.0295724 0.42198
0.309322 0.916154 0.230964 -0.107877
0.407828 0.911993 0.0440901 0.00138544
0.40735 0.623562 0.58151 0.327234
0.507144 -0.175352 0.0714113 0.840807
-0.0484876 0.742254 0.425357 0.515538
0.0121713 0.706213 0.475747 0.524194
0.40588 -0.552285 0.563566 -0.461125
0.184904 0.920577 0.0786297 -0.334912
0.149478 0.972956 -0.088668 -0.152155
0 0 0 0
0.0181984 0.590183 0.793205 -0.148924
-0.0202152 0.338899 0.0916812 0.936127
0.132945 0.195509 0.21198 0.948244
0 0 0 0
0.550799 -0.0832349 0.821892 -0.119101
0 0 0 0
0 0 0 0
0 0 0 0
0 0 0 0
