12542587
0 -0.305853 -0.188164 2.58557 2 402.567 318.056 214.702 230.523
1 -0.312988 0.104034 2.48791 2 397.412 260.043 211.953 188.476
2 -0.320359 0.388777 2.37691 2 391.022 198.22 208.545 143.667
3 -0.277533 0.505341 2.36442 2 402.934 172.652 214.898 125.136
4 -0.427356 0.255174 2.31036 2 356.397 225.164 190.078 163.196
5 -0.468298 0.0178413 2.33429 2 345.675 277.334 184.36 201.008
6 -0.415012 -0.227554 2.38209 2 363.877 329.659 194.068 238.933
7 -0.398478 -0.285272 2.39811 2 369.41 341.553 197.019 247.553
8 -0.204108 0.304786 2.52595 2 428.351 220.11 228.454 159.533
9 -0.175207 0.086796 2.64733 2 438.48 264.633 233.856 191.802
10 -0.146691 -0.123678 2.74283 2 447.209 304.009 238.512 220.342
11 -0.140986 -0.192005 2.76998 2 448.976 316.266 239.454 229.225
12 -0.34854 -0.192158 2.51013 2 388.37 319.989 207.131 231.924
13 -0.400786 -0.519632 2.55029 2 375.428 384.752 200.229 278.863
14 -0.478077 -0.888623 2.72213 2 362.249 447.677 193.199 324.471
15 -0.412678 -0.947511 2.70201 2 378.087 460.078 201.647 333.458
16 -0.254986 -0.179571 2.59289 2 416.324 316.259 222.04 229.22
17 -0.26749 -0.469353 2.77084 2 417.428 367.11 222.628 266.077
18 -0.358488 -0.77762 2.96206 2 400.287 414.762 213.486 300.614
19 -0.330566 -0.855469 2.91406 2 405.467 430.677 216.249 312.149
20 -0.31863 0.318659 2.40686 2 392.746 214.088 209.465 155.168
21 -0.384782 -0.357232 2.42494 2 374.527 355.969 199.748 258.001
22 -0.435182 -0.299921 2.3855 2 358.127 345.023 191.001 250.068
23 -0.130428 -0.261845 2.79515 2 451.876 328.603 241.001 238.167
24 -0.109405 -0.202487 2.71367 2 456.249 318.946 243.333 231.168
1
0
0.346487 -0.0673468 0.924139 -0.146212
0.355924 -0.0688393 0.920546 -0.145515
0.362941 -0.0850039 0.909927 -0.181879
0 0 0 0
-0.134437 0.742972 -0.530877 0.384823
0.0597431 0.987598 -0.0782466 0.122308
0.13941 0.776017 0.023893 -0.614647
0.186968 0.770418 0.0248812 -0.608998
0.340004 0.707696 0.585289 0.202488
0.127405 0.66047 0.223198 0.7055
0.170606 0.902625 0.137832 0.370356
0.158215 0.906693 0.108219 0.375719
0.300479 -0.59453 0.621849 -0.411764
0.0235565 0.910484 -0.0962808 -0.401491
0.183375 0.942759 -0.145174 -0.237703
0 0 0 0
0.173567 0.643757 0.74319 -0.055849
0.129679 0.397575 0.239581 0.876195
0.246511 0.4892 0.164646 0.820248
0 0 0 0
0.364333 -0.0780924 0.91372 -0.162109
0 0 0 0
0 0 0 0
0 0 0 0
0 0 0 0
