12539169
0 0.962643 0.149676 3.30198 2 685.544 258.146 365.624 187.101
1 0.960566 0.405555 3.14101 2 695.665 215.438 371.021 156.146
2 0.954224 0.655738 2.97015 2 706.688 168.582 376.9 122.186
3 0.895417 0.764006 2.93919 2 695.205 148.577 370.776 107.687
4 0.873264 0.593666 3.14431 2 676.243 185.02 360.663 134.1
5 0.869938 0.373064 3.28886 1 666.813 223.508 355.634 161.996
6 0.872414 0.155857 3.35559 2 663.543 257.602 353.89 186.707
7 0.870114 0.116633 3.37646 1 661.937 263.655 353.033 191.094
8 1.03736 0.529803 2.91469 2 730.745 188.464 389.731 136.596
9 1.03327 0.262132 2.95926 2 725.865 236.052 387.128 171.087
10 0.95846 0.0910189 3.02549 2 703.175 265.892 375.027 192.715
11 0.934742 0.0285366 3.05523 2 695.587 276.457 370.98 200.372
12 0.912967 0.160384 3.30669 2 674.776 256.544 359.88 185.939
13 1.00336 -0.106422 3.46946 2 683.9 296.816 364.747 215.128
14 1.0706 -0.370166 3.57464 2 691.197 333.938 368.638 242.033
15 1.02139 -0.439144 3.59167 2 680.689 343.452 363.034 248.929
16 0.991969 0.136007 3.22765 2 696.574 259.76 371.506 188.27
17 1.10756 -0.161402 3.32334 2 714.703 305.954 381.175 221.752
18 1.13991 -0.409691 3.46803 2 711.615 341.419 379.528 247.456
19 1.09794 -0.497267 3.44207 2 704.891 354.842 375.942 257.185
20 0.956601 0.594094 3.01478 2 703.861 180.715 375.393 130.98
21 0.874757 0.080512 3.3874 2 662.305 269.132 353.23 195.063
22 0.838367 0.111056 3.37369 2 655.53 264.486 349.616 191.696
23 0.916764 -0.0218571 3.08889 2 689.193 284.811 367.57 206.427
24 0.908016 0.0280268 3.01423 2 692.3 276.479 369.227 200.388
1
0
-0.36746 0.102667 0.887795 -0.257397
-0.395047 0.110667 0.875868 -0.25406
-0.422166 0.12203 0.852403 -0.283362
0 0 0 0
0.445503 0.672945 -0.547849 -0.220303
0.206287 0.706148 -0.198148 -0.647717
-0.0648143 -0.398128 0.133682 0.90522
-0.0739897 -0.394371 0.231799 0.886153
-0.146191 0.697142 0.505036 -0.487401
0.0783207 0.968571 -0.0267398 -0.234567
0.09659 0.90817 -0.242661 -0.32713
0.138682 0.901653 -0.231747 -0.33776
-0.250754 -0.611447 0.73623 -0.145674
-0.22545 -0.321391 0.197831 0.898189
-0.12769 -0.0515682 0.178225 0.974306
0 0 0 0
-0.318059 0.594801 0.560828 -0.480127
0.0809729 0.919023 0.216901 0.319051
0.207743 0.866251 0.166001 0.422961
0 0 0 0
-0.423211 0.120393 0.858083 -0.264746
0 0 0 0
0 0 0 0
0 0 0 0
0 0 0 0
