12485426
0 -0.45477 -0.227267 2.50537 2 358.832 327.223 191.377 237.167
1 -0.438153 0.0622763 2.38094 2 357.171 267.95 190.491 194.207
2 -0.437802 0.344718 2.25218 2 349.759 203.457 186.538 147.463
3 -0.404974 0.465099 2.2474 2 359.442 175.984 191.703 127.551
4 -0.4708 0.19544 2.17574 2 334.641 235.599 178.475 170.759
5 -0.412797 -0.045674 2.19599 2 354.435 291.756 189.032 211.461
6 -0.305297 -0.252536 2.29217 2 392.23 337.043 209.189 244.284
7 -0.287483 -0.313057 2.3435 2 399.453 348.925 213.041 252.896
8 -0.335498 0.235483 2.37469 1 386.66 230.958 206.218 167.395
9 -0.303905 0.0293851 2.51021 1 400.692 275.286 213.702 199.524
10 -0.29529 -0.166035 2.64853 1 407.266 312.942 217.209 226.816
11 -0.298984 -0.210389 2.64846 1 406.285 321.429 216.686 232.967
12 -0.484716 -0.245257 2.44076 2 346.973 332.213 185.052 240.784
13 -0.413626 -0.573503 2.55803 2 372.218 395.215 198.516 286.446
14 -0.447997 -0.873591 2.7665 2 371.78 442.173 198.283 320.481
15 -0.373798 -0.938723 2.72551 2 388.914 456.845 207.421 331.115
16 -0.409453 -0.202861 2.50384 2 371.303 322.281 198.028 233.585
17 -0.338369 -0.461341 2.75307 2 399.221 366.224 212.918 265.434
18 -0.392887 -0.807651 2.95978 2 392.144 420.093 209.143 304.478
19 -0.343399 -0.859664 2.89628 2 401.907 432.356 214.351 313.365
20 -0.436607 0.275299 2.28607 2 352.206 220.081 187.843 159.511
21 -0.255343 -0.364071 2.36182 2 409.466 359.365 218.382 260.463
22 -0.340799 -0.307404 2.3659 2 384.69 347.098 205.168 251.572
23 -0.30206 -0.249558 2.6538 2 405.625 328.833 216.333 238.333
24 -0.307745 -0.193881 2.60622 2 402.711 318.875 214.779 231.117
3
0
0.377711 -0.0528648 0.903366 -0.196136
0.400027 -0.0577189 0.893708 -0.194763
0.416885 -0.103509 0.8806 -0.200092
0 0 0 0
-0.296013 0.741223 -0.357818 0.484697
-0.0174676 0.881627 0.123187 0.455251
-0.293328 -0.475725 0.0618615 0.826933
-0.282413 -0.508655 0.219522 0.783149
0.270233 0.776113 0.533851 0.199062
0.292456 0.937441 0.00890444 -0.188664
0.297259 0.91926 -0.0614882 -0.250635
-0.0108957 0.968726 -0.040092 -0.244629
-0.274037 0.616174 -0.549957 0.492728
0.194718 0.900396 0.0270364 -0.388125
0.261801 0.89284 -0.150432 -0.334166
0 0 0 0
0.171928 0.498695 0.841086 -0.119657
0.058209 0.385278 0.378851 0.839431
0.18524 0.450932 0.20055 0.84978
0 0 0 0
0.420663 -0.0863709 0.883057 -0.189189
0 0 0 0
0 0 0 0
0 0 0 0
0 0 0 0
