12532819
0 0.989819 0.143739 3.28685 2 692.253 258.953 369.201 187.685
1 0.986945 0.402914 3.13073 2 702.247 215.635 374.532 156.289
2 0.978545 0.65572 2.96339 2 712.919 168.312 380.223 121.99
3 0.928405 0.770448 2.92505 2 704.086 146.788 375.513 106.39
4 0.892372 0.600321 3.12704 2 681.582 183.382 363.51 132.912
5 0.874369 0.401956 3.27225 2 668.716 218.711 356.649 158.519
6 0.869892 0.174377 3.32072 2 664.923 254.517 354.626 184.47
7 0.872496 0.116811 3.34469 2 664.14 263.46 354.208 190.952
8 1.06946 0.532526 2.9083 2 738.987 187.766 394.126 136.09
9 1.1088 0.293739 2.96421 2 743.273 230.66 396.412 167.179
10 1.07334 0.121438 3.0511 2 727.643 260.923 388.077 189.113
11 1.06032 0.0516628 3.07883 2 722.459 272.66 385.312 197.62
12 0.935228 0.156352 3.29158 2 680.376 257.047 362.867 186.304
13 1.01662 -0.107526 3.46207 2 687.005 297.014 366.403 215.272
14 1.07659 -0.372182 3.57448 2 692.377 334.23 369.268 242.246
15 1.02727 -0.43874 3.59474 2 681.659 343.344 363.552 248.851
16 1.02308 0.128076 3.21215 2 704.376 260.906 375.667 189.101
17 1.11471 -0.168716 3.32749 2 715.915 307.045 381.821 222.542
18 1.15668 -0.401861 3.44718 2 716.397 340.635 382.078 246.888
19 1.1068 -0.479381 3.44917 2 706.212 352.047 376.646 255.159
20 0.981545 0.593485 3.00721 2 710.204 180.547 378.775 130.858
21 0.865968 0.0717224 3.37902 2 660.938 270.425 352.5 196
22 0.8371 0.116322 3.34267 2 656.873 263.53 350.332 191.003
23 1.05931 -0.0236072 3.10772 2 719.989 285.081 383.994 206.623
24 1.02115 0.0714488 3.07547 2 713.819 269.376 380.704 195.24
1
1
-0.354286 0.0938768 0.89597 -0.250813
-0.380759 0.10129 0.885044 -0.247912
-0.406938 0.110147 0.861927 -0.281691
0 0 0 0
0.440635 0.664655 -0.573321 -0.188089
0.20875 0.716786 -0.232491 -0.62337
-0.0390303 -0.452486 0.0976428 0.88555
-0.107001 -0.440458 0.165414 0.875892
-0.129134 0.693929 0.523577 -0.477131
0.132827 0.941673 0.0408589 -0.306496
-0.0509265 -0.543395 0.241484 0.80238
-0.0323611 -0.550493 0.202794 0.809187
-0.242709 -0.606522 0.743808 -0.141324
-0.221955 -0.341801 0.210196 0.888665
-0.112034 -0.0367958 0.192179 0.974249
0 0 0 0
-0.294023 0.603081 0.565231 -0.479957
0.116099 0.909092 0.196592 0.34846
0.207245 0.942465 0.133542 0.225777
0 0 0 0
-0.407781 0.109365 0.867849 -0.261901
0 0 0 0
0 0 0 0
0 0 0 0
0 0 0 0
