12468886
0 -0.325654 -0.237782 2.39854 2 390.466 331.443 208.248 240.225
1 -0.299488 0.0424249 2.2959 2 394.221 271.857 210.251 197.038
2 -0.27642 0.316465 2.17443 2 396.354 207.41 211.389 150.328
3 -0.23707 0.429315 2.1624 2 408.324 180.426 217.773 130.77
4 -0.281956 0.169846 2.10023 2 391.543 240.247 208.823 174.128
5 -0.209543 -0.0753743 2.12744 2 416.241 299.135 221.995 216.809
6 -0.128772 -0.282644 2.18881 2 443.475 346.594 236.52 251.207
7 -0.0990318 -0.363924 2.20613 2 453.044 364.803 241.623 264.404
8 -0.212116 0.143222 2.11096 1 414.849 246.875 221.253 178.932
9 -0.225963 -0.0448317 2.06315 1 408.648 292.205 217.946 211.786
10 -0.181131 -0.241164 2.14689 1 425.905 338.086 227.149 245.04
11 -0.14784 -0.266876 2.18219 1 437.342 343.131 233.249 248.696
12 -0.372916 -0.245602 2.34683 2 374.465 334.273 199.715 242.277
13 -0.184418 -0.554267 2.45377 2 432.088 395.922 230.447 286.959
14 -0.339248 -0.796995 2.77516 1 399.381 427.418 213.003 309.787
15 -0.248242 -0.851604 2.7131 2 420.625 441.083 224.333 319.691
16 -0.267253 -0.228814 2.37686 2 406.575 329.962 216.84 239.152
17 -0.178618 -0.580054 2.47579 2 434.155 400.22 231.549 290.074
18 -0.199331 -0.909508 2.70345 2 432.895 452.651 230.877 328.075
19 -0.189687 -0.972411 2.60874 2 433.557 471.331 231.23 341.614
20 -0.283482 0.249177 2.20687 2 395.497 223.995 210.932 162.348
21 -0.0653737 -0.417858 2.22466 2 463.708 376.447 247.311 272.844
22 -0.121898 -0.394591 2.2047 2 445.863 371.95 237.793 269.585
23 -0.141761 -0.319304 2.20438 2 439.686 354.586 234.499 256.999
24 -0.1273 -0.267551 2.1467 2 443.157 344.311 236.35 249.552
1
1
0.160439 0.0153976 0.970545 -0.179066
0.124954 0.0219146 0.975748 -0.178386
0.0665432 0.0330338 0.971571 -0.224791
0 0 0 0
-0.448188 0.89112 -0.026631 0.0657531
-0.0305321 0.836633 0.149101 0.526196
0.222 0.718078 0.0401774 -0.658382
0.19029 0.718938 0.0580489 -0.665994
-0.328235 0.911934 0.246221 -0.00355036
0.0974579 -0.538744 -0.0845406 0.832532
0.152278 0.922344 0.163473 0.315229
0.254874 0.81917 0.448228 0.251182
0.173953 -0.628914 0.643643 -0.399914
0.232429 0.89074 0.191757 -0.340276
0.34037 0.842627 -0.320746 -0.266927
0 0 0 0
-0.0153712 0.618381 0.755655 -0.215301
-0.0169688 0.584342 0.178987 0.791341
0.219648 0.640366 0.202383 0.707621
0 0 0 0
0.0662408 0.0225116 0.976571 -0.203505
0 0 0 0
0 0 0 0
0 0 0 0
0 0 0 0
