12536630
0 -0.386658 -0.185691 2.56246 2 380.055 317.928 202.696 230.43
1 -0.404437 0.129798 2.48372 2 371.82 254.729 198.304 184.624
2 -0.418944 0.437545 2.39445 2 363.146 188.365 193.678 136.525
3 -0.421602 0.553893 2.39691 2 362.35 163.648 193.253 118.61
4 -0.459636 0.291864 2.35662 2 349.385 218.331 186.339 158.243
5 -0.245962 0.158134 2.31604 1 410.91 246.653 219.152 178.77
6 -0.199369 -0.0322358 2.4444 2 427.905 287.88 228.216 208.651
7 -0.209156 -0.07921 2.50133 1 426.485 297.227 227.459 215.426
8 -0.323418 0.259486 2.30446 2 387.283 224.136 206.551 162.45
9 -0.245667 0.0370244 2.39854 2 413.541 273.402 220.555 198.158
10 -0.191735 -0.152119 2.55199 2 432.312 311.361 230.566 225.67
11 -0.181823 -0.18066 2.58491 2 435.603 316.564 232.321 229.442
12 -0.434359 -0.189955 2.53443 2 365.877 319.209 195.134 231.358
13 -0.353979 -0.55249 2.61161 2 390.374 388.692 208.199 281.719
14 -0.449051 -0.879943 2.70704 2 369.016 446.948 196.809 323.942
15 -0.392475 -0.9487 2.69177 2 382.889 460.98 204.208 334.112
16 -0.325259 -0.17566 2.52912 2 395.454 316.382 210.909 229.309
17 -0.347864 -0.469273 2.58023 2 390.95 373.535 208.507 270.733
18 -0.356455 -0.764154 2.91552 2 399.433 414.545 213.031 300.457
19 -0.351262 -0.859224 2.85397 1 398.769 434.545 212.677 314.952
20 -0.4157 0.361644 2.41879 2 365.39 205.309 194.874 148.805
21 -0.181947 -0.146112 2.5544 2 434.999 310.141 231.999 224.786
22 -0.270482 -0.0568697 2.5169 2 410.065 292.643 218.701 212.104
23 -0.184749 -0.234538 2.60928 2 435.268 326.694 232.143 236.783
24 -0.159323 -0.173909 2.56791 2 441.311 315.464 235.366 228.644
1
1
-0.0109644 -0.0261656 0.992106 -0.122148
-0.00846586 -0.0264731 0.992131 -0.122081
-0.00389869 -0.0199778 0.987782 -0.15451
0 0 0 0
-0.305567 0.911302 -0.262248 0.0859265
-0.470161 0.386454 0.130613 0.782651
-0.235834 -0.482289 0.195177 0.820784
-0.183355 -0.518209 0.38849 0.739537
-0.319678 0.878763 0.33522 -0.114928
0.248225 0.75862 0.00485601 -0.602376
0.084999 0.51769 0.337156 0.781728
0.119007 0.493204 0.408027 0.759014
-0.118346 0.687748 -0.669008 0.255785
0.147715 0.756646 0.0157423 -0.636725
0.10695 0.960879 -0.161732 -0.197777
0 0 0 0
-0.0936709 0.609866 0.749859 -0.238748
0.0885151 0.723702 0.0313675 0.683693
0.29046 0.62536 0.292387 0.662622
0 0 0 0
-0.00448263 -0.0229737 0.990419 -0.136096
0 0 0 0
0 0 0 0
0 0 0 0
0 0 0 0
