12523093
0 1.12209 0.148647 3.32106 2 717.918 258.404 382.89 187.288
1 1.11218 0.40734 3.14832 2 728.796 215.225 388.691 155.992
2 1.09859 0.659253 2.9633 2 741.131 167.649 395.27 121.509
3 1.08671 0.744316 2.89772 2 744.133 150.082 396.871 108.777
4 0.966786 0.607961 3.09082 2 700.715 180.909 373.715 131.12
5 0.94317 0.39376 3.24298 2 685.191 219.39 365.435 159.011
6 0.9721 0.207497 3.29992 1 687.693 249.21 366.77 180.624
7 0.967918 0.144664 3.29822 1 686.891 258.892 366.342 187.641
8 1.23738 0.544842 3.00392 2 769.729 188.618 410.522 136.708
9 1.31399 0.333113 3.09704 2 778.284 226.305 415.085 164.023
10 1.3194 0.145487 2.99772 2 789.295 256.436 420.957 185.861
11 1.30542 0.0818373 2.92411 2 793.671 266.923 423.291 193.462
12 1.04065 0.151951 3.30509 2 701.836 257.801 374.313 186.85
13 1.07491 -0.112966 3.48928 2 697.073 297.692 371.772 215.763
14 1.12732 -0.342825 3.61223 2 699.968 329.549 373.316 238.853
15 1.08996 -0.432402 3.58745 2 694.256 342.602 370.27 248.313
16 1.1799 0.14173 3.26614 2 734.262 259.086 391.606 187.782
17 1.22416 -0.148373 3.41473 2 732.333 303.363 390.577 219.873
18 1.22598 -0.362975 3.51505 2 725.619 333.86 386.997 241.977
19 1.20123 -0.455532 3.48616 2 722.731 347.841 385.457 252.11
20 1.1028 0.597325 3.01179 2 737.92 179.989 393.557 130.454
21 0.986877 0.07703 3.3296 2 688.92 269.438 367.424 195.285
22 0.925118 0.133496 3.29179 2 678.214 260.584 361.714 188.867
23 1.29236 0.0317656 2.87626 2 795.675 275.573 424.36 199.731
24 1.2667 0.0529666 2.94633 2 782.186 272.034 417.166 197.167
1
0
-0.131455 0.0233499 0.947801 -0.289565
-0.155102 0.0305797 0.944219 -0.288891
-0.179659 0.0341197 0.927815 -0.325144
0 0 0 0
0.385086 0.682557 -0.620836 0.0196883
0.251826 0.855775 -0.174923 -0.416696
-0.138297 -0.498023 0.0889356 0.851433
0.0354241 -0.514322 0.00551417 0.856847
0.17074 0.770898 0.538003 -0.295157
0.0603884 0.772974 0.248742 0.58051
0.081672 -0.377606 -0.227074 0.893969
0.219877 -0.322728 -0.357682 0.848272
-0.136834 -0.642318 0.707929 -0.259885
-0.221442 -0.56595 0.20672 0.766766
-0.192551 -0.402265 0.175147 0.877742
0 0 0 0
-0.0991539 0.603051 0.668547 -0.423724
0.146508 0.781513 0.193803 0.574642
0.176793 0.805726 0.1257 0.551134
0 0 0 0
-0.179274 0.0370533 0.934646 -0.304836
0 0 0 0
0 0 0 0
0 0 0 0
0 0 0 0
