12456873
0 1.0498 0.136728 3.27311 2 705.937 259.937 376.5 188.398
1 1.03799 0.396234 3.1137 2 714.897 216.341 381.278 156.801
2 1.01974 0.650028 2.94055 2 724.464 168.398 386.381 122.053
3 0.975092 0.757104 2.89609 2 717.506 147.774 382.67 107.104
4 0.933106 0.604256 3.10906 2 691.875 182.134 369 132.008
5 0.922332 0.426847 3.25319 2 680.11 214.412 362.725 155.403
6 0.895233 0.620125 3.20396 1 677.433 182.592 361.298 132.34
7 0.894045 0.621839 3.11045 1 683.042 179.317 364.289 129.967
8 1.11526 0.530412 2.90384 2 750.362 187.978 400.193 136.244
9 1.17027 0.280229 2.9734 2 756.891 233.119 403.675 168.961
10 1.09542 0.540165 2.97072 1 739.688 188.417 394.5 136.562
11 1.07504 0.567796 2.88384 1 742.526 180.719 396.014 130.982
12 0.990052 0.149028 3.2784 2 692.846 258.073 369.518 187.048
13 1.0708 -0.121106 3.44185 2 699.208 299.125 372.911 216.801
14 1.13512 -0.367798 3.52224 2 707.103 334.415 377.121 242.379
15 1.07969 -0.432484 3.55706 2 694.055 343.138 370.163 248.702
16 1.08704 0.121485 3.19758 2 719.37 261.851 383.664 189.786
17 1.15452 -0.178083 3.32232 2 724.659 308.531 386.485 223.619
18 1.18802 -0.411628 3.44946 2 722.595 342.053 385.384 247.916
19 1.14316 -0.495371 3.44168 2 714.088 354.593 380.847 257.004
20 1.02527 0.587422 2.98597 2 722.03 180.839 385.083 131.07
21 0.898474 0.663259 3.09631 2 684.998 172.003 365.332 124.666
22 0.884609 0.582068 3.09547 2 681.851 185.393 363.654 134.371
23 1.07359 0.650022 2.88933 2 741.718 166.37 395.583 120.583
24 1.12382 0.580071 2.83078 2 759.376 176.602 405 127.999
1
1
-0.336492 0.0761965 0.901381 -0.261686
-0.366721 0.0849847 0.889511 -0.258965
-0.396224 0.094334 0.864114 -0.295659
0 0 0 0
0.464757 0.646105 -0.581735 -0.167731
0.203006 0.513103 0.266743 0.790166
-0.196002 -0.0421974 0.970414 -0.134531
-0.0514044 0.0415926 0.711704 -0.69936
-0.0785753 0.699753 0.530954 -0.471443
0.169467 0.786496 0.00379457 -0.593877
0.0929633 -0.139576 0.985804 0.00813823
0.085956 -0.196419 0.800317 -0.559932
-0.245259 -0.614905 0.73504 -0.146479
-0.220007 -0.365762 0.192744 0.883552
-0.105094 0.107772 0.165912 0.974584
0 0 0 0
-0.269699 0.597477 0.581559 -0.48174
0.136336 0.897119 0.171752 0.383526
0.208904 0.910325 0.143734 0.327121
0 0 0 0
-0.397218 0.0941095 0.870252 -0.275723
0 0 0 0
0 0 0 0
0 0 0 0
0 0 0 0
