12540137
0 0.977322 0.154943 3.31744 2 687.686 257.444 366.766 186.592
1 0.95633 0.405766 3.14734 2 694.295 215.539 370.291 156.22
2 0.928651 0.648838 2.9656 2 701.017 169.614 373.876 122.934
3 0.868306 0.758468 2.94182 2 688.593 149.677 367.25 108.484
4 0.870429 0.587162 3.13147 2 676.402 185.685 360.748 134.582
5 0.874778 0.392399 3.2674 1 669.073 220.108 356.839 159.531
6 0.884951 0.180025 3.37234 2 665.242 254.074 354.796 184.149
7 0.882002 0.137458 3.39375 1 663.468 260.624 353.85 188.897
8 0.994838 0.531736 2.89479 2 722.213 187.503 385.18 135.899
9 0.822156 0.364321 2.85179 2 683.435 216.166 364.498 156.674
10 0.586211 0.287059 2.82737 2 627.01 229.664 334.405 166.457
11 0.4882 0.270986 2.80796 2 603.789 232.265 322.021 168.343
12 0.936881 0.169658 3.3224 2 678.889 255.235 362.074 184.991
13 1.01986 -0.107307 3.47536 2 686.872 296.921 366.332 215.204
14 1.07648 -0.372102 3.57579 2 692.278 334.199 369.215 242.223
15 1.02292 -0.434351 3.59815 2 680.623 342.66 362.999 248.356
16 0.99656 0.138139 3.24339 2 696.522 259.529 371.478 188.103
17 1.11946 -0.159684 3.331 2 716.664 305.637 382.221 221.521
18 1.14483 -0.409241 3.46442 2 712.846 341.418 380.184 247.455
19 1.09535 -0.492305 3.44932 2 703.894 353.95 375.41 256.538
20 0.936711 0.589265 3.01321 2 699.37 181.494 372.997 131.545
21 0.876925 0.103052 3.40401 2 661.875 265.826 353 192.667
22 0.857513 0.150814 3.388 2 658.744 258.59 351.33 187.423
23 0.421699 0.247769 2.77409 2 588.657 235.944 313.95 171.009
24 0.459602 0.315883 2.8445 2 595.311 224.894 317.499 163
0
0
-0.43927 0.102606 0.848454 -0.276841
-0.451393 0.106566 0.842066 -0.275341
-0.461069 0.112456 0.822107 -0.3145
0 0 0 0
0.467555 0.673987 -0.523101 -0.231301
0.234437 0.72581 -0.187324 -0.61899
-0.0866897 -0.280952 0.211265 0.932158
-0.0393539 -0.293603 0.229457 0.927145
-0.220339 0.639558 0.50157 -0.539299
-0.108167 0.917462 -0.381702 -0.0294534
0.55178 -0.354601 0.201709 0.7274
0.620373 -0.359071 0.189003 0.67118
-0.293757 -0.557425 0.763904 -0.139414
-0.19273 -0.259144 0.198709 0.925318
-0.0984798 0.00903448 0.178523 0.978953
0 0 0 0
-0.341357 0.575156 0.525562 -0.52579
0.0845824 0.943164 0.216447 0.237566
0.209373 0.903916 0.130335 0.349445
0 0 0 0
-0.463054 0.111367 0.829299 -0.292303
0 0 0 0
0 0 0 0
0 0 0 0
0 0 0 0
