12479137
0 1.03767 0.130078 3.27243 2 703.391 260.97 375.142 189.147
1 1.02627 0.393625 3.11502 2 712.169 216.802 379.823 157.135
2 1.01037 0.650796 2.94716 2 721.708 168.523 384.911 122.143
3 0.950548 0.763248 2.91861 2 709.849 147.741 378.586 107.081
4 0.933229 0.592946 3.11241 2 691.666 184.099 368.888 133.433
5 0.926551 0.427574 3.2406 1 681.788 214.033 363.62 155.128
6 0.899425 0.620849 3.19138 1 679.12 182.08 362.197 131.969
7 0.91914 0.62249 3.11112 1 688.623 179.214 367.266 129.892
8 1.08878 0.525523 2.88835 2 745.412 188.349 397.553 136.512
9 1.13063 0.287079 2.9304 2 751.486 231.226 400.793 167.589
10 1.05021 0.545135 2.93387 1 732.185 186.398 390.499 135.099
11 1.03348 0.601369 2.88734 1 732.206 174.915 390.51 126.776
12 0.987653 0.140554 3.28016 2 692.22 259.401 369.184 188.011
13 1.06021 -0.124927 3.45274 2 696.38 299.629 371.402 217.167
14 1.13387 -0.372995 3.52212 2 706.865 335.169 376.994 242.926
15 1.08234 -0.439122 3.54267 2 695.443 344.349 370.903 249.58
16 1.06478 0.117382 3.19499 2 714.69 262.493 381.168 190.252
17 1.15785 -0.177587 3.31324 2 726.027 308.531 387.215 223.619
18 1.18609 -0.411652 3.45345 2 721.925 341.985 385.027 247.866
19 1.14695 -0.49927 3.43772 2 715.126 355.259 381.401 257.487
20 1.0152 0.587515 2.99118 2 719.265 181.005 383.608 131.19
21 0.923938 0.655765 3.09042 2 691.12 173.016 368.598 125.399
22 0.908592 0.584447 3.07783 2 688.431 184.427 367.163 133.67
23 1.03897 0.665316 2.88645 2 733.639 163.558 391.274 118.545
24 1.05396 0.60199 2.84144 2 741.252 173.07 395.335 125.439
1
1
-0.389346 0.0897812 0.881689 -0.250945
-0.414322 0.0968986 0.870232 -0.248283
-0.437666 0.108023 0.847405 -0.280508
0 0 0 0
0.448085 0.661919 -0.563703 -0.20814
0.192386 0.521231 0.260795 0.789488
-0.100438 -0.0551818 0.9849 -0.129767
0.0816016 0.0882003 0.70941 -0.694477
-0.162326 0.681745 0.503529 -0.505304
0.115793 0.884076 0.0372438 -0.451236
0.339266 -0.139103 0.928556 0.0577323
0.337853 -0.23124 0.872559 -0.266504
-0.263372 -0.619634 0.729379 -0.121225
-0.203279 -0.317462 0.223743 0.898796
-0.135561 0.0330286 0.136583 0.980753
0 0 0 0
-0.331324 0.580729 0.560151 -0.48909
0.127172 0.920297 0.196057 0.313755
0.217619 0.871401 0.161223 0.409034
0 0 0 0
-0.439201 0.105929 0.853228 -0.260546
0 0 0 0
0 0 0 0
0 0 0 0
0 0 0 0
