3731127
0 0.532424 -0.098584 2.06201 2 662.302 305.51 353.228 221.43
1 0.522978 0.151115 1.99673 2 664.929 242.732 354.629 175.929
2 0.511047 0.389545 1.9204 2 668.196 177.871 356.371 128.918
3 0.507626 0.520169 1.87385 2 671.76 139.601 358.272 101.181
4 0.364811 0.315212 1.9957 2 610.127 200.991 325.401 145.676
5 0.303588 0.088196 2.10021 2 583.444 259.943 311.17 188.403
6 0.278596 -0.148306 2.10452 2 575.065 316.9 306.702 229.685
7 0.275516 -0.209112 2.09931 2 574.319 331.678 306.303 240.396
8 0.668962 0.285114 1.90571 2 727.279 204.9 387.882 148.509
9 0.758446 0.0638587 1.98328 2 749.049 264.787 399.493 191.914
10 0.767424 -0.185503 1.96826 2 754.323 329.301 402.306 238.673
11 0.767198 -0.261333 1.97195 2 753.778 348.843 402.015 252.836
12 0.461975 -0.0949505 2.04993 2 639.444 304.727 341.037 220.862
13 0.367477 -0.433975 1.98296 2 612.063 392.536 326.433 284.505
14 0.373234 -0.761541 2.03891 2 610.92 471.835 325.824 341.98
15 0.339492 -0.819831 1.92703 2 606.178 498.397 323.295 361.231
16 0.587683 -0.0994104 2.01514 2 685.617 306.312 365.663 222.011
17 0.588004 -0.414309 1.86982 2 701.952 394.237 374.374 285.738
18 0.590071 -0.747631 1.89005 2 700.45 483.055 373.573 350.111
19 0.553204 -0.80019 1.77486 2 699.807 510.957 373.23 370.335
20 0.514632 0.331201 1.94173 2 667.342 194.365 355.916 140.873
21 0.274906 -0.276798 2.07585 2 575.201 348.815 306.774 252.816
22 0.312562 -0.211669 2.05483 2 588.747 333.43 313.999 241.666
23 0.76275 -0.328435 1.9715 2 752.31 366.239 401.232 265.445
24 0.781618 -0.301259 1.93789 2 763.748 360.564 407.332 261.332
1
0
-0.135671 -0.000829013 0.982348 -0.128783
-0.14328 0.000169098 0.981267 -0.128786
-0.150364 -0.00232514 0.972731 -0.176575
0 0 0 0
0.212115 0.741372 -0.63644 -0.0178581
0.0993048 0.790046 -0.221352 -0.563
0.0343617 0.862465 -0.0408607 0.503293
-0.0240713 0.861457 -0.0433772 0.505402
0.0218543 0.7717 0.599917 -0.210003
0.0686263 0.882387 0.233374 0.402766
-0.0345648 0.92976 0.00569008 0.366496
0.0231922 0.929949 0.00755071 0.366879
-0.0280057 -0.673998 0.724293 -0.142624
0.163829 -0.585093 0.00301389 0.79424
-0.0577398 -0.599151 0.0622676 0.79612
0 0 0 0
-0.167667 0.636371 0.682778 -0.317385
-0.16569 0.753064 -0.136238 0.621997
0.0226054 0.805879 0.0204259 0.591296
0 0 0 0
-0.150692 0.000356808 0.977252 -0.149235
0 0 0 0
0 0 0 0
0 0 0 0
0 0 0 0
