3642123
0 0.644708 -0.18574 2.38083 2 671.117 320.888 357.929 232.575
1 0.611626 -0.0554862 2.19431 2 676.594 294.07 360.85 213.138
2 0.572769 0.0673272 1.9956 2 682.379 264.048 363.936 191.378
3 0.553571 0.147975 1.92311 2 683.017 242.055 364.276 175.438
4 0.446653 0.0362709 2.10901 2 629.99 272.484 335.995 197.493
5 0.330329 -0.121752 2.21108 2 586.804 309.105 312.962 224.035
6 0.309586 -0.351377 2.15284 2 583.131 364.04 311.003 263.851
7 0.325448 -0.432612 2.1253 2 589.697 384.641 314.505 278.782
8 0.734644 0.00306199 2.04072 2 733.365 280.446 391.128 203.263
9 0.846591 -0.20287 2.15406 2 756.5 329.269 403.467 238.65
10 0.828217 -0.413381 2.133 2 753.313 380.139 401.767 275.52
11 0.813372 -0.480187 2.12065 2 750.042 396.803 400.022 287.598
12 0.570555 -0.174479 2.3677 2 650.34 318.652 346.848 230.954
13 0.424073 -0.49694 2.14669 2 620.597 399.034 330.985 289.214
14 0.44741 -0.769584 2.16177 2 627.495 462.89 334.664 335.496
15 0.426222 -0.846807 2.09316 2 625.224 487.739 333.453 353.507
16 0.703257 -0.192484 2.33635 2 692.209 323.154 369.178 234.217
17 0.663357 -0.486159 2.05485 2 707.808 401.931 377.498 291.314
18 0.669964 -0.756208 2.05904 2 709.638 468.656 378.474 339.676
19 0.644587 -0.832786 1.9904 2 708.384 494.572 377.805 358.459
20 0.583264 0.0368006 2.04729 2 680.89 272.068 363.142 197.191
21 0.311606 -0.494129 2.0738 2 587.809 402.393 313.498 291.649
22 0.374294 -0.447852 2.16182 2 603.576 386.531 321.907 280.152
23 0.79006 -0.537451 2.10483 2 744.363 411.563 396.994 298.295
24 0.776872 -0.498899 2.11287 2 739.026 401.745 394.147 291.179
0
0
-0.139057 -0.0082673 0.874045 -0.465447
-0.135025 -0.0104132 0.874676 -0.465404
-0.13325 -0.0229145 0.855981 -0.499015
0 0 0 0
0.46129 0.679204 -0.53427 0.201118
0.0762285 0.804831 -0.37008 -0.457687
-0.0127357 0.421804 -0.130492 0.897157
-0.151412 0.412515 -0.106962 0.891888
0.297414 0.669618 0.55034 -0.400353
0.12294 0.871037 0.299013 0.369826
0.059996 -0.411775 -0.0273679 0.908896
0.135213 -0.408929 -0.0371415 0.901729
-0.286259 -0.552067 0.701426 -0.348253
0.292487 -0.421252 -0.168069 0.841874
-0.0507362 -0.567564 -0.00155652 0.821763
0 0 0 0
0.0772825 0.533074 0.669595 -0.511372
-0.250356 0.709291 -0.27945 0.596771
-0.000494333 0.825555 0.014474 0.564135
0 0 0 0
-0.132249 -0.0187745 0.863051 -0.487136
0 0 0 0
0 0 0 0
0 0 0 0
0 0 0 0
