3650092
0 0.632815 -0.843522 2.47115 2 661.59 455.444 352.848 330.1
1 0.681967 -0.636277 2.49899 2 673.085 411.057 358.979 297.928
2 0.726978 -0.431096 2.51763 2 683.877 368.447 364.734 267.046
3 0.715767 -0.310718 2.48294 2 683.414 344.924 364.487 249.997
4 0.585101 -0.475608 2.58782 2 640.278 374.714 341.481 271.587
5 0.43764 -0.559621 2.38957 2 610.606 400.381 325.656 290.191
6 0.443225 -0.763959 2.23957 2 621.173 455.248 331.292 329.957
7 0.432297 -0.803754 2.20385 2 620.002 467.339 330.668 338.721
8 0.853732 -0.476798 2.44413 2 726.164 380.749 387.288 275.962
9 0.836492 -0.631879 2.33402 2 732.592 419.416 390.716 303.987
10 0.711727 -0.710843 2.12362 2 716.456 452.082 382.11 327.663
11 0.673992 -0.763346 2.059 2 710.987 470.419 379.193 340.953
12 0.571474 -0.82874 2.4903 2 643.091 451.026 342.982 326.897
13 0.461523 -0.572707 2.35928 2 619.296 404.792 330.291 293.387
14 0.439715 -0.866522 2.18902 2 623.311 483.288 332.433 350.281
15 0.478085 -0.734697 2.20691 1 634.164 451.067 338.221 326.927
16 0.68117 -0.838147 2.397 2 681.106 459.715 363.257 333.195
17 0.723072 -0.595474 2.18127 2 713.905 420.558 380.749 304.815
18 0.629644 -0.98527 2.11961 1 689.642 518.05 367.809 375.475
19 0.630115 -0.866674 2.00863 2 701.322 501.207 374.038 363.268
20 0.716361 -0.482182 2.51472 2 681.228 378.919 363.322 274.636
21 0.434365 -0.843416 2.13149 2 625.332 483.21 333.51 350.224
22 0.46221 -0.824439 2.20786 2 629.175 471.813 335.56 341.964
23 0.640396 -0.81474 2.00061 2 705.857 488.95 376.457 354.384
24 0.671935 -0.720529 2.06129 2 710.087 459.642 378.713 333.143
0
0
-0.339837 0.0860238 0.931082 0.100981
-0.292046 0.0910479 0.94716 0.0964754
-0.248727 0.0919178 0.962765 0.0526387
0 0 0 0
-0.112589 -0.649175 0.71357 0.238146
-0.391366 0.797722 -0.431124 0.156858
-0.132875 0.373063 -0.281753 0.873947
-0.0563982 0.40509 -0.363655 0.836945
-0.2363 0.687888 0.679399 -0.0968996
-0.257605 0.870046 -0.166182 0.38606
0.58059 -0.61836 -0.0965116 0.520799
0.45507 -0.682278 -0.0757748 0.567157
-0.0427477 -0.603782 0.781188 0.152858
0.792774 -0.0796907 -0.535973 0.279091
0.149957 -0.449033 -0.213988 0.854454
0 0 0 0
-0.429128 0.640739 0.588345 -0.243212
0.609444 -0.178697 0.706538 -0.312169
0.014726 0.764229 -0.138589 0.629707
0 0 0 0
-0.246465 0.0933529 0.961687 0.075489
0 0 0 0
0 0 0 0
0 0 0 0
0 0 0 0
