3603085
0 0.580964 -0.741658 2.39468 2 652.163 439.221 347.82 318.341
1 0.666275 -0.575275 2.46566 2 671.156 400.147 357.95 290.021
2 0.74575 -0.415366 2.53094 2 687.97 364.826 366.917 264.421
3 0.734509 -0.294816 2.48646 2 688.372 341.586 367.132 247.577
4 0.619172 -0.456301 2.57824 2 650.033 371.272 346.684 269.093
5 0.507475 -0.506043 2.3588 2 632.763 390.401 337.474 282.957
6 0.49704 -0.730656 2.2708 2 635.703 445.356 339.041 322.788
7 0.48855 -0.816971 2.22891 2 635.999 468.3 339.199 339.418
8 0.874327 -0.454949 2.45124 2 731.296 375.915 390.025 272.458
9 0.80089 -0.56146 2.23684 2 732.339 409.342 390.581 296.686
10 0.686831 -0.73925 2.11499 2 709.233 459.631 378.257 333.135
11 0.666583 -0.772716 2.09099 2 705.076 469.828 376.04 340.525
12 0.515677 -0.720695 2.40612 2 632.471 433.943 337.318 314.516
13 0.520039 -0.442068 2.29203 2 640.859 379.356 341.791 274.952
14 0.518154 -0.703081 2.22011 1 645.774 442.78 344.413 320.921
15 0.474622 -0.721164 2.0982 1 640.837 456.617 341.78 330.949
16 0.633942 -0.744252 2.33218 2 672.495 444.087 358.664 321.868
17 0.777237 -0.548176 2.15382 2 734.301 411.136 391.627 297.986
18 0.639703 -0.826422 2.08353 1 696.874 483.617 371.666 350.519
19 0.597317 -0.861267 1.98812 1 692.177 502.135 369.161 363.941
20 0.726571 -0.455108 2.51634 2 683.896 373.367 364.745 270.611
21 0.486504 -0.851608 2.17937 2 638.825 480.693 340.707 348.4
22 0.455181 -0.820371 2.174 2 629.198 473.832 335.572 343.427
23 0.620771 -0.826339 2.0466 2 694.287 487.235 370.286 353.141
24 0.644715 -0.770436 2.11494 2 695.427 467.165 370.894 338.595
0
0
-0.246053 0.16769 0.924889 0.236471
-0.247401 0.167345 0.924529 0.236715
-0.253252 0.163804 0.929184 0.213653
0 0 0 0
0.0071325 -0.611941 0.703662 0.361023
-0.370296 0.688133 -0.513689 0.354228
-0.174955 0.873249 0.0654231 -0.450052
-0.218998 0.863904 0.0628499 -0.449176
-0.325817 0.705328 0.627962 0.0449342
0.510286 -0.676537 -0.164119 0.504947
0.31141 -0.235664 -0.196182 0.899444
0.302289 -0.242092 -0.209721 0.897792
0.10654 -0.563516 0.799641 0.177971
-0.690226 0.141076 0.697319 -0.132031
0.0787961 -0.561181 -0.108479 0.816762
0 0 0 0
-0.463002 0.711215 0.519432 -0.099963
0.64457 -0.0466914 0.64023 -0.415276
0.0509882 0.754384 -0.245434 0.606685
0 0 0 0
-0.248697 0.1637 0.925375 0.23459
0 0 0 0
0 0 0 0
0 0 0 0
0 0 0 0
