3743565
0 -0.16038 -0.108751 1.5233 2 411.537 317.346 219.486 230.008
1 -0.165211 0.236212 1.52559 2 409.341 202.708 218.315 146.92
2 -0.167436 0.562384 1.51375 2 407.276 91.6889 217.214 66.4549
3 -0.0832145 0.657466 1.5709 2 447.214 67.5925 238.514 48.9901
4 -0.232839 0.381772 1.36979 2 366.302 139.257 195.361 100.931
5 -0.232093 0.177667 1.28622 2 359.471 211.089 191.718 152.994
6 -0.15203 -0.0541324 1.26719 2 401.433 302.833 214.098 219.489
7 -0.140397 -0.117347 1.27599 2 408.243 327.778 217.729 237.569
8 -0.0349176 0.432987 1.61131 1 468.985 144.599 250.125 104.804
9 -0.10583 0.182304 1.66063 1 440.121 225.646 234.731 163.545
10 -0.152525 0.0455132 1.42694 1 410.459 265.072 218.912 192.121
11 -0.107044 -0.0105207 1.41304 1 431.901 284.976 230.347 206.546
12 -0.200682 -0.101959 1.46115 2 389.42 316.554 207.691 229.434
13 -0.199057 -0.386129 1.42026 2 387.009 419.593 206.405 304.115
14 -0.305756 -0.672085 1.42853 2 335.578 521.21 178.975 377.766
15 -0.369129 -0.558551 1.41045 1 302.405 483.361 161.283 350.333
16 -0.111737 -0.110433 1.51003 2 433.084 318.208 230.978 230.633
17 -0.240479 -0.439023 1.40969 1 365.784 439.961 195.085 318.878
18 -0.292411 -0.740065 1.37932 1 337.356 554.235 179.923 401.702
19 -0.330882 -0.615096 1.3809 1 317.803 508.494 169.495 368.55
20 -0.167187 0.483326 1.51881 2 407.742 119.079 217.462 86.3071
21 -0.11792 -0.184651 1.29099 2 421.057 353.687 224.564 256.348
22 -0.109988 -0.0814868 1.33214 2 427.195 312.155 227.837 226.246
23 -0.108953 -0.0830014 1.33574 2 427.881 312.645 228.203 226.601
24 -0.0725706 -0.052988 1.44681 2 449.496 299.726 239.731 217.237
1
1
0.248601 -0.0059521 0.968575 0.00496828
0.316221 -0.00558728 0.948654 0.00537527
0.391008 -0.0139492 0.919831 -0.0287885
0 0 0 0
-0.311552 0.78407 -0.371954 0.387065
-0.181134 0.917361 -0.0668885 0.348087
-0.169696 0.250403 0.0040013 0.953145
-0.0717436 0.232699 0.0874791 0.965946
0.175924 0.767413 0.565846 0.24484
0.161678 0.716659 -0.0337288 0.677586
-0.00482916 0.177735 -0.501065 0.846948
-0.343753 0.208708 -0.0248956 0.915235
0.356889 -0.594348 0.646754 -0.317947
-0.0599088 0.857178 0.0389489 -0.51004
0.175996 -0.075283 0.0273107 0.981128
0 0 0 0
-0.0932702 0.712579 0.688932 -0.0943631
0.0815779 0.503571 -0.213428 0.833192
0.0421521 0.561313 -0.0889782 0.821726
0 0 0 0
0.391285 -0.00905158 0.920158 -0.0110712
0 0 0 0
0 0 0 0
0 0 0 0
0 0 0 0
