3635760
0 -0.176235 -0.0744501 1.55158 2 405.835 305.495 216.446 221.419
1 -0.193394 0.259998 1.5435 2 397.567 195.748 212.036 141.876
2 -0.207768 0.576799 1.52122 2 389.246 87.7315 207.598 63.5866
3 -0.136318 0.684002 1.56926 2 423.692 58.6995 225.969 42.5446
4 -0.251652 0.403225 1.3929 2 358.851 133.703 191.387 96.9064
5 -0.257933 0.187212 1.31524 2 348.594 208.915 185.917 151.419
6 -0.169641 -0.05136 1.29359 2 393.731 301.311 209.99 218.386
7 -0.157364 -0.111264 1.29972 2 400.631 324.563 213.67 235.239
8 -0.0768366 0.446408 1.62328 1 451.244 141.359 240.663 102.455
9 -0.102423 0.202011 1.73014 1 443.233 222.108 236.391 160.981
10 -0.154338 0.0469893 1.50562 1 413.479 265.421 220.522 192.374
11 -0.147263 0.00228976 1.42235 1 412.777 280.396 220.148 203.227
12 -0.213308 -0.0644628 1.48061 2 384.802 303.26 205.228 219.799
13 -0.211668 -0.381629 1.43483 2 381.919 416.584 203.69 301.935
14 -0.308199 -0.66849 1.44 2 335.564 518.057 178.967 375.48
15 -0.373584 -0.556505 1.41141 1 300.338 482.484 160.18 349.698
16 -0.130774 -0.0809076 1.5478 2 425.875 307.653 227.133 222.983
17 -0.0780149 -0.310179 1.62489 1 450.867 378.02 240.462 273.984
18 -0.172691 -0.543926 1.44118 1 400.874 473.773 213.799 343.384
19 -0.108211 -0.557794 1.32527 1 427.317 496.05 227.902 359.53
20 -0.204559 0.499937 1.5289 2 391.278 114.538 208.682 83.0154
21 -0.130891 -0.176727 1.31489 2 415.413 349.311 221.553 253.176
22 -0.132001 -0.0744892 1.35813 2 417.126 308.962 222.467 223.931
23 -0.216289 -0.0591454 1.35948 2 374.414 303.253 199.688 219.794
24 -0.105624 -0.0602668 1.43709 2 433.444 302.419 231.17 219.189
1
1
0.332398 -0.0281742 0.942714 -0.00285538
0.367984 -0.0282624 0.929401 -0.00178261
0.407266 -0.0392786 0.911715 -0.0369791
0 0 0 0
-0.325941 0.78618 -0.338965 0.400982
-0.161044 0.946288 -0.0610213 0.273644
-0.181027 0.236558 0.000440953 0.954604
-0.086774 0.221795 0.0713887 0.968597
0.177258 0.769015 0.555766 0.26138
0.186571 0.742088 0.0957285 0.636658
-0.0313874 0.255826 -0.468971 0.844769
-0.161543 0.199702 -0.487943 0.834227
0.39661 -0.57047 0.636073 -0.33567
-0.0633109 0.897309 0.0335815 -0.435546
0.158964 -0.131899 0.0301844 0.977968
0 0 0 0
-0.0180756 0.753881 0.655433 -0.0417724
-0.173988 -0.497165 0.0817746 0.84609
0.014534 0.39393 -0.353848 0.848174
0 0 0 0
0.407375 -0.033572 0.912461 -0.0182493
0 0 0 0
0 0 0 0
0 0 0 0
0 0 0 0
