3367711
0 0.860736 -0.978261 2.85112 2 693.399 456.372 369.813 330.772
1 0.828522 -0.737526 2.86809 2 684.217 412.387 364.916 298.893
2 0.782725 -0.4985 2.87858 2 672.141 369.403 358.475 267.738
3 0.789223 -0.336716 2.87081 1 674.075 340.897 359.506 247.078
4 0.685197 -0.570087 2.97321 2 643.336 378.787 343.112 274.54
5 0.582479 -0.639437 2.70411 2 633.022 401.626 337.612 291.093
6 0.540688 -0.799456 2.46619 2 635.957 446.59 339.177 323.682
7 0.522851 -0.823986 2.40417 2 634.772 456.105 338.545 330.579
8 0.879862 -0.554411 2.76995 2 704.107 383.287 375.524 277.801
9 0.810002 -0.426993 2.54022 2 704.878 366.907 375.935 265.929
10 0.639158 -0.284926 2.35213 2 671.869 342.851 358.33 248.494
11 0.597912 -0.253016 2.27255 2 665.827 337.843 355.108 244.864
12 0.799672 -0.974025 2.86196 2 677.795 454.945 361.491 329.738
13 0.610465 -0.71428 2.65821 2 643.036 418.176 342.952 303.088
14 0.564793 -1.10985 2.58354 1 635.601 500.487 338.987 362.746
15 0.540813 -1.00615 2.46845 1 635.952 489.292 339.174 354.632
16 0.904156 -0.961392 2.77953 2 709.616 457.773 378.462 331.788
17 0.867063 -0.685122 2.51866 2 722.776 420.07 385.48 304.461
18 0.761381 -0.913633 2.34776 2 708.83 479.773 378.043 347.733
19 0.73428 -0.83959 2.21049 2 714.303 475.02 380.961 344.288
20 0.795489 -0.558022 2.8779 2 675.343 380.002 360.183 275.42
21 0.503871 -0.84742 2.31059 2 635.223 468.413 338.786 339.499
22 0.553506 -0.863151 2.33771 2 648.211 469.693 345.713 340.427
23 0.534409 -0.200626 2.22676 2 649.688 326.994 346.5 237.001
24 0.634341 -0.232605 2.2826 2 676.124 333.063 360.6 241.399
0
0
-0.326378 -0.0741301 0.94226 0.0113169
-0.359247 -0.0744816 0.930225 0.00870822
-0.388634 -0.0992288 0.915324 -0.0360386
0 0 0 0
0.265271 0.700573 -0.623209 -0.224585
-0.451503 0.727005 -0.423208 0.297496
-0.190807 0.48938 -0.432976 0.732552
0.188268 -0.477024 0.535619 -0.670906
-0.279898 0.610313 0.659419 -0.338144
0.834586 -0.51427 0.194495 0.0341144
0.799895 -0.474605 0.322763 0.175335
0.778589 -0.568169 0.247972 0.0974319
-0.0466262 -0.678321 0.729315 0.0761949
0.831383 -0.150068 -0.38746 0.368995
0.101563 -0.608109 -0.0386471 0.786381
0 0 0 0
-0.352891 0.539344 0.68864 -0.332191
0.508507 -0.245369 0.776685 -0.279239
-0.120143 0.733672 -0.331785 0.580697
0 0 0 0
-0.391317 -0.0940581 0.915372 -0.0108952
0 0 0 0
0 0 0 0
0 0 0 0
0 0 0 0
