3731507
0 0.529216 -0.239793 2.16802 2 652.591 337.437 348.049 244.57
1 0.51334 -0.0197058 2.03899 2 657.789 286.121 350.821 207.377
2 0.494735 0.195001 1.89859 2 664.05 228.977 354.16 165.959
3 0.491768 0.323152 1.81742 2 671.231 190.656 357.99 138.185
4 0.358081 0.139836 1.95971 2 609.884 245.024 325.272 177.59
5 0.26191 -0.0459456 2.07163 2 570.921 292.437 304.491 211.954
6 0.246313 -0.275321 2.09611 2 564.892 347.781 301.276 252.067
7 0.248313 -0.357095 2.08808 2 565.945 367.972 301.837 266.701
8 0.647684 0.112392 1.9004 2 719.989 251.072 383.994 181.973
9 0.757012 -0.0920006 2.00139 2 746.138 304.657 397.94 220.811
10 0.767141 -0.29694 2.02969 2 746.06 355.865 397.899 257.926
11 0.771271 -0.387224 2.03524 2 746.817 378.322 398.303 274.203
12 0.456376 -0.22934 2.15365 2 630.197 335.288 336.105 243.012
13 0.330406 -0.407784 1.97849 2 599.316 385.977 319.635 279.751
14 0.366448 -0.760084 2.03191 2 609.04 472.124 324.821 342.189
15 0.344421 -0.830883 1.92839 2 607.863 501.166 324.194 363.238
16 0.587451 -0.243852 2.12349 2 675.276 339.65 360.147 246.173
17 0.58871 -0.378319 1.86563 2 702.658 384.629 374.751 278.774
18 0.589024 -0.750352 1.88363 2 700.791 484.469 373.755 351.137
19 0.560347 -0.8172 1.77811 2 702.106 515.317 374.456 373.495
20 0.499904 0.142099 1.93569 2 662.374 243.892 353.266 176.769
21 0.243167 -0.431336 2.08011 2 564.634 386.516 301.138 280.141
22 0.278026 -0.342372 2.03611 2 578.125 366.541 308.333 265.664
23 0.789551 -0.452833 2.03693 2 752.867 394.7 401.529 286.073
24 0.783774 -0.447248 2.051 2 749.06 392.528 399.499 284.499
0
0
-0.127975 0.00280631 0.956097 -0.263616
-0.120648 0.000787101 0.957049 -0.26363
-0.113193 -0.00587856 0.946183 -0.303135
0 0 0 0
0.251957 0.698499 -0.654716 0.141294
0.142555 0.864694 -0.29691 -0.379245
0.0626466 0.885984 -0.00558553 0.459431
-0.04899 0.886458 -0.0116968 0.46006
0.102654 0.712058 0.627307 -0.298195
0.13258 0.907529 0.279697 0.283871
0.00401928 0.387474 0.0726383 0.919006
-0.00909617 0.388603 0.0371297 0.920612
-0.122293 -0.614483 0.744816 -0.229575
0.379547 -0.415203 -0.193071 0.803912
-0.0858979 -0.61267 0.0279537 0.78516
0 0 0 0
-0.0636374 0.615399 0.68433 -0.385911
-0.367724 0.603526 -0.365499 0.60576
0.018895 0.792139 0.0150789 0.609862
0 0 0 0
-0.113214 -0.00311957 0.952676 -0.282101
0 0 0 0
0 0 0 0
0 0 0 0
0 0 0 0
