3632606
0 0.606413 -0.0315172 2.13361 2 680.417 288.724 362.889 209.263
1 0.610333 0.215138 2.1147 2 683.597 229.428 364.585 166.286
2 0.61161 0.455255 2.08615 2 687.101 169.942 366.454 123.172
3 0.597698 0.580936 2.07748 2 683.458 138.525 364.511 100.401
4 0.470696 0.359909 2.18749 2 632.624 197.563 337.399 143.191
5 0.43451 0.133758 2.25617 2 616.706 251.14 328.91 182.023
6 0.390624 -0.102772 2.23744 2 604.218 304.493 322.25 220.693
7 0.369002 -0.174713 2.21226 2 598.869 321.247 319.397 232.835
8 0.749767 0.337608 2.03167 2 739.872 196.415 394.599 142.359
9 0.845897 0.120696 2.0604 2 768.699 251.314 409.973 182.149
10 0.876339 -0.116426 2.03062 2 783.335 310.478 417.779 225.03
11 0.878475 -0.199175 2.01208 2 786.849 331.745 419.653 240.444
12 0.545907 -0.0349874 2.13248 2 660.74 289.548 352.395 209.86
13 0.477344 -0.404133 2.11536 2 639.994 378.42 341.33 274.274
14 0.457648 -0.769377 2.1557 2 631.2 463.361 336.64 335.838
15 0.428296 -0.84511 2.10735 2 624.955 485.936 333.309 352.2
16 0.651611 -0.0272412 2.08048 2 700.656 287.877 373.683 208.649
17 0.672858 -0.39932 2.01998 2 714.878 382.055 381.268 276.908
18 0.684803 -0.758115 2.06022 2 714.487 469.007 381.06 339.93
19 0.63047 -0.805584 1.95723 2 707.232 491.142 377.19 355.973
20 0.611769 0.396163 2.09497 2 686.206 184.836 365.977 133.967
21 0.362611 -0.239722 2.19285 2 597.927 336.654 318.894 244.002
22 0.394681 -0.168515 2.19221 2 608.033 320.193 324.284 232.072
23 0.892902 -0.25591 2.00169 2 793.422 346.476 423.158 251.121
24 0.842136 -0.199784 1.99067 2 777.424 332.441 414.626 240.949
1
0
-0.223015 0.0162652 0.974032 -0.0355149
-0.234726 0.0166916 0.971276 -0.0353165
-0.246736 0.0170081 0.966255 -0.07199
0 0 0 0
0.213893 0.756798 -0.590931 -0.179742
-0.0414553 -0.664746 0.159277 0.728714
0.0318129 0.741952 -0.0941369 0.663049
-0.0248449 0.717914 -0.212995 0.66228
-0.0923796 0.795569 0.55816 -0.216781
-0.0151923 0.913614 0.214392 0.34513
-0.00979176 0.784495 0.0881957 -0.613753
-0.07827 0.778485 0.0782893 -0.617823
0.019962 0.726236 -0.686278 0.0347362
0.0897882 -0.528412 0.0292499 0.84372
-0.00729585 -0.54195 0.0606614 0.838187
0 0 0 0
-0.291838 0.615815 0.6674 -0.3003
-0.0829775 0.840113 -0.0194165 0.535675
0.0390545 0.852899 0.0431426 0.518823
0 0 0 0
-0.246805 0.0172352 0.967537 -0.0515955
0 0 0 0
0 0 0 0
0 0 0 0
0 0 0 0
