3626705
0 -0.181199 -0.080704 1.58055 2 405.103 307.054 216.055 222.549
1 -0.195498 0.256286 1.58671 2 399.025 199.281 212.813 144.436
2 -0.20703 0.578005 1.58043 2 393.142 94.6403 209.676 68.594
3 -0.1238 0.66906 1.65084 2 431.946 74.3772 230.371 53.9076
4 -0.249528 0.407387 1.44162 2 364.134 137.259 194.205 99.4835
5 -0.280892 0.187367 1.35336 2 340.663 210.876 181.687 152.84
6 -0.20269 -0.0287315 1.31207 2 377.62 292.302 201.397 211.857
7 -0.183331 -0.0995416 1.31242 2 387.793 319.632 206.823 231.665
8 -0.0762842 0.447846 1.68234 1 452.629 145.876 241.402 105.729
9 -0.101972 0.203048 1.78951 1 444.761 223.78 237.206 162.193
10 -0.0770704 -0.0665219 1.80174 1 454.57 299.875 242.438 217.345
11 -0.0913549 -0.154416 1.79613 1 448.992 324.7 239.462 235.338
12 -0.217406 -0.0698486 1.51847 2 385.417 304.507 205.556 220.702
13 -0.216042 -0.378864 1.44754 2 380.735 414.411 203.059 300.359
14 -0.304599 -0.668213 1.44615 2 337.91 516.969 180.219 374.692
15 -0.374648 -0.560485 1.42225 1 301.218 482.379 160.649 349.622
16 -0.136944 -0.0874228 1.56963 2 423.976 309.387 226.12 224.239
17 -0.0901941 -0.316881 1.64842 1 446.243 378.71 237.996 274.484
18 -0.18841 -0.552409 1.47033 1 395.106 472.902 210.723 342.753
19 -0.123357 -0.566973 1.35515 1 420.813 494.768 224.434 358.601
20 -0.204478 0.499587 1.58391 2 394.563 120.494 210.434 87.3323
21 -0.161199 -0.162125 1.32484 2 400.163 343.225 213.42 248.765
22 -0.160943 -0.0680013 1.37245 2 403.295 306.289 215.091 221.994
23 -0.0938443 -0.176312 1.78712 1 447.849 331.129 238.853 239.998
24 -0.091958 -0.160761 1.78984 1 448.635 326.649 239.272 236.751
0
1
0.279861 -0.017792 0.959763 0.01471
0.345644 -0.0167308 0.938082 0.0159066
0.41893 -0.0240396 0.907603 -0.0132886
0 0 0 0
-0.343722 0.774389 -0.345068 0.403863
-0.173647 0.964564 -0.0989953 0.172231
-0.186903 0.227323 -0.0481183 0.954503
-0.129396 0.21381 0.0310089 0.967771
0.1789 0.759732 0.561738 0.274323
0.147188 0.50414 0.149678 0.83772
-0.0479802 -0.0968469 0.0180259 0.993979
0.0829429 -0.0931558 -0.0238582 0.991904
0.390347 -0.571749 0.649855 -0.313722
-0.097217 0.867378 0.0568104 -0.484744
0.147149 -0.119559 0.0155875 0.981738
0 0 0 0
-0.0820584 0.751825 0.648347 -0.0875916
-0.165133 -0.495799 0.091506 0.847668
0.0241905 0.394591 -0.347817 0.850139
0 0 0 0
0.418928 -0.0191615 0.907814 0.00249545
0 0 0 0
0 0 0 0
0 0 0 0
0 0 0 0
