3386789
0 -0.187919 -0.0628936 1.66509 2 406.342 300.325 216.716 217.672
1 -0.185051 0.244499 1.67425 2 407.815 207.182 217.501 150.163
2 -0.182211 0.536964 1.67152 2 408.476 117.531 217.854 85.1847
3 -0.121677 0.660224 1.68014 2 433.74 80.7072 231.328 58.4955
4 -0.269152 0.408757 1.55459 2 364.163 147.339 194.22 106.789
5 -0.320968 0.202823 1.46843 2 333.002 211.018 177.601 152.943
6 -0.238101 -0.0274711 1.39595 2 366.495 291.183 195.464 211.046
7 -0.220934 -0.0848408 1.3883 2 374.368 312.178 199.663 226.262
8 -0.0777924 0.409027 1.73441 1 453 161.44 241.6 117.009
9 -0.0864757 0.247574 1.84124 1 451.639 213.128 240.874 154.472
10 0.0365265 0.115304 1.91794 1 497.041 250.818 265.089 181.789
11 0.055143 0.148897 1.96428 1 503.249 242.879 268.399 176.035
12 -0.230746 -0.0560541 1.5934 2 384.293 299.026 204.956 216.73
13 -0.188435 -0.371911 1.51166 2 397.818 406.313 212.169 294.49
14 -0.223915 -0.668232 1.51509 2 381.427 506.365 203.428 367.006
15 -0.314168 -0.582858 1.46586 2 335.267 484.198 178.809 350.94
16 -0.13695 -0.0669269 1.66306 2 427.356 301.565 227.923 218.57
17 -0.27196 -0.394007 1.6762 2 371.802 400.775 198.295 290.476
18 -0.272088 -0.692636 1.6483 2 369.437 495.73 197.033 359.298
19 -0.317127 -0.601213 1.53931 2 341.034 480.593 181.885 348.327
20 -0.183121 0.465825 1.67418 2 408.314 139.619 217.768 101.194
21 -0.193574 -0.142835 1.39323 2 388.272 333.165 207.078 241.473
22 -0.181346 -0.102962 1.4434 2 397.5 317.332 212 229.998
23 0.0604074 0.149479 1.96754 1 505.056 242.792 269.363 175.972
24 0.054255 0.147026 1.93795 1 503.196 242.846 268.371 176.011
0
0
0.314283 0.00911241 0.949201 0.0126859
0.327031 0.00928233 0.944884 0.0125621
0.340213 -0.000363087 0.94014 -0.0197733
0 0 0 0
-0.290074 0.757209 -0.485025 0.327479
-0.185911 0.9727 -0.126984 0.0562758
-0.194152 0.212387 -0.105845 0.951837
-0.154072 0.20253 -0.0332194 0.966509
0.125406 0.81008 0.521818 0.236113
0.0314408 0.0267648 0.287129 0.957002
0.0821902 0.858611 0.395255 0.31592
0.471356 0.381048 0.746262 0.275172
0.365022 -0.59045 0.638417 -0.332492
-0.0829804 0.884653 0.114365 -0.444324
0.056753 -0.223136 0.0189182 0.97295
0 0 0 0
-0.0237546 0.734438 0.678251 -0.00349524
0.183301 0.426134 -0.0674146 0.883327
-0.0382751 0.823558 -0.0265314 0.565316
0 0 0 0
0.340537 0.00404197 0.940221 -0.00164268
0 0 0 0
0 0 0 0
0 0 0 0
0 0 0 0
