3556043
0 0.72092 -0.871484 2.59509 2 676.671 452.636 360.891 328.065
1 0.760087 -0.655252 2.6123 2 685.654 409.159 365.682 296.553
2 0.79486 -0.441775 2.6195 2 694.112 367.16 370.193 266.112
3 0.770268 -0.32502 2.5781 2 690.743 345.417 368.396 250.354
4 0.66832 -0.490046 2.70952 2 654.573 373.269 349.105 270.54
5 0.532497 -0.584947 2.51313 2 630.563 399.717 336.3 289.709
6 0.50332 -0.769267 2.34563 2 632.726 448.526 337.454 325.085
7 0.489576 -0.822402 2.28313 2 632.688 465.057 337.433 337.067
8 0.910285 -0.481185 2.53616 2 732.862 378.029 390.86 273.99
9 0.893991 -0.633856 2.42746 2 739.456 414.512 394.376 300.433
10 0.762316 -0.725495 2.23183 2 720.91 447.151 384.485 324.089
11 0.725292 -0.752943 2.16444 2 716.399 458.774 382.079 332.513
12 0.666811 -0.873459 2.63279 2 659.623 450.534 351.799 326.541
13 0.526893 -0.58582 2.4729 2 631.398 401.839 336.745 291.247
14 0.496447 -0.821465 2.30051 2 633.632 463.455 337.937 335.906
15 0.42197 -0.851017 2.22834 1 615.311 476.146 328.166 345.104
16 0.760351 -0.851061 2.50398 2 694.621 454.722 370.465 329.576
17 0.782515 -0.603288 2.27841 2 722.207 416.373 385.177 301.781
18 0.700758 -0.812325 2.11937 2 713.23 476.782 380.389 345.565
19 0.631135 -0.804265 2.00545 2 702.164 485.825 374.488 352.119
20 0.786362 -0.494492 2.61927 2 691.926 377.444 369.027 273.566
21 0.473064 -0.857108 2.20705 2 632.655 479.46 337.416 347.506
22 0.527384 -0.860397 2.24865 2 646.666 476.542 344.888 345.391
23 0.693639 -0.802702 2.11306 2 711.598 475.058 379.519 344.316
24 0.745224 -0.743525 2.12767 2 726.878 459.557 387.668 333.081
0
0
-0.461802 0.0608731 0.881607 0.0761766
-0.382641 0.0673242 0.918737 0.0705398
-0.30952 0.0752113 0.947534 0.026842
0 0 0 0
-0.184043 -0.643257 0.6936 0.266961
-0.387556 0.810288 -0.406362 0.167638
-0.119045 0.451158 -0.343961 0.814847
-0.12381 0.443534 -0.406535 0.7891
-0.25959 0.657005 0.690672 -0.154692
-0.268185 0.890975 -0.149318 0.334581
-0.364273 0.793777 -0.431505 0.225889
-0.397817 0.779361 -0.4167 0.246372
-0.151549 -0.663957 0.679756 0.27226
0.787485 -0.0799634 -0.531084 0.302361
0.131123 -0.240301 -0.285381 0.918488
0 0 0 0
-0.483027 0.557652 0.60617 -0.297097
0.564708 -0.190111 0.741638 -0.308116
-0.19394 0.822365 -0.287129 0.451288
0 0 0 0
-0.308171 0.0702653 0.947646 0.0453909
0 0 0 0
0 0 0 0
0 0 0 0
0 0 0 0
