3632434
0 -0.180271 -0.0706401 1.56867 2 404.917 304.002 215.956 220.336
1 -0.199507 0.261792 1.56607 2 396.12 196.398 211.264 142.347
2 -0.216169 0.576328 1.54956 2 387.228 91.4436 206.522 66.2771
3 -0.144293 0.682471 1.59404 2 421.161 62.6565 224.619 45.4126
4 -0.261817 0.408898 1.42014 2 356.292 134.495 190.022 97.48
5 -0.284454 0.179018 1.34586 2 338.035 213.635 180.286 154.84
6 -0.209476 -0.0496958 1.30722 2 373.624 300.472 199.266 217.778
7 -0.196132 -0.108485 1.31469 2 381.222 323.025 203.319 234.124
8 -0.0852902 0.446062 1.65156 1 448.272 143.88 239.078 104.282
9 -0.110806 0.201645 1.75848 1 440.61 223.166 234.992 161.747
10 -0.0872242 -0.0678615 1.7666 1 450.035 300.631 240.019 217.893
11 -0.101113 -0.162818 1.74366 1 444.085 328.455 236.845 238.06
12 -0.2167 -0.0578173 1.49818 2 384.409 300.755 205.018 217.983
13 -0.217832 -0.381893 1.44208 2 379.474 416 202.386 301.511
14 -0.30551 -0.671397 1.44569 2 337.434 518.156 179.965 375.552
15 -0.373095 -0.56142 1.42115 1 301.835 482.87 160.979 349.978
16 -0.13527 -0.0804833 1.56416 2 424.505 307.24 226.403 222.683
17 -0.0841564 -0.312283 1.63718 1 448.529 377.947 239.216 273.931
18 -0.189449 -0.552612 1.46994 1 394.592 473.025 210.449 342.842
19 -0.12698 -0.569215 1.35343 1 418.874 495.891 223.4 359.415
20 -0.212363 0.50001 1.5558 2 389.417 117.414 207.689 85.1
21 -0.179736 -0.17737 1.31762 2 389.96 349.468 207.979 253.29
22 -0.158145 -0.0940965 1.36707 2 404.371 316.056 215.665 229.073
23 -0.100946 -0.180972 1.73319 1 443.901 334.051 236.747 242.116
24 -0.0985213 -0.168849 1.73206 1 444.844 330.536 237.25 239.568
0
1
0.331378 -0.0285567 0.943047 0.00589058
0.368577 -0.0283002 0.92914 0.00702026
0.409314 -0.039386 0.911142 -0.027033
0 0 0 0
-0.329753 0.780913 -0.352767 0.396224
-0.145562 0.974049 -0.0714849 0.15789
-0.17272 0.281689 -0.0324291 0.943275
-0.0907981 0.258084 0.0886298 0.957754
0.175172 0.766105 0.555667 0.271354
0.148978 0.515751 0.147642 0.830667
-0.0431929 0.0267543 0.0161797 0.998577
0.0655206 0.045997 -0.120558 0.989473
0.407796 -0.559765 0.643016 -0.32695
-0.0776839 0.89537 0.0359932 -0.437015
0.144757 -0.117015 0.0233241 0.982247
0 0 0 0
-0.0276158 0.777453 0.626823 -0.043554
-0.16337 -0.469534 0.0813975 0.863842
0.0383309 0.407777 -0.33517 0.848475
0 0 0 0
0.409314 -0.0333824 0.911742 -0.0085929
0 0 0 0
0 0 0 0
0 0 0 0
0 0 0 0
