3660022
0 0.116349 -0.19856 1.71208 2 530.709 339.922 283.045 246.371
1 0.211448 0.133417 1.7822 2 565.592 243.308 301.649 176.346
2 0.302498 0.449692 1.83526 2 597.93 156.535 318.896 113.454
3 0.398118 0.539059 1.89469 1 629.509 136.189 335.738 98.7081
4 0.144945 0.336541 1.64876 2 544.595 177.608 290.451 128.728
5 0.0445074 0.193362 1.49802 2 504.396 215.869 269.011 156.459
6 0.0541461 0.00615406 1.41601 2 510.221 279.014 272.118 202.226
7 0.0508289 -0.0527169 1.39835 2 508.927 300.268 271.428 217.63
8 0.430371 0.320617 1.93542 1 637.624 196.971 340.066 142.762
9 0.399786 0.0800464 2.04137 1 618.941 261.323 330.102 189.403
10 0.480088 -0.0756885 2.18138 1 635.766 298.822 339.075 216.582
11 0.537111 -0.124177 2.21249 1 651.559 309.724 347.498 224.484
12 0.0762846 -0.183708 1.66247 2 515.514 337.132 274.941 244.349
13 -0.024376 -0.42258 1.48713 2 472.626 425.745 252.067 308.574
14 -0.22294 -0.653099 1.44338 2 376.81 512.181 200.965 371.222
15 -0.155376 -0.575318 1.42396 2 408.275 487.419 217.747 353.275
16 0.150962 -0.205602 1.6895 2 545.454 342.843 290.909 248.488
17 0.184578 -0.488696 1.73835 2 557.39 424.279 297.275 307.511
18 0.158219 -0.790784 1.74298 2 546.932 512.822 291.697 371.687
19 0.217967 -0.714027 1.69265 1 573.29 496.552 305.755 359.894
20 0.280485 0.372518 1.82458 2 590.111 177.466 314.726 128.625
21 0.0628989 -0.112965 1.39964 2 514.845 322.032 274.584 233.405
22 0.0112117 -0.0482213 1.46292 2 489.221 297.87 260.918 215.892
23 0.575983 -0.181772 2.22554 1 662.771 322.735 353.478 233.914
24 0.580171 -0.0816099 2.17818 1 667.972 300.258 356.252 217.623
0
0
0.175 0.15269 0.969757 0.0750456
0.267329 0.159191 0.948467 0.060034
0.362708 0.152464 0.919273 0.011602
0 0 0 0
-0.283036 0.681694 -0.583014 0.339529
-0.287945 0.869484 -0.327151 0.232504
0.0246015 -0.229328 -0.204754 0.951252
0.0596481 -0.22591 -0.13496 0.962908
0.206628 0.763475 0.568508 0.226292
-0.00307647 -0.284477 0.213236 0.934662
0.0416096 0.540326 0.388699 0.745137
-0.133445 0.621676 0.427898 0.642351
0.306326 -0.548721 0.720829 -0.29236
-0.34403 0.813873 0.000327373 -0.468246
-0.261004 0.764823 -0.238536 -0.538538
0 0 0 0
-0.279939 0.757839 0.581074 -0.0983163
0.00408057 0.595914 0.102971 0.796409
0.0432819 0.365456 -0.00880128 0.92978
0 0 0 0
0.364516 0.160202 0.91689 0.0278552
0 0 0 0
0 0 0 0
0 0 0 0
0 0 0 0
