3735980
0 -0.218563 -0.0846818 1.56203 2 387.656 308.666 206.75 223.717
1 -0.236014 0.254987 1.56888 2 380.195 198.72 202.771 144.029
2 -0.250146 0.576009 1.56225 2 372.925 93.0749 198.893 67.4594
3 -0.166367 0.668669 1.61211 2 412.372 69.4949 219.932 50.3689
4 -0.296037 0.411257 1.42514 2 340.058 134.111 181.364 97.2018
5 -0.30751 0.200919 1.33339 2 324.592 204.591 173.116 148.284
6 -0.224615 -0.0316908 1.30121 2 365.071 293.554 194.704 212.764
7 -0.20863 -0.102359 1.30841 2 374.128 320.862 199.535 232.556
8 -0.0689193 0.437187 1.63215 1 454.782 145.029 242.55 105.115
9 -0.139433 0.186592 1.68144 1 426.901 225.027 227.681 163.096
10 -0.184338 0.0502445 1.44742 2 396.345 263.639 211.384 191.082
11 -0.176845 -0.0134863 1.43788 2 399.367 285.958 212.996 207.258
12 -0.263025 -0.0738923 1.4968 2 362.902 306.236 193.548 221.955
13 -0.248255 -0.396122 1.43207 2 363.968 422.094 194.116 305.928
14 -0.308826 -0.695516 1.43624 2 334.948 528.152 178.639 382.797
15 -0.380332 -0.586865 1.40639 1 296.404 494.165 158.082 358.164
16 -0.163552 -0.0918882 1.55189 2 411.476 311.176 219.454 225.536
17 -0.2768 -0.427241 1.45989 1 352.636 430.363 188.073 311.921
18 -0.328458 -0.728387 1.42968 1 324.932 540.709 173.297 391.898
19 -0.363951 -0.598469 1.40585 1 304.416 498.455 162.355 361.274
20 -0.247121 0.498191 1.56598 2 374.64 119.044 199.808 86.2817
21 -0.186475 -0.169017 1.32048 2 386.65 346.11 206.213 250.856
22 -0.173524 -0.0901139 1.3686 2 396.711 314.551 211.579 227.982
23 -0.179884 -0.0802051 1.3653 2 393.291 310.957 209.755 225.378
24 -0.132727 -0.0600854 1.47134 2 421.945 301.868 225.037 218.79
1
1
0.2514 -0.0223004 0.967491 0.0162032
0.292872 -0.0215812 0.955754 0.0171495
0.339635 -0.0263702 0.940054 -0.0158793
0 0 0 0
-0.365218 0.793997 -0.338762 0.348459
-0.188071 0.937295 -0.0831049 0.281427
-0.180192 0.241094 -0.0221986 0.953369
-0.0966416 0.221895 0.0733042 0.967497
0.0787765 0.788224 0.583958 0.177456
0.161303 0.714822 -0.0327889 0.679658
-0.0600475 0.26353 -0.498072 0.823936
-0.0762237 0.276556 -0.0547751 0.956403
0.368054 -0.588506 0.657451 -0.29318
-0.0734157 0.854824 0.0699669 -0.508912
0.0974828 -0.149204 0.0217111 0.98375
0 0 0 0
-0.0640887 0.748208 0.657271 -0.0638107
0.0696095 0.503268 -0.191495 0.839765
0.0303933 0.660733 -0.0930875 0.744206
0 0 0 0
0.339508 -0.0234854 0.940307 0.002142
0 0 0 0
0 0 0 0
0 0 0 0
0 0 0 0
