3679048
0 -0.210732 -0.0817615 1.56725 2 391.43 307.627 208.763 222.964
1 -0.232033 0.254172 1.56533 2 381.719 198.801 203.583 144.088
2 -0.251701 0.572842 1.54968 2 371.325 92.5858 198.04 67.1049
3 -0.179541 0.677679 1.60035 2 406.129 65.0474 216.602 47.1455
4 -0.288726 0.401647 1.42173 2 343.304 137.233 183.095 99.4646
5 -0.301486 0.185541 1.33928 2 328.46 210.793 175.179 152.78
6 -0.210543 -0.0583713 1.31572 2 373.774 303.689 199.346 220.11
7 -0.205874 -0.108932 1.32429 2 376.884 322.9 201.005 234.033
8 -0.120659 0.442606 1.65177 1 433.475 144.948 231.187 105.056
9 -0.141188 0.192215 1.74232 1 428.205 225.359 228.376 163.337
10 -0.145721 -0.0709006 1.78479 1 427.839 301.302 228.181 218.38
11 -0.147554 -0.158103 1.80293 1 427.672 325.589 228.092 235.982
12 -0.247255 -0.071658 1.49743 2 370.245 305.461 197.464 221.394
13 -0.236005 -0.390751 1.44126 2 370.65 419.257 197.68 303.871
14 -0.304521 -0.686982 1.44198 2 337.572 524.214 180.039 379.943
15 -0.377354 -0.581057 1.42315 1 300.037 489.606 160.02 354.86
16 -0.164566 -0.0880533 1.56251 2 411.525 309.729 219.48 224.487
17 -0.121256 -0.324612 1.65562 1 433.46 380.684 231.179 275.915
18 -0.268514 -0.691113 1.60983 1 368.24 500.373 196.395 362.664
19 -0.321793 -0.597929 1.50552 2 335.671 483.96 179.025 350.768
20 -0.247089 0.495461 1.55585 2 373.941 118.88 199.435 86.1628
21 -0.184514 -0.174376 1.32847 2 388.251 347.766 207.067 252.056
22 -0.172106 -0.0899311 1.3792 2 398.094 314.225 212.317 227.746
23 -0.148093 -0.172009 1.78658 1 426.94 329.942 227.702 239.137
24 -0.148989 -0.167862 1.76809 1 425.995 329.264 227.197 238.646
0
1
0.326515 -0.0308517 0.944657 0.00764641
0.36825 -0.0304807 0.929183 0.00901241
0.414764 -0.0435101 0.908576 -0.0238191
0 0 0 0
-0.337449 0.785435 -0.329234 0.40103
-0.166664 0.946304 -0.0760172 0.266371
-0.18279 0.249956 0.000654772 0.950847
-0.0250878 0.228971 0.0918263 0.968768
0.174977 0.763332 0.55802 0.274447
0.132576 0.57673 0.116708 0.797612
0.0774833 0.983579 -0.0213752 -0.161589
0.0992956 0.981551 -0.0267885 -0.161187
0.403382 -0.572782 0.633151 -0.329126
-0.0702269 0.892706 0.0541919 -0.441824
0.112756 -0.0960657 0.0121488 0.988893
0 0 0 0
-0.0298901 0.7519 0.657216 -0.0426713
-0.143266 -0.332436 0.144291 0.920946
0.0337208 0.872719 -0.194933 0.446348
0 0 0 0
0.414729 -0.036459 0.909201 -0.00490556
0 0 0 0
0 0 0 0
0 0 0 0
0 0 0 0
