3637040
0 -0.172994 -0.0796759 1.54873 2 407.132 307.248 217.137 222.689
1 -0.190502 0.257753 1.54029 2 398.687 196.315 212.633 142.286
2 -0.205202 0.57676 1.51786 2 390.208 87.3155 208.111 63.2851
3 -0.132412 0.682857 1.56786 2 425.367 58.8756 226.863 42.6722
4 -0.248199 0.40028 1.38905 2 360.233 134.384 192.124 97.3998
5 -0.255164 0.184635 1.31254 2 349.782 209.769 186.551 152.038
6 -0.171353 -0.0519428 1.29165 2 392.681 301.571 209.43 218.574
7 -0.165394 -0.114643 1.29739 2 396.206 325.968 211.31 236.257
8 -0.0742706 0.446352 1.61992 1 452.271 141.086 241.211 102.257
9 -0.0998803 0.201992 1.72676 1 444.167 221.998 236.889 160.901
10 -0.151789 0.0470498 1.50225 1 414.489 265.366 221.061 192.334
11 -0.141531 0.00191168 1.4203 1 415.454 280.53 221.576 203.324
12 -0.210388 -0.0698245 1.4787 2 386.035 305.125 205.885 221.15
13 -0.20988 -0.383198 1.43398 2 382.72 417.223 204.117 302.398
14 -0.309014 -0.669288 1.43925 2 335.097 518.457 178.719 375.771
15 -0.372325 -0.556212 1.41705 1 301.683 481.58 160.898 349.042
16 -0.127261 -0.0857309 1.54388 2 427.292 309.3 227.889 224.177
17 -0.0755967 -0.3135 1.62376 1 451.868 379.131 240.996 274.789
18 -0.171256 -0.546533 1.4394 1 401.459 474.942 214.111 344.232
19 -0.106776 -0.56036 1.32351 1 427.992 497.33 228.262 360.458
20 -0.20192 0.499396 1.52559 2 392.275 114.357 209.213 82.8844
21 -0.141354 -0.182634 1.31072 2 409.678 351.831 218.495 255.002
22 -0.134372 -0.0872979 1.35877 2 415.949 313.723 221.839 227.382
23 -0.213395 -0.0501848 1.35756 2 375.737 299.938 200.393 217.391
24 -0.101323 -0.0640823 1.43405 2 435.399 303.809 232.213 220.197
1
1
0.323796 -0.0285586 0.945689 -0.00341777
0.363382 -0.0286773 0.931196 -0.00221061
0.407245 -0.0395622 0.911719 -0.0367934
0 0 0 0
-0.3252 0.788794 -0.333133 0.401336
-0.158269 0.945031 -0.0628479 0.279136
-0.174128 0.227353 -0.00195588 0.958116
-0.0361488 0.217775 0.0546704 0.973796
0.177858 0.768415 0.556676 0.2608
0.186588 0.742085 0.0956772 0.636664
-0.0352544 0.26275 -0.468787 0.84259
-0.181519 0.203867 -0.476716 0.835602
0.393519 -0.572147 0.637745 -0.333275
-0.0630646 0.893368 0.0322196 -0.443709
0.164182 -0.102191 0.0259803 0.980778
0 0 0 0
-0.0250624 0.750121 0.658866 -0.0508581
-0.175831 -0.49869 0.0877998 0.844205
0.0158323 0.393076 -0.355655 0.847791
0 0 0 0
0.407346 -0.033904 0.912464 -0.0181161
0 0 0 0
0 0 0 0
0 0 0 0
0 0 0 0
