3691622
0 -0.166924 -0.1104 1.52875 2 408.844 317.766 218.05 230.312
1 -0.18589 0.233651 1.51522 2 399.405 203.008 213.016 147.137
2 -0.201438 0.558584 1.48748 2 390.055 89.6043 208.029 64.944
3 -0.121987 0.658384 1.5345 2 428.809 62.1911 228.698 45.0753
4 -0.251773 0.387623 1.36373 2 356.122 136.387 189.932 98.8517
5 -0.253113 0.174026 1.28679 2 348.204 212.53 185.709 154.039
6 -0.174743 -0.0514277 1.26861 2 389.172 301.738 207.558 218.695
7 -0.157896 -0.125245 1.27709 2 398.846 330.888 212.718 239.823
8 -0.0791885 0.43063 1.59455 1 449.641 143.892 239.808 104.291
9 -0.100088 0.180943 1.68468 1 443.096 226.853 236.318 164.42
10 -0.104924 -0.0812104 1.72704 1 442.209 304.988 235.845 221.051
11 -0.106772 -0.168097 1.74514 1 441.885 329.95 235.672 239.143
12 -0.207835 -0.100701 1.46331 2 386.185 316.07 205.965 229.083
13 -0.203976 -0.380966 1.42369 2 384.86 417.403 205.259 302.528
14 -0.309417 -0.665526 1.43546 2 334.506 517.753 178.403 375.26
15 -0.371755 -0.551312 1.41296 1 301.433 480.392 160.764 348.181
16 -0.117489 -0.114802 1.51882 2 430.771 319.453 229.744 231.535
17 -0.0755339 -0.333728 1.61676 1 451.743 385.943 240.929 279.727
18 -0.205758 -0.537162 1.41641 2 383.216 474.737 204.382 344.083
19 -0.145283 -0.549058 1.29608 1 406.195 497.463 216.637 360.554
20 -0.198029 0.479789 1.49646 2 392.307 117.816 209.231 85.3912
21 -0.138391 -0.195146 1.29262 2 410.197 357.745 218.772 259.289
22 -0.12323 -0.10367 1.33403 2 420.427 320.539 224.228 232.322
23 -0.105996 -0.171526 1.73246 1 441.883 331.311 235.671 240.129
24 -0.106866 -0.165248 1.70988 1 440.979 330.113 235.189 239.261
2
1
0.268739 -0.0317805 0.96262 -0.0115108
0.338366 -0.0325367 0.940407 -0.00915761
0.415231 -0.0431369 0.907695 -0.0425816
0 0 0 0
-0.311364 0.779303 -0.363934 0.404094
-0.16236 0.935266 -0.0568541 0.30933
-0.170482 0.248434 0.00457987 0.953517
-0.0951514 0.232742 0.0807024 0.964502
0.198581 0.759392 0.555519 0.274388
0.132855 0.575382 0.116194 0.798614
0.0802443 0.996258 -0.00660682 0.0314275
0.102794 0.994184 -0.00723656 0.0312777
0.368791 -0.581218 0.652948 -0.315971
-0.0575079 0.86591 0.0407599 -0.495208
0.173807 -0.0913642 0.035977 0.979872
0 0 0 0
-0.0504996 0.731603 0.673768 -0.0907933
-0.178692 -0.480467 0.135981 0.847779
0.0593819 0.38196 -0.415157 0.823544
0 0 0 0
0.415316 -0.038151 0.908551 -0.0243276
0 0 0 0
0 0 0 0
0 0 0 0
0 0 0 0
