3736111
0 -0.216224 -0.0900183 1.55839 2 388.463 310.465 207.18 225.021
1 -0.23384 0.252161 1.56708 2 381.04 199.546 203.221 144.628
2 -0.248523 0.575132 1.56139 2 373.586 93.2601 199.246 67.5936
3 -0.163971 0.66688 1.6116 2 413.381 69.9963 220.47 50.7323
4 -0.29459 0.41073 1.42409 2 340.659 134.194 181.685 97.2621
5 -0.306207 0.200248 1.33114 2 325.003 204.719 173.335 148.378
6 -0.218795 -0.0460696 1.30294 2 368.314 299.129 196.434 216.804
7 -0.20839 -0.103992 1.31192 2 374.548 321.386 199.759 232.936
8 -0.0684416 0.437249 1.63187 1 454.979 144.986 242.656 105.084
9 -0.138961 0.186652 1.68116 1 427.085 225 227.779 163.077
10 -0.184156 0.0502222 1.44721 1 396.42 263.644 211.424 191.086
11 -0.174456 -0.0137767 1.43707 2 400.465 286.062 213.581 207.334
12 -0.261022 -0.0809881 1.4962 2 363.776 308.65 194.014 223.705
13 -0.246525 -0.39599 1.43151 2 364.759 422.1 194.538 305.933
14 -0.307183 -0.695385 1.43548 2 335.661 528.238 179.019 382.859
15 -0.369809 -0.580919 1.41758 1 303.003 490.378 161.602 355.419
16 -0.160847 -0.0956674 1.54545 2 412.378 312.538 219.935 226.523
17 -0.277088 -0.429132 1.44819 1 351.423 432.25 187.426 313.289
18 -0.328726 -0.730262 1.41796 1 323.534 543.451 172.552 393.886
19 -0.362212 -0.599978 1.39935 1 304.452 500.005 162.374 362.397
20 -0.245356 0.496958 1.56491 2 375.35 119.34 200.187 86.496
21 -0.185775 -0.170694 1.32012 2 386.987 346.773 206.393 251.336
22 -0.170591 -0.0962059 1.36776 2 398.133 316.826 212.337 229.632
23 -0.177915 -0.0801989 1.35734 2 393.76 311.129 210.005 225.502
24 -0.130667 -0.0564046 1.47252 2 422.959 300.586 225.578 217.861
1
1
0.228116 -0.0221329 0.973212 0.0182275
0.281217 -0.0210986 0.959216 0.0194155
0.341245 -0.0266908 0.939487 -0.0142391
0 0 0 0
-0.365393 0.792794 -0.340988 0.348846
-0.188187 0.930301 -0.0882362 0.302226
-0.177249 0.250714 -0.00966732 0.951647
-0.0682168 0.227835 0.0941094 0.966737
0.0807501 0.78625 0.58564 0.179768
0.161293 0.71516 -0.0328752 0.679301
-0.0548808 0.256054 -0.49854 0.826367
-0.0927323 0.268913 -0.0548024 0.957122
0.358003 -0.599181 0.656006 -0.28718
-0.0735189 0.84231 0.0729012 -0.528957
0.0986773 -0.0961747 0.0161463 0.99033
0 0 0 0
-0.0816747 0.736954 0.666262 -0.0795201
0.0638044 0.525675 -0.201841 0.823927
0.0384586 0.592341 -0.0900487 0.799715
0 0 0 0
0.341107 -0.0236023 0.93972 0.00385702
0 0 0 0
0 0 0 0
0 0 0 0
0 0 0 0
