3573784
0 0.587495 -0.137576 2.22479 2 666.405 312.65 355.416 226.604
1 0.553669 0.125218 2.18765 2 658.749 252.122 351.333 182.735
2 0.518173 0.382319 2.13903 2 651.496 190.249 347.465 137.89
3 0.484078 0.50172 2.14055 2 640.483 161.833 341.591 117.295
4 0.431796 0.167076 2.25056 2 616.224 243.551 328.653 176.523
5 0.446183 -0.0118109 2.39454 2 612.334 283.711 326.578 205.63
6 0.435105 -0.189934 2.4061 2 608.588 321.244 324.58 232.834
7 0.419577 -0.223513 2.39438 1 604.733 328.554 322.524 238.132
8 0.610715 0.299633 2.03572 2 691.653 206.227 368.882 149.47
9 0.413307 0.249247 1.89345 2 634.687 214.323 338.5 155.338
10 0.190065 0.217041 1.80229 2 556.557 220.206 296.83 159.602
11 0.112495 0.190374 1.71286 2 529.134 224.953 282.205 163.043
12 0.537655 -0.144536 2.23914 2 649.729 314.003 346.522 227.585
13 0.427917 -0.41359 2.12181 2 623.341 380.343 332.449 275.667
14 0.466361 -0.767394 2.16894 2 633.084 461.779 337.645 334.691
15 0.396043 -0.821919 2.08649 2 615.634 482.298 328.338 349.563
16 0.62292 -0.126993 2.15645 2 683.695 311.175 364.638 225.535
17 0.612383 -0.382187 1.97381 2 698.936 379.939 372.766 275.374
18 0.623212 -0.736253 2.03234 2 696.683 466.138 371.564 337.851
19 0.547381 -0.788658 1.9521 1 678.444 487.406 361.837 353.265
20 0.527361 0.318834 2.15311 2 653.268 205.887 348.41 149.224
21 0.40356 -0.27157 2.38958 2 600.375 338.858 320.2 245.6
22 0.394532 -0.273318 2.382 2 598.125 339.41 319 246
23 0.047526 0.196664 1.70534 2 503.122 222.852 268.332 161.52
24 0.0646092 0.169927 1.70557 2 510.001 230.806 272.001 167.285
0
0
-0.358787 -0.0341063 0.928644 -0.0879153
-0.35459 -0.0345028 0.930254 -0.0877605
-0.346689 -0.0282862 0.929051 -0.12598
0 0 0 0
0.172946 0.894388 -0.313574 -0.268013
-0.233836 -0.590807 0.237845 0.734641
0.0228858 -0.22573 0.0385346 0.973159
0.236131 -0.209253 -0.107779 0.942782
-0.285446 0.658405 0.593656 -0.364136
-0.517155 0.732279 -0.362168 -0.255248
0.470901 0.283687 -0.4605 0.696931
0.286368 0.184264 -0.555086 0.758894
0.146813 0.751507 -0.641828 -0.0417014
0.244851 -0.391519 -0.103692 0.880913
-0.0764252 -0.418143 0.0372488 0.904394
0 0 0 0
-0.328542 0.526528 0.678351 -0.393279
-0.213286 0.701785 -0.219426 0.643319
0.0683221 0.908268 0.0474478 0.410036
0 0 0 0
-0.348565 -0.0317475 0.930798 -0.105403
0 0 0 0
0 0 0 0
0 0 0 0
0 0 0 0
