3548026
0 0.713101 -0.848412 2.43273 2 687.317 459.248 366.569 332.857
1 0.724775 -0.624971 2.38442 2 694.732 414.952 370.524 300.752
2 0.73625 -0.405512 2.33794 2 702.131 369.635 374.47 267.906
3 0.774723 -0.326793 2.2628 2 721.226 354.858 384.654 257.196
4 0.590855 -0.413463 2.36768 2 656.567 370.092 350.169 268.238
5 0.462174 -0.534646 2.38108 2 618.181 395.467 329.696 286.629
6 0.331673 -0.734836 2.38044 2 580.432 438.495 309.564 317.815
7 0.278221 -0.811806 2.36542 2 565.451 456.187 301.574 330.638
8 0.889994 -0.463321 2.32038 2 750.027 383.136 400.014 277.691
9 0.828641 -0.651251 2.17808 1 747.855 433.829 398.856 314.434
10 0.897665 -0.830337 2.30621 2 753.69 464.807 401.968 336.885
11 0.927624 -0.925288 2.38453 2 753.343 478.94 401.783 347.129
12 0.640172 -0.838414 2.42782 2 666.874 457.492 355.666 331.584
13 0.515657 -0.545095 2.19124 2 646.917 407.971 345.023 295.692
14 0.500132 -0.812479 2.2136 1 640.685 468.566 341.699 339.61
15 0.475564 -0.860795 2.0985 1 641.173 490.611 341.959 355.588
16 0.770431 -0.84005 2.38371 2 708.164 461.102 377.687 334.2
17 0.793452 -0.548272 2.11603 2 744.098 413.484 396.852 299.688
18 0.706087 -0.841247 2.13406 2 713.339 482.312 380.448 349.573
19 0.668862 -0.894414 2.049 2 710.046 503.681 378.691 365.061
20 0.733286 -0.459215 2.35192 2 700.006 380.771 373.336 275.977
21 0.229327 -0.836327 2.33997 2 551.873 463.468 294.332 335.915
22 0.301346 -0.838308 2.33538 2 573.399 464.303 305.813 336.521
23 0.920096 -0.934974 2.39896 2 749.579 479.829 399.775 347.773
24 0.947681 -0.926854 2.34214 2 763.931 482.702 407.43 349.856
3
1
-0.156897 0.0420892 0.981558 -0.100776
-0.12259 0.0385512 0.98643 -0.102181
-0.0882282 0.0380721 0.987628 -0.123927
0 0 0 0
-0.122126 -0.589342 0.798223 -0.024532
-0.0273697 0.903873 -0.396788 -0.157554
0.192646 0.702961 -0.209831 0.651693
0.146671 0.682246 -0.270151 0.66336
-0.00720173 0.703471 0.697931 -0.134049
0.277051 -0.495022 -0.193574 0.800453
0.199144 0.852917 0.268907 0.400704
0.241345 0.840154 0.258809 0.410989
-0.0561248 -0.650852 0.751407 -0.0928963
0.830132 -0.207924 -0.424751 0.295356
-0.00440408 -0.638621 0.0505195 0.767848
0 0 0 0
-0.206652 0.607296 0.715814 -0.275856
0.530819 -0.180805 0.765538 -0.315424
0.112646 0.776837 -0.0948309 0.612244
0 0 0 0
-0.0881458 0.033743 0.991093 -0.0939539
0 0 0 0
0 0 0 0
0 0 0 0
0 0 0 0
