3626866
0 -0.180255 -0.0668825 1.58381 2 405.683 302.582 216.364 219.307
1 -0.196289 0.261758 1.58926 2 398.81 197.658 212.698 143.26
2 -0.208929 0.578559 1.58211 2 392.405 94.658 209.283 68.6068
3 -0.126296 0.670416 1.65203 2 430.935 74.1048 229.832 53.7101
4 -0.250807 0.406952 1.44253 2 363.595 137.503 193.917 99.6604
5 -0.28004 0.187086 1.3572 2 341.508 211.183 182.137 153.063
6 -0.193517 -0.0437319 1.3204 2 383.088 297.984 204.314 215.975
7 -0.177079 -0.1018 1.31969 2 391.595 320.282 208.851 232.136
8 -0.0781799 0.448406 1.68402 1 451.882 145.84 241.004 105.703
9 -0.103838 0.203687 1.79114 1 444.08 223.651 236.842 162.1
10 -0.0792841 -0.0659788 1.80172 1 453.726 299.723 241.987 217.235
11 -0.0933761 -0.154849 1.79654 1 448.226 324.812 239.054 235.42
12 -0.214797 -0.0543985 1.51394 2 386.319 299.406 206.037 217.006
13 -0.216305 -0.380899 1.44991 2 380.775 414.911 203.08 300.722
14 -0.30565 -0.67001 1.4479 2 337.584 517.315 180.045 374.943
15 -0.372641 -0.559815 1.4242 1 302.444 481.866 161.303 349.25
16 -0.137359 -0.0732036 1.58059 2 424.217 304.638 226.249 220.798
17 -0.0894583 -0.310037 1.64549 1 446.489 376.762 238.127 273.072
18 -0.187687 -0.545625 1.46741 1 395.277 470.912 210.815 341.311
19 -0.122552 -0.560129 1.35217 1 421.09 492.647 224.581 357.064
20 -0.206136 0.501023 1.58578 2 393.943 120.219 210.103 87.133
21 -0.154134 -0.16362 1.33055 2 404.187 343.522 215.566 248.98
22 -0.232438 -0.0875334 1.37164 2 367.224 313.559 195.853 227.263
23 -0.0958538 -0.176743 1.78752 1 447.084 331.24 238.445 240.078
24 -0.0932355 -0.160918 1.78986 1 448.144 326.693 239.01 236.783
0
1
0.348084 -0.0199624 0.93711 0.0162499
0.381656 -0.0193634 0.923946 0.0169593
0.418849 -0.0262511 0.907569 -0.0139498
0 0 0 0
-0.34358 0.77627 -0.341143 0.403707
-0.167634 0.963046 -0.0964914 0.187432
-0.142972 -0.317899 -0.128461 0.928438
-0.127609 -0.330721 -0.0515332 0.93364
0.177651 0.760977 0.559817 0.275604
0.147879 0.508237 0.148967 0.835246
-0.0470339 -0.0963698 0.015068 0.99412
0.0808052 -0.0932975 -0.0213577 0.992124
0.415237 -0.558306 0.637694 -0.330482
-0.0885899 0.902178 0.0387684 -0.420385
0.148574 -0.121926 0.0150744 0.98124
0 0 0 0
-0.0289297 0.756412 0.653046 -0.0231193
-0.149355 -0.487966 0.0662616 0.857433
0.0241838 0.394668 -0.347757 0.850128
0 0 0 0
0.418818 -0.0217089 0.907808 0.00202631
0 0 0 0
0 0 0 0
0 0 0 0
0 0 0 0
