3608941
0 -0.043194 -0.148341 1.62554 2 465.692 327.369 248.369 237.273
1 -0.0316015 0.203671 1.62204 2 470.556 217.656 250.963 157.754
2 -0.020916 0.538614 1.60669 2 474.944 110.422 253.303 80.0326
3 0.0719661 0.623969 1.67516 2 513.731 91.2478 273.99 66.1352
4 -0.101289 0.372307 1.45905 2 436.004 151.51 232.535 109.812
5 -0.141419 0.157459 1.3558 2 412.157 222.384 219.817 161.181
6 -0.0771268 -0.0634275 1.31487 2 443.65 305.602 236.613 221.496
7 -0.0614605 -0.119891 1.31291 2 451.774 327.406 240.946 237.299
8 0.108951 0.408503 1.70793 1 527.995 159.707 281.597 115.754
9 0.0902909 0.16599 1.82199 1 518.026 235.122 276.281 170.413
10 0.0946639 -0.0944545 1.88881 2 518.393 306.495 276.476 222.143
11 0.112314 -0.130112 1.90448 2 524.49 315.764 279.728 228.861
12 -0.0811887 -0.140721 1.57662 2 448.554 326.363 239.229 236.544
13 -0.149759 -0.419564 1.45994 2 413.003 427.485 220.268 309.835
14 -0.298069 -0.683258 1.45161 2 341.597 521.34 182.185 377.86
15 -0.317672 -0.550393 1.42685 1 329.501 478.128 175.734 346.541
16 -0.00264846 -0.149437 1.60001 2 482.819 328.45 257.503 238.056
17 0.0327941 -0.478151 1.687 2 497.393 425.373 265.276 308.305
18 0.0899852 -0.768184 1.73334 2 519.972 507.452 277.318 367.794
19 0.0229434 -0.652647 1.68748 2 493.382 478.505 263.137 346.814
20 -0.0235038 0.45718 1.61262 2 473.882 137.014 252.737 99.3061
21 -0.0436823 -0.184445 1.32383 2 461.251 351.759 246 254.95
22 -0.0379499 -0.0756312 1.37433 2 464.986 309.032 247.992 223.982
23 0.132229 -0.171544 1.88611 2 532.165 327.233 283.822 237.174
24 0.0849313 -0.165859 1.844 2 515.62 326.711 274.997 236.795
0
1
0.143126 0.0155788 0.989555 -0.00726766
0.262863 0.014575 0.96468 -0.0091152
0.393945 0.000250501 0.91828 -0.0396212
0 0 0 0
-0.307286 0.752852 -0.429503 0.392832
-0.192079 0.942066 -0.136752 0.23857
-0.158163 0.263796 -0.0482556 0.950299
-0.134661 0.254427 0.018347 0.957495
0.189973 0.765968 0.566555 0.237104
0.14675 0.522966 0.164627 0.823328
0.120613 0.933508 -0.0346867 -0.335877
0.260944 0.879561 0.122327 -0.378572
0.317442 -0.589858 0.678444 -0.301683
-0.222061 0.76793 0.0294824 -0.600086
0.252172 -0.159807 0.0278155 0.95399
0 0 0 0
-0.196867 0.688005 0.670683 -0.19513
0.0366596 0.602755 0.133789 0.785775
-0.029606 0.599451 0.120366 0.790756
0 0 0 0
0.394593 0.00733358 0.91853 -0.0233558
0 0 0 0
0 0 0 0
0 0 0 0
0 0 0 0
