3649806
0 0.631656 -0.839006 2.44395 2 663.243 456.446 353.73 330.826
1 0.680702 -0.633087 2.47893 2 674.269 411.456 359.61 298.218
2 0.725958 -0.42769 2.50457 2 684.642 368.211 365.142 266.874
3 0.71538 -0.304434 2.46302 2 684.927 344.144 365.294 249.431
4 0.588645 -0.466717 2.55507 2 643.255 374.15 343.069 271.179
5 0.47669 -0.577618 2.34816 2 624.437 406.47 333.033 294.604
6 0.456895 -0.77619 2.21281 2 627.146 460.211 334.478 333.554
7 0.442624 -0.818431 2.18031 2 624.776 472.812 333.214 342.688
8 0.855741 -0.4677 2.43103 2 728.047 379.378 388.292 274.968
9 0.840598 -0.611669 2.30555 2 736.899 416.648 393.013 301.981
10 0.713818 -0.719828 2.11132 2 718.485 455.241 383.192 329.953
11 0.671081 -0.779503 2.04489 2 711.533 475.728 379.484 344.801
12 0.567969 -0.822895 2.46398 2 643.809 451.633 343.365 327.338
13 0.475285 -0.566936 2.31642 2 625.944 405.839 333.837 294.147
14 0.383959 -0.956007 2.2495 1 602.372 498.168 321.265 361.065
15 0.422547 -0.865221 2.24484 1 614.527 477.948 327.748 346.41
16 0.684787 -0.832166 2.38445 2 683.196 459.375 364.371 332.948
17 0.735004 -0.585439 2.1677 2 719.17 419.072 383.557 303.738
18 0.6446 -0.971913 2.10053 1 696.407 516.924 371.417 374.659
19 0.638411 -0.86259 1.99609 2 705.535 501.514 376.285 363.49
20 0.715039 -0.478819 2.49992 2 682.035 378.815 363.752 274.56
21 0.429065 -0.854709 2.11045 2 625.001 487.959 333.334 353.666
22 0.461821 -0.84257 2.15017 2 632.963 481.255 337.58 348.807
23 0.623135 -0.825895 1.97241 2 702.924 494.766 374.893 358.6
24 0.649766 -0.789809 2.0605 2 702.66 476.829 374.752 345.599
0
0
-0.289396 0.0863441 0.946644 0.112518
-0.252947 0.090588 0.957028 0.109131
-0.220614 0.0921797 0.968699 0.066744
0 0 0 0
-0.073304 -0.642914 0.733716 0.207243
-0.352095 0.791155 -0.403519 0.295423
-0.117208 0.499767 -0.272951 0.813629
-0.0579723 0.518034 -0.337378 0.783872
-0.23785 0.676364 0.691973 -0.0844541
-0.323854 0.897854 -0.139182 0.263829
0.34495 -0.0999817 -0.411943 0.837446
0.282685 -0.103136 -0.344529 0.889242
-0.0307355 -0.59693 0.785075 0.162441
0.865788 -0.159569 -0.404627 0.247437
0.139672 -0.465016 -0.0201746 0.873982
0 0 0 0
-0.393946 0.650327 0.622515 -0.185355
0.622114 -0.17254 0.695915 -0.314492
0.00430059 0.776279 -0.141246 0.614347
0 0 0 0
-0.218354 0.0912945 0.967538 0.0886402
0 0 0 0
0 0 0 0
0 0 0 0
0 0 0 0
