195643
0 -0.000480083 -0.0386174 2.89577 2 483.843 287.95 258.049 208.702
1 -0.0174431 0.244273 2.76489 2 479.621 236.529 255.798 171.433
2 -0.0348222 0.519782 2.62184 2 474.803 180.663 253.228 130.942
3 0.0312929 0.626454 2.61073 2 492.229 159.345 262.522 115.491
4 -0.109287 0.375315 2.55711 2 454.54 206.873 242.421 149.939
5 -0.111152 0.123866 2.58935 2 454.464 257.026 242.381 186.289
6 -0.0528357 -0.0887908 2.67402 2 470.385 297.994 250.872 215.982
7 -0.0522618 -0.152552 2.70765 2 470.696 309.693 251.038 224.461
8 0.0425294 0.447546 2.78501 1 494.47 199.801 263.717 144.813
9 0.102051 0.227241 2.94339 1 507.785 242.168 270.819 175.52
10 0.141252 0.00184718 3.05095 1 515.759 280.905 275.072 203.596
11 0.173299 -0.0479503 3.09151 1 522.467 289.052 278.649 209.501
12 -0.0503567 -0.0503301 2.81384 2 471.665 290.25 251.555 210.37
13 -0.0765627 -0.327924 2.89759 2 465.786 338.478 248.419 245.324
14 -0.0948427 -0.664868 3.1573 2 463.243 388.06 247.063 281.261
15 0.00556897 -0.699258 3.15898 2 485.173 393.559 258.759 285.246
16 0.048193 -0.0257164 2.90573 2 495.347 285.683 264.185 207.059
17 0.103643 -0.29948 3.12069 2 506.788 329.757 270.287 239.003
18 0.165795 -0.557594 3.31428 2 518.411 366.476 276.486 265.617
19 0.24097 -0.634539 3.29159 2 534.426 379.005 285.027 274.698
20 -0.0304703 0.452034 2.6599 2 476.068 195.095 253.903 141.402
21 -0.0414854 -0.222266 2.73954 2 473.55 322.239 252.56 233.555
22 -0.0247969 -0.120138 2.71841 2 477.691 303.549 254.768 220.008
23 0.208046 -0.0968165 3.12422 1 529.714 296.88 282.514 215.174
24 0.18402 -0.0336809 3.06713 1 525.176 286.762 280.094 207.841
1
0
0.356966 -0.104417 0.908676 -0.189685
0.40298 -0.113984 0.889226 -0.184096
0.447554 -0.142651 0.857274 -0.210775
0 0 0 0
-0.174514 0.737719 -0.463398 0.458889
0.0605283 0.926744 0.0202125 0.370235
-0.0483958 0.365759 0.217952 0.903535
0.0809319 0.342401 0.226314 0.908292
0.41256 0.658976 0.560634 0.285015
0.186353 0.785048 0.262142 0.52939
0.0165839 0.397231 0.232242 0.887692
-0.0766604 0.41805 0.383689 0.819842
-0.279721 0.622865 -0.600956 0.415508
0.116581 0.911332 -0.0983023 -0.382387
0.318971 0.942703 -0.0510119 -0.083468
0 0 0 0
0.238962 0.608457 0.754032 -0.0641269
0.0575921 0.389212 0.329125 0.858414
0.0366529 0.387724 0.325387 0.861655
0 0 0 0
0.449889 -0.132598 0.862068 -0.191983
0 0 0 0
0 0 0 0
0 0 0 0
0 0 0 0
