182016
0 0.110298 -0.0210135 2.90087 2 510.073 284.872 272.039 206.471
1 0.0806383 0.252464 2.77163 2 503.956 235.137 268.776 170.424
2 0.051101 0.519059 2.63035 2 497.346 181.13 265.251 131.28
3 0.120089 0.630685 2.60842 2 515.738 158.389 275.06 114.798
4 -0.0544532 0.383798 2.57335 2 469.393 205.677 250.343 149.072
5 -0.100699 0.155751 2.60401 2 457.385 250.969 243.939 181.899
6 -0.0687005 -0.107278 2.69545 2 466.449 301.328 248.773 218.399
7 -0.0556598 -0.147453 2.72337 2 469.916 308.582 250.622 223.656
8 0.186843 0.458714 2.82754 2 529.468 198.992 282.383 144.227
9 0.348001 0.328871 2.94156 2 565.408 224.57 301.551 162.765
10 0.565371 0.246027 2.95036 2 616.077 238.904 328.574 173.154
11 0.624552 0.228898 2.95721 2 629.646 241.92 335.811 175.34
12 0.0567478 -0.0330429 2.82073 2 497.774 287.131 265.479 208.109
13 -0.0110436 -0.310908 2.93108 2 481.366 334.875 256.729 242.713
14 -0.1018 -0.63887 3.18727 2 461.94 382.884 246.368 277.509
15 -0.0577589 -0.72651 3.14604 2 471.289 398.458 251.354 288.797
16 0.161021 -0.00846641 2.9096 2 521.975 282.682 278.387 204.884
17 0.195403 -0.271551 3.07624 2 527.631 325.872 281.403 236.188
18 0.232659 -0.574442 3.28515 2 532.754 369.867 284.135 268.074
19 0.304594 -0.65403 3.24142 2 548.774 383.624 292.68 278.046
20 0.0584733 0.453495 2.66789 2 499.05 195.073 266.16 141.386
21 -0.0568109 -0.203744 2.76147 2 469.82 318.518 250.571 230.858
22 -0.0225765 -0.140779 2.71282 2 478.24 307.443 255.061 222.83
23 0.697362 0.205685 2.97608 2 645.704 246.106 344.376 178.374
24 0.623486 0.250575 2.88182 2 633.243 237.062 337.73 171.819
1
2
0.333312 -0.12165 0.915864 -0.187874
0.353449 -0.125768 0.908283 -0.185143
0.371735 -0.145058 0.890887 -0.217006
0 0 0 0
-0.113317 0.748044 -0.522762 0.392822
0.0918548 0.949763 -0.0757397 0.28944
0.0650447 0.646368 0.163032 0.742562
0.0893076 0.623415 0.308686 0.712805
0.390898 0.66346 0.599943 0.216995
-0.2703 0.30108 0.390106 0.827107
-0.132936 0.792008 0.551715 0.225084
-0.111612 0.76273 0.591087 0.237489
-0.272201 0.635966 -0.603309 0.396827
0.127445 0.903004 -0.17483 -0.371183
0.232224 0.836123 -0.247161 -0.431141
0 0 0 0
0.226708 0.613127 0.753012 -0.0751737
0.06548 0.405781 0.275449 0.869012
0.0825439 0.418618 0.289286 0.856889
0 0 0 0
0.373187 -0.136749 0.896072 -0.197703
0 0 0 0
0 0 0 0
0 0 0 0
0 0 0 0
