191473
0 1.2618 0.181227 3.23077 2 754.746 252.592 402.531 183.075
1 1.22954 0.415636 3.07474 2 761.328 212.215 406.042 153.811
2 1.19032 0.644195 2.90895 2 767.833 168.16 409.511 121.88
3 1.11629 0.737004 2.90339 2 750.692 151.624 400.369 109.895
4 1.17891 0.579112 3.09743 1 747.962 185.781 398.913 134.651
5 1.19072 0.387705 3.22378 1 740.016 219.86 394.675 159.351
6 1.2012 0.132603 3.33207 1 733.73 260.921 391.323 189.112
7 1.15327 0.0885329 3.33091 1 723.75 267.665 386 194
8 1.23616 0.517012 2.84837 2 785.03 188.552 418.683 136.66
9 1.06231 0.333156 2.87719 2 739.914 222.143 394.621 161.006
10 0.877779 0.257443 2.93681 2 690.74 236.584 368.395 171.473
11 0.796671 0.237735 2.9698 2 669.355 240.5 356.989 174.311
12 1.24005 0.198213 3.24246 2 749.082 250.027 399.51 181.216
13 1.22273 -0.0781536 3.39705 2 733.331 292.94 391.11 212.319
14 1.23146 -0.390192 3.53249 2 725.513 337.531 386.94 244.638
15 1.20414 -0.435434 3.59035 2 716.295 343.034 382.024 248.627
16 1.26008 0.160762 3.16019 2 760.452 255.253 405.575 185.004
17 1.35556 -0.138173 3.27094 2 771.393 302.77 411.41 219.444
18 1.40688 -0.428853 3.41454 2 769.774 345.321 410.546 250.284
19 1.34682 -0.466462 3.45293 2 754.475 350.154 402.387 253.787
20 1.20108 0.587955 2.95254 2 766.174 179.552 408.626 130.137
21 1.14862 0.0796212 3.33461 1 722.506 269.043 385.337 194.999
22 1.14475 0.0793494 3.32334 1 722.508 269.043 385.337 194.999
23 0.753478 0.195563 3.00388 2 657.191 248.125 350.502 179.838
24 0.807439 0.2121 2.97773 2 671.363 244.986 358.06 177.563
0
0
-0.601549 0.134998 0.742735 -0.261265
-0.580407 0.127591 0.759371 -0.264961
-0.553332 0.123983 0.76457 -0.306406
0 0 0 0
0.527024 0.623761 -0.438333 -0.375542
-0.214011 -0.647253 0.193559 0.705548
-0.0015851 0.0866501 0.200187 0.975917
0.396838 0.124761 -0.0643546 0.90709
-0.236324 0.654769 0.415967 -0.585149
-0.0291951 0.900688 -0.371733 -0.222986
0.548454 0.430309 -0.131714 0.704758
0.613361 0.425911 -0.118309 0.654515
-0.449479 -0.46505 0.762469 -0.0184072
-0.00453374 -0.124865 0.2535 0.959232
0.0619843 0.35732 0.194035 0.911499
0 0 0 0
0.397879 -0.514851 -0.449989 0.611663
0.161058 0.972253 0.157853 0.0621854
0.234658 0.960431 0.046557 -0.142623
0 0 0 0
-0.55692 0.119628 0.770747 -0.285445
0 0 0 0
0 0 0 0
0 0 0 0
0 0 0 0
