9080221
0 1.29795 0.471699 3.6125 2 733.009 214.609 390.938 155.545
1 1.27338 0.744348 3.47277 2 738.3 171.808 393.76 124.524
2 1.2463 1.00782 3.31825 2 744.489 126.183 397.061 91.4554
3 1.18936 1.12067 3.28838 2 734.797 107.29 391.892 77.7622
4 1.18928 0.940404 3.45962 1 722.431 142.452 385.296 103.247
5 1.16442 0.710691 3.52901 1 712.695 178.48 380.104 129.36
6 1.1828 0.553822 3.69892 1 705.457 204.894 376.244 148.504
7 1.17738 0.46173 3.69122 1 704.839 217.469 375.914 157.619
8 1.29097 0.864877 3.24463 2 759.961 145.146 405.312 105.2
9 1.13303 0.722031 3.16538 2 732.242 164.783 390.529 119.433
10 0.915729 0.636387 3.07669 2 690.175 175.755 368.093 127.385
11 0.854334 0.624041 3.04803 1 678.079 176.871 361.642 128.194
12 1.25913 0.478138 3.61822 2 725.127 213.821 386.734 154.975
13 1.27725 0.204346 3.86515 2 712.74 254.277 380.128 184.296
14 1.38007 -0.151575 3.96216 2 725.212 300.709 386.78 217.95
15 1.26485 -0.229122 3.90364 2 708.249 311.108 377.733 225.487
16 1.31237 0.456536 3.53851 2 741.097 215.388 395.252 156.11
17 1.38867 0.0841355 3.68466 2 745.172 269.565 397.425 195.377
18 1.4302 -0.251842 3.7994 2 744.888 315.021 397.274 228.323
19 1.49167 -0.331624 3.69288 2 764.105 327.041 407.523 237.035
20 1.25377 0.943384 3.3595 2 742.862 137.859 396.193 99.9185
21 1.18409 0.426385 3.73539 2 703.435 223.054 375.165 161.667
22 1.16423 0.506424 3.6664 2 703.873 210.819 375.399 152.799
23 0.779452 0.590247 2.98829 2 664.501 180.606 354.401 130.901
24 0.775245 0.575929 2.974 2 664.376 182.582 354.334 132.333
1
0
-0.462508 0.0752495 0.854181 -0.225384
-0.483471 0.0807952 0.842493 -0.223456
-0.498739 0.102332 0.818752 -0.265392
0 0 0 0
0.428136 0.675271 -0.551536 -0.237732
0.148198 0.796425 0.044099 0.584636
-0.0438431 -0.00131723 0.399959 0.915483
0.0284416 0.0202134 -0.0422313 0.998498
-0.253277 0.673542 0.404098 -0.56471
-0.145164 0.895756 -0.405703 0.109332
0.163951 0.638384 -0.549294 0.513675
-0.168028 -0.586225 0.618169 -0.495957
-0.235509 -0.638211 0.724925 -0.108199
-0.0640202 -0.0986087 0.353621 0.927971
-0.16469 -0.246704 0.090497 0.950697
0 0 0 0
-0.367526 0.561084 0.516076 -0.532706
0.150803 0.942137 0.141645 0.263766
0.0409521 0.544593 0.168395 0.8206
0 0 0 0
-0.502544 0.0950005 0.824879 -0.24083
0 0 0 0
0 0 0 0
0 0 0 0
0 0 0 0
