9038742
0 0.00249693 0.0605478 2.83836 2 484.561 270.43 258.432 196.004
1 0.0567699 0.341834 2.70151 2 498.411 217.164 265.819 157.397
2 0.104167 0.618045 2.55612 2 512.088 158.392 273.113 114.8
3 0.155362 0.715352 2.56021 2 525.905 139.084 280.482 100.807
4 0.0668567 0.452309 2.48964 2 502.457 189.113 267.977 137.066
5 0.129981 0.197881 2.5158 2 519.47 241.427 277.051 174.983
6 0.243901 0.00295324 2.59524 2 548.555 280.635 292.563 203.401
7 0.279823 -0.0542885 2.63799 2 556.888 291.623 297.007 211.364
8 0.20954 0.369677 2.55634 1 540.396 207.94 288.211 150.712
9 0.267019 0.436245 2.79321 2 549.812 202.039 293.233 146.435
10 0.395969 0.517981 2.9924 2 575.216 193.365 306.782 140.148
11 0.428678 0.523523 2.98327 2 583.087 192.127 310.98 139.251
12 -0.061154 0.0659182 2.76905 2 468.788 269.179 250.02 195.097
13 0.112067 -0.362031 2.8881 2 510.65 344.664 272.347 249.808
14 0.0881308 -0.725923 3.01901 2 504.106 403.337 268.856 292.333
15 0.18642 -0.769335 2.98741 2 527.062 412.111 281.1 298.693
16 0.0665912 0.0545878 2.83262 2 500.103 271.471 266.722 196.759
17 0.0217607 -0.334202 3.12629 1 488.742 335.294 260.663 243.017
18 0.0525918 -0.804613 3.11478 1 495.618 412.488 264.329 298.966
19 0.185817 -0.760464 3.05436 2 525.968 407.728 280.516 295.516
20 0.0947667 0.549114 2.59358 2 509.154 173.776 271.549 125.95
21 0.305297 -0.104179 2.67327 2 562.499 300.933 299.999 218.112
22 0.307429 -0.0384389 2.62506 2 564.495 288.621 301.064 209.188
23 0.464346 0.586197 3.00541 2 590.624 182.123 314.999 132
24 0.460843 0.483947 2.94896 2 591.764 197.904 315.608 143.438
0
0
0.199619 0.0405159 0.95034 -0.235298
0.180734 0.0451739 0.954111 -0.234448
0.148979 0.0230206 0.956032 -0.251553
0 0 0 0
-0.357146 0.887735 -0.19515 0.215149
0.00252192 0.923002 0.13079 0.361878
-0.0867385 0.593798 0.291996 0.744727
-0.0219468 0.553582 0.376303 0.742604
-0.0994847 0.955949 0.274209 0.0327805
-0.191269 -0.00301224 0.771459 0.606843
0.760255 0.568068 0.291291 -0.120254
0.404363 0.436264 0.645769 -0.478693
0.135715 -0.550706 0.714192 -0.410164
0.210283 0.809265 0.0836086 -0.542107
0.161668 0.964311 -0.0654306 -0.199214
0 0 0 0
0.113665 0.714359 0.664055 -0.189213
0.220243 0.747373 -0.232807 -0.582003
-0.0345488 0.210543 -0.00504602 0.976961
0 0 0 0
0.152465 0.0447735 0.956291 -0.245473
0 0 0 0
0 0 0 0
0 0 0 0
0 0 0 0
