9085603
0 0.193844 0.0849219 2.83772 2 530.896 266.079 283.144 192.85
1 0.162642 0.356343 2.71433 2 525.19 214.734 280.101 155.636
2 0.134575 0.620173 2.57965 2 519.969 159.089 277.317 115.306
3 0.190776 0.721858 2.57722 2 535.133 138.721 285.404 100.543
4 0.0875801 0.458772 2.51952 2 507.905 188.9 270.883 136.912
5 0.127085 0.19818 2.54982 2 518.214 241.9 276.381 175.326
6 0.234374 -0.00663103 2.65174 2 544.703 282.475 290.508 204.734
7 0.249535 -0.0603372 2.70391 2 547.392 292.498 291.943 211.998
8 0.261069 0.544324 2.89851 1 546.055 185.937 291.229 134.765
9 0.316868 0.401124 3.00865 1 556.482 213.652 296.79 154.852
10 0.340994 0.135894 3.03674 1 561.183 258.564 299.298 187.404
11 0.349459 0.0480307 3.05013 1 562.744 273.242 300.13 198.042
12 0.165439 0.0810249 2.76767 2 525.027 266.41 280.014 193.09
13 0.151899 -0.338859 2.93293 2 519.58 339.688 277.109 246.202
14 0.104827 -0.684837 3.07154 2 507.5 394.39 270.667 285.849
15 0.189338 -0.743546 3.03531 2 527.028 405.675 281.082 294.028
16 0.217541 0.0865504 2.83269 2 536.734 265.76 286.258 192.619
17 0.2486 -0.299478 2.89896 1 542.953 333.508 289.575 241.722
18 0.209263 -0.656803 3.21941 1 528.78 384.733 282.016 278.849
19 0.260527 -0.618083 3.31335 2 538.157 375.831 287.017 272.398
20 0.140541 0.555648 2.61571 2 521.014 173.402 277.874 125.679
21 0.286942 -0.115369 2.74015 2 555.963 302.514 296.514 219.258
22 0.205443 -0.0583826 2.70494 2 536.149 292.125 285.946 211.728
23 0.347051 0.0325539 3.02898 1 562.746 275.772 300.131 199.876
24 0.354096 0.0523492 3.04003 1 564.058 272.497 300.831 197.502
0
1
0.399707 -0.134988 0.890468 -0.170525
0.449848 -0.144495 0.866219 -0.162548
0.501239 -0.165908 0.826929 -0.193451
0 0 0 0
-0.195534 0.766316 -0.361908 0.493506
0.0237076 0.916949 0.091219 0.387714
-0.304104 -0.541366 0.0473595 0.782432
-0.312519 -0.568 0.225438 0.727245
0.423463 0.627816 0.549793 0.352496
0.173292 0.783501 0.302143 0.514593
-0.0315496 0.234179 0.0617124 0.96972
-0.0286817 0.232884 0.0842844 0.968421
-0.382221 0.599596 -0.572855 0.407711
0.169938 0.923447 -0.0779083 -0.335108
0.164748 0.945424 -0.111257 -0.258175
0 0 0 0
0.0835248 0.647471 0.725644 -0.217359
0.0112231 0.52759 0.0928771 0.844332
-0.147371 -0.483778 0.327544 0.798095
0 0 0 0
0.501999 -0.160652 0.833028 -0.168086
0 0 0 0
0 0 0 0
0 0 0 0
0 0 0 0
