9073430
0 0.168317 0.0817756 2.82859 2 524.841 266.594 279.915 193.224
1 0.154498 0.359991 2.72002 2 523.043 214.195 278.956 155.245
2 0.132122 0.63002 2.59299 2 519.134 157.779 276.871 114.356
3 0.189692 0.727982 2.60477 2 534.302 139.036 284.961 100.771
4 0.0875104 0.463348 2.52002 2 507.882 187.993 270.871 136.255
5 0.129502 0.19824 2.55034 2 518.859 241.896 276.725 175.323
6 0.228763 -0.000312394 2.63901 2 543.534 281.271 289.885 203.861
7 0.244188 -0.0538346 2.68826 2 546.392 291.34 291.409 211.159
8 0.269253 0.530325 2.89045 1 548.175 188.136 292.36 136.359
9 0.365661 0.429709 3.02799 1 567.156 209.265 302.483 151.672
10 0.540715 0.400057 3.10053 1 604.226 215.732 322.254 156.36
11 0.599534 0.39075 3.12875 1 616.159 217.807 328.618 157.864
12 0.138217 0.0778616 2.75499 2 518.423 266.924 276.492 193.463
13 0.149359 -0.34084 2.93782 2 518.926 339.932 276.761 246.378
14 0.104028 -0.683339 3.07096 2 507.324 394.162 270.573 285.683
15 0.189526 -0.743171 3.03457 2 527.081 405.642 281.11 294.004
16 0.19384 0.084125 2.82735 2 531.067 266.166 283.235 192.914
17 0.106549 -0.290061 2.91686 2 509.071 331.52 271.504 240.281
18 0.124259 -0.591363 3.28934 1 509.981 372.348 271.99 269.873
19 0.241466 -0.59784 3.3363 2 533.831 372.076 284.71 269.676
20 0.1379 0.563374 2.62692 2 520.164 172.363 277.421 124.927
21 0.27608 -0.114335 2.71689 2 553.826 302.503 295.374 219.25
22 0.200971 -0.0587449 2.714 2 534.842 292.156 285.249 211.75
23 0.613799 0.378031 3.17591 1 617.287 220.786 329.22 160.022
24 0.578022 0.362836 3.14371 1 610.759 222.64 325.738 161.366
0
0
0.419197 -0.10013 0.888574 -0.157113
0.459251 -0.107186 0.868549 -0.152387
0.495115 -0.152682 0.836139 -0.180057
0 0 0 0
-0.219551 0.758229 -0.358849 0.49811
0.0227224 0.921682 0.0935979 0.375799
-0.278041 -0.398446 0.0858665 0.869805
-0.266164 -0.434492 0.263114 0.819234
0.394283 0.662831 0.537375 0.34121
-0.261895 0.0446296 0.417698 0.868877
-0.648025 -0.34666 -0.0525555 0.676113
-0.654477 -0.359857 -0.0322792 0.664169
0.346507 -0.573922 0.596114 -0.441808
0.196682 0.922043 -0.0568551 -0.328514
0.160527 0.946833 -0.108218 -0.256956
0 0 0 0
0.119678 0.658975 0.729011 -0.141325
0.158933 0.79652 -0.02258 0.582912
-0.061465 -0.0861237 0.426594 0.898233
0 0 0 0
0.4975 -0.140909 0.840164 -0.163591
0 0 0 0
0 0 0 0
0 0 0 0
0 0 0 0
