9072755
0 1.2882 0.439094 3.53774 2 736.375 217.899 392.733 157.93
1 1.24213 0.703907 3.38925 2 738.162 175.207 393.686 126.987
2 1.19003 0.961507 3.22955 2 739.579 129.232 394.442 93.6655
3 1.12055 1.06097 3.22669 2 724.859 113.367 386.592 82.1669
4 1.14106 0.870476 3.36985 1 718.835 149.361 383.379 108.255
5 1.12753 0.617131 3.50455 1 706.895 191.422 377.011 138.74
6 0.911268 0.568658 3.30271 1 674.928 193.518 359.962 140.26
7 0.864584 0.528075 3.32668 1 663.721 200.416 353.985 145.259
8 1.22589 0.820814 3.17632 2 751.709 149.29 400.911 108.203
9 1.03119 0.677237 3.10336 2 714.355 169.866 380.989 123.117
10 0.830491 0.604302 3.04465 2 672.819 180.087 358.837 130.525
11 0.774264 0.599697 3.04571 1 659.888 180.94 351.94 131.143
12 1.25184 0.431736 3.5117 2 731.03 218.508 389.883 158.372
13 1.28658 0.210157 3.83176 1 716.457 253.265 382.111 183.563
14 1.36824 -0.160229 3.94736 2 724.03 301.898 386.149 218.812
15 1.25331 -0.240043 3.89496 2 706.686 312.601 376.899 226.569
16 1.29847 0.438517 3.49156 2 741.793 217.136 395.623 157.377
17 1.37102 0.0426576 3.66043 2 743.544 275.267 396.557 199.51
18 1.42226 -0.270414 3.78668 2 744.311 317.636 396.966 230.218
19 1.35645 -0.350342 3.71484 2 737.036 329.31 393.086 238.679
20 1.20398 0.898268 3.27145 2 739.278 141.038 394.281 102.222
21 0.873321 0.512941 3.33342 1 665.167 202.892 354.756 147.053
22 0.845765 0.53622 3.28918 1 661.813 198.235 352.967 143.678
23 0.700233 0.568171 3.03035 2 643.75 185.803 343.333 134.667
24 0.746126 0.607639 3.03064 2 654.316 179.12 348.968 129.824
0
0
-0.155179 -0.0364298 0.952417 -0.259797
-0.308833 0.00654346 0.914221 -0.262257
-0.484634 0.0630229 0.821634 -0.293385
0 0 0 0
0.395577 0.747325 -0.477253 -0.239276
-0.0665701 -0.357772 0.23363 0.901657
-0.513776 0.751694 -0.393932 -0.125729
0.0297212 0.824389 -0.43961 -0.355306
-0.263241 0.691923 0.346315 -0.576206
-0.141043 0.884389 -0.442715 0.0443527
0.494984 -0.60175 0.300541 0.550057
0.502872 -0.482541 0.454217 0.554942
-0.102165 0.682089 -0.639054 0.34048
0.258533 0.568346 0.386884 0.678575
-0.138232 -0.244165 0.117604 0.952599
0 0 0 0
-0.339915 0.471078 0.61511 -0.533089
0.111952 0.795256 0.184284 0.566634
0.136748 0.881657 0.151124 0.425609
0 0 0 0
-0.48752 0.060913 0.827054 -0.273122
0 0 0 0
0 0 0 0
0 0 0 0
0 0 0 0
