9078515
0 0.193436 0.084523 2.82866 2 530.947 266.102 283.172 192.867
1 0.160964 0.352871 2.70181 2 524.953 215.078 279.975 155.886
2 0.130105 0.613415 2.56424 2 518.981 159.7 276.79 115.749
3 0.188056 0.709092 2.56633 2 534.611 140.665 285.126 101.952
4 0.0848664 0.453121 2.50847 2 507.264 189.64 270.541 137.449
5 0.132081 0.212458 2.52326 2 519.941 238.619 277.302 172.948
6 0.294215 0.15357 2.67054 2 559.732 252.107 298.524 182.723
7 0.338767 0.154632 2.72991 2 569.334 252.534 303.645 183.033
8 0.267263 0.513722 2.86168 1 548.334 190.154 292.445 137.821
9 0.311645 0.402524 3.00333 2 555.412 213.298 296.22 154.595
10 0.487307 0.415829 2.90258 2 599.754 208.5 319.869 151.118
11 0.517585 0.417228 2.89887 2 607.141 208.141 323.809 150.858
12 0.16337 0.0810041 2.75163 2 524.749 266.327 279.866 193.03
13 0.154142 -0.336295 2.93158 2 520.123 339.272 277.399 245.9
14 0.104342 -0.682756 3.06974 2 507.404 394.111 270.616 285.646
15 0.189491 -0.743244 3.0338 2 527.084 405.687 281.111 294.036
16 0.218419 0.0863006 2.83203 2 536.959 265.801 286.378 192.649
17 0.218297 -0.307117 2.87571 1 536.176 335.271 285.961 243
18 0.245876 -0.60459 3.25044 1 536.096 375.552 285.918 272.195
19 0.349558 -0.659549 3.18789 1 559.621 386.264 298.465 279.959
20 0.137621 0.549715 2.60072 2 520.451 173.942 277.574 126.071
21 0.392931 0.142495 2.77957 2 581.25 255.248 310 185
22 0.350054 0.181429 2.7051 2 573.009 247.248 305.605 179.202
23 0.563545 0.415372 2.87194 2 619.404 207.748 330.349 150.573
24 0.545492 0.452608 2.87383 2 614.991 201.207 327.995 145.832
0
0
0.427438 -0.145789 0.875587 -0.171432
0.45209 -0.150591 0.863117 -0.16723
0.475096 -0.171981 0.840191 -0.196943
0 0 0 0
-0.192554 0.777117 -0.355813 0.482088
-0.00824973 0.922013 0.100867 0.373698
-0.0834063 0.508738 0.602684 0.609098
-0.0303293 0.397069 0.711504 0.578946
0.396239 0.66849 0.530754 0.338253
-0.0503226 0.169719 0.44463 0.878047
0.65669 -0.564806 -0.318653 -0.384983
0.585359 -0.470559 -0.424564 -0.505644
-0.391508 0.596999 -0.570495 0.406016
0.188935 0.930968 -0.0725717 -0.303869
0.163164 0.945881 -0.114155 -0.256231
0 0 0 0
0.199878 0.674854 0.703718 -0.0969581
0.0407329 0.734141 0.0373377 0.676745
0.117512 0.305886 0.419321 0.846637
0 0 0 0
0.477021 -0.162055 0.84544 -0.177256
0 0 0 0
0 0 0 0
0 0 0 0
0 0 0 0
