9067030
0 1.33379 0.458676 3.61505 2 739.747 216.483 394.532 156.904
1 1.34821 0.717962 3.46578 2 753.824 175.46 402.039 127.171
2 1.35408 0.975803 3.31054 2 767.589 130.805 409.381 94.8059
3 1.3607 1.09002 3.23081 2 775.717 109.226 413.716 79.1658
4 1.20894 0.933947 3.41627 2 729.46 141.65 389.045 102.666
5 1.13417 0.76107 3.60965 2 701.737 173.675 374.26 125.877
6 1.10733 0.536941 3.64849 2 694.097 206.23 370.185 149.473
7 1.12157 0.484717 3.6506 2 696.661 213.567 371.552 154.79
8 1.49061 0.855542 3.31035 2 796.097 149.38 424.585 108.269
9 1.57588 0.655659 3.40922 2 804.517 183.069 429.076 132.686
10 1.55424 0.43464 3.43508 2 797.845 216.619 425.517 157.003
11 1.5399 0.363038 3.45808 2 792.892 227.617 422.876 164.974
12 1.26623 0.462779 3.60253 2 727.554 215.699 388.029 156.335
13 1.32815 0.10847 3.82825 2 724.242 266.77 386.262 193.352
14 1.29226 -0.27037 3.93194 2 711.504 316.243 379.469 229.209
15 1.26678 -0.31588 3.77531 2 716.338 323.85 382.047 234.722
16 1.37681 0.44633 3.55926 2 752.214 217.219 401.181 157.437
17 1.41507 0.0286262 3.74914 2 745.561 277.317 397.632 200.995
18 1.40298 -0.260369 3.8028 2 739.653 316.129 394.482 229.126
19 1.31738 -0.315674 3.7207 2 729.286 324.469 388.952 235.17
20 1.35385 0.912406 3.35091 2 764.201 142.234 407.574 103.089
21 1.13212 0.407405 3.63178 2 699.753 224.067 373.202 162.401
22 1.08549 0.46637 3.6462 2 690.001 216.07 368.001 156.604
23 1.5308 0.305782 3.46869 2 790.125 236.208 421.4 171.2
24 1.50701 0.375739 3.43679 2 788.166 225.398 420.355 163.366
1
0
-0.182195 0.0731551 0.948483 -0.248663
-0.191641 0.0756302 0.94662 -0.247922
-0.206093 0.0615748 0.937702 -0.272855
0 0 0 0
-0.325098 -0.657753 0.679301 -0.0148936
0.22609 0.726696 -0.358732 -0.54047
0.00459397 -0.528693 0.103506 0.842466
-0.121786 -0.542083 -0.056119 0.829557
0.0604994 0.76358 0.557845 -0.319521
0.153684 0.918368 0.240356 0.274245
0.00339344 -0.605123 0.075559 0.792531
-0.0163603 -0.594063 0.179185 0.784037
-0.123403 -0.643267 0.717339 -0.237496
-0.212726 -0.512097 0.19381 0.809285
-0.0523486 -0.649143 0.130376 0.74758
0 0 0 0
-0.20824 0.63869 0.608551 -0.422346
0.153182 0.816375 0.151437 0.535849
0.0921663 0.911333 0.0179934 0.400815
0 0 0 0
-0.203995 0.0683866 0.942732 -0.254883
0 0 0 0
0 0 0 0
0 0 0 0
0 0 0 0
