9055433
0 1.27692 0.455589 3.52929 2 734.762 215.364 391.873 156.093
1 1.2192 0.715019 3.38738 2 733.596 173.479 391.251 125.735
2 1.15481 0.966785 3.23502 2 731.606 128.649 390.19 93.2434
3 1.09216 1.06837 3.23135 2 718.427 112.433 383.161 81.4902
4 1.10486 0.906808 3.38488 1 710.363 144.473 378.86 104.712
5 1.09673 0.690389 3.55516 1 697.706 182.198 372.11 132.055
6 1.23252 0.450429 3.48385 1 729.16 215.271 388.885 156.026
7 1.33129 0.293353 3.4866 1 748.68 238.287 399.296 172.707
8 1.18999 0.835162 3.17678 2 743.831 147.002 396.71 106.545
9 0.985737 0.697634 3.08947 2 705.162 166.011 376.086 120.323
10 0.796709 0.628418 3.0115 2 667.129 174.895 355.802 126.761
11 0.709171 0.602866 3.00332 1 647.312 179.025 345.233 129.755
12 1.24386 0.454532 3.50744 2 729.756 215.117 389.203 155.914
13 1.31588 0.122607 3.70517 1 729.987 264.342 389.326 191.592
14 1.37525 -0.169645 3.93536 2 726.017 303.183 387.209 219.743
15 1.30198 -0.269076 3.84016 2 718.764 316.919 383.341 229.699
16 1.28496 0.447397 3.48182 2 739.816 215.658 394.568 156.306
17 1.36393 0.0610686 3.65412 2 742.64 272.688 396.075 197.64
18 1.41959 -0.268096 3.78807 2 743.722 317.31 396.652 229.982
19 1.46288 -0.343048 3.7296 2 755.951 328.145 403.174 237.835
20 1.17177 0.905004 3.27505 2 732.175 140.142 390.493 101.573
21 1.35051 0.281943 3.49564 2 751.825 240.06 400.973 173.992
22 1.30326 0.286045 3.45976 1 745.088 239.036 397.38 173.25
23 0.63794 0.564309 2.96691 2 632.596 184.459 337.385 133.693
24 0.674049 0.6141 2.98356 2 640.229 176.446 341.455 127.885
1
0
-0.288383 -0.0217691 0.920529 -0.262655
-0.405695 0.0125878 0.875186 -0.263254
-0.532157 0.0574403 0.791018 -0.296312
0 0 0 0
0.471561 0.67081 -0.53352 -0.207366
0.282892 0.838073 -0.164899 -0.436365
-0.00707851 0.860768 0.280464 -0.424698
0.119171 0.878593 0.250146 -0.388973
-0.265675 0.633494 0.378167 -0.620557
-0.11028 0.860221 -0.473954 0.1524
0.522779 -0.610037 0.25766 0.536813
0.4781 -0.540821 0.363147 0.589116
0.0884936 -0.642986 0.691978 -0.316077
-0.206465 -0.447465 0.187319 0.84974
-0.230133 -0.456167 0.243219 0.824497
0 0 0 0
-0.33567 0.500975 0.550863 -0.576975
0.138828 0.864096 0.178437 0.449694
0.0416831 0.550572 0.201788 0.808959
0 0 0 0
-0.535856 0.0539679 0.796018 -0.276226
0 0 0 0
0 0 0 0
0 0 0 0
0 0 0 0
