9052759
0 0.176392 0.071822 2.81947 2 526.942 268.332 281.036 194.483
1 0.146155 0.341649 2.68749 2 521.374 216.849 278.066 157.169
2 0.115583 0.603256 2.54357 2 515.321 160.754 274.838 116.512
3 0.16714 0.705277 2.54288 2 529.391 140.136 282.342 101.568
4 0.0712343 0.443933 2.48992 2 503.664 190.837 268.621 138.316
5 0.113393 0.189433 2.52327 2 514.843 243.243 274.583 176.299
6 0.210029 -0.00262349 2.6076 2 539.308 281.72 287.631 204.186
7 0.230113 -0.0666632 2.65941 2 543.429 293.889 289.829 213.006
8 0.24126 0.52549 2.82923 1 542.741 186.993 289.462 135.53
9 0.314595 0.346127 2.97371 1 556.781 222.252 296.95 161.085
10 0.30457 0.116422 2.97729 1 554.294 261.426 295.623 189.478
11 0.304047 0.0638672 3.01637 1 553.254 270.499 295.069 196.054
12 0.14493 0.0664723 2.74836 2 520.184 268.984 277.432 194.956
13 0.13947 -0.342505 2.92129 2 516.796 340.553 275.624 246.828
14 0.101803 -0.682234 3.06613 2 506.861 394.157 270.326 285.68
15 0.189463 -0.743915 3.03404 2 527.074 405.79 281.106 294.111
16 0.202358 0.075521 2.81662 2 533.326 267.653 284.44 193.991
17 0.203786 -0.313861 2.88666 1 532.518 336.247 284.01 243.707
18 0.220594 -0.631742 3.25023 1 530.746 379.812 283.064 275.282
19 0.267255 -0.605603 3.34118 2 539.086 373.136 287.513 270.444
20 0.123303 0.539043 2.58177 2 516.89 175.266 275.675 127.03
21 0.268835 -0.124424 2.68684 2 552.754 304.641 294.802 220.8
22 0.182939 -0.0335626 2.67744 2 530.903 287.549 283.148 208.411
23 0.305724 0.0435129 3.01924 1 553.569 273.92 295.237 198.534
24 0.310251 0.0516366 3.00801 1 554.867 272.526 295.929 197.523
3
1
0.390422 -0.137263 0.891328 -0.185103
0.438057 -0.147074 0.868908 -0.177409
0.484401 -0.178923 0.832345 -0.201355
0 0 0 0
-0.190006 0.769725 -0.3595 0.492119
0.0305471 0.927023 0.0992913 0.360327
-0.271228 -0.331923 0.103126 0.897568
-0.244975 -0.370075 0.249651 0.860643
0.415442 0.642752 0.550198 0.334006
0.198183 0.811523 0.299496 0.46093
0.0229941 0.223792 0.00270428 0.974362
0.0717564 0.204355 0.305993 0.92707
-0.361721 0.605117 -0.578653 0.410064
0.183769 0.917396 -0.0757661 -0.34478
0.179875 0.947026 -0.100371 -0.246399
0 0 0 0
0.13271 0.629053 0.743297 -0.184907
0.0631846 0.722208 0.0625109 0.685942
-0.222161 -0.453012 0.348906 0.78974
0 0 0 0
0.48693 -0.167154 0.837485 -0.183241
0 0 0 0
0 0 0 0
0 0 0 0
0 0 0 0
