9067212
0 1.3354 0.460579 3.61331 2 740.183 216.182 394.764 156.686
1 1.34558 0.723716 3.46907 2 753.041 174.714 401.622 126.631
2 1.34616 0.984266 3.32014 2 765.124 129.934 408.066 94.1745
3 1.35424 1.09866 3.24007 2 773.516 108.35 412.542 78.5308
4 1.20296 0.935501 3.42401 2 727.69 141.735 388.101 102.728
5 1.13425 0.754822 3.61209 2 701.6 174.632 374.187 126.571
6 1.10945 0.532448 3.64903 2 694.47 206.868 370.384 149.935
7 1.13009 0.466192 3.65067 2 698.273 216.153 372.412 156.665
8 1.48766 0.867856 3.31701 2 794.853 147.752 423.922 107.088
9 1.5739 0.664376 3.41891 2 803.21 182.045 428.379 131.944
10 1.54721 0.435201 3.45547 2 794.587 216.916 423.78 157.218
11 1.52627 0.380922 3.48394 2 787.883 225.394 420.204 163.363
12 1.26715 0.463203 3.60001 2 727.904 215.592 388.215 156.258
13 1.32925 0.110104 3.82387 2 724.722 266.536 386.518 193.181
14 1.39085 -0.169968 3.93564 2 728.771 303.225 388.678 219.774
15 1.33178 -0.25268 3.92039 2 719.22 314.057 383.584 227.624
16 1.37939 0.450379 3.55852 2 752.777 216.624 401.481 157.006
17 1.4155 0.0945767 3.70268 2 748.956 268.182 399.443 194.375
18 1.4033 -0.245543 3.79892 2 739.971 314.174 394.651 227.709
19 1.33085 -0.310148 3.72631 2 731.437 323.65 390.1 234.577
20 1.34717 0.920291 3.35904 2 762.148 141.369 406.479 102.463
21 1.15117 0.38886 3.64257 2 702.749 226.826 374.799 164.401
22 1.08591 0.459146 3.64757 2 689.998 217.104 367.999 157.354
23 1.51922 0.316914 3.49683 2 785.359 234.945 418.858 170.285
24 1.48079 0.392799 3.44964 2 781.751 223.083 416.934 161.688
1
1
-0.170431 0.060873 0.953492 -0.241042
-0.182971 0.0640416 0.951165 -0.240219
-0.200464 0.0492561 0.941812 -0.265289
0 0 0 0
0.317029 0.672288 -0.668844 0.0130026
0.219693 0.727891 -0.34172 -0.552391
0.0129885 -0.440895 0.0977083 0.89213
-0.138772 -0.458375 -0.0590956 0.875867
0.0565103 0.756465 0.57311 -0.310019
0.165 0.927383 0.233912 0.240874
0.0233515 0.762552 -0.0945059 -0.639561
0.0610678 0.720372 -0.277949 -0.632518
-0.110334 -0.652476 0.711814 -0.23542
-0.215634 -0.524966 0.189201 0.801321
-0.146501 -0.249885 0.153444 0.944749
0 0 0 0
-0.202835 0.632893 0.62212 -0.413849
0.130998 0.811523 0.146527 0.550272
0.131405 0.893043 0.0436862 0.428133
0 0 0 0
-0.1988 0.0554251 0.946978 -0.24625
0 0 0 0
0 0 0 0
0 0 0 0
0 0 0 0
