9035943
0 0.0936348 0.00134521 2.87353 2 506.337 280.974 270.047 203.646
1 0.0909636 0.330954 2.75806 2 506.641 220.479 270.209 159.8
2 0.0884317 0.650967 2.62835 2 507.186 155.384 270.499 112.62
3 0.115044 0.7616 2.62443 2 514.266 133.561 274.275 96.8035
4 0.0762843 0.493903 2.57095 2 504.405 183.792 269.016 133.21
5 0.176721 0.249435 2.59663 2 530.76 232.6 283.072 168.585
6 0.276711 0.0784279 2.67761 2 555.009 266.392 296.005 193.077
7 0.31646 0.000478513 2.71898 2 563.995 281.122 300.797 203.753
8 0.20174 0.384123 2.58061 2 537.787 205.789 286.82 149.153
9 0.240879 0.152336 2.63144 1 546.895 251.922 291.677 182.589
10 0.27186 0.238302 2.86382 2 549.251 239.094 292.934 173.292
11 0.324735 0.297736 3.14402 2 555.024 233.264 296.013 169.066
12 0.0496351 0.00817993 2.81763 2 496.055 279.744 264.563 202.754
13 0.134823 -0.337048 2.93162 2 515.587 339.398 274.98 245.991
14 0.0986072 -0.703185 3.01522 2 506.524 399.633 270.146 289.649
15 0.17887 -0.76269 2.99319 2 525.232 410.716 280.124 297.681
16 0.137653 -0.00800902 2.85324 2 517.097 282.63 275.785 204.846
17 0.040773 -0.283431 3.1134 2 492.958 327.255 262.911 237.19
18 0.0215518 -0.578075 3.26397 1 488.505 370.975 260.536 268.878
19 0.0769079 -0.647829 3.16087 2 500.731 385.183 267.056 279.175
20 0.0890975 0.572354 2.66324 2 507.029 172.148 270.415 124.771
21 0.345333 -0.04447 2.75073 2 570.309 289.393 304.165 209.748
22 0.341788 0.00917063 2.70222 2 570.957 279.493 304.51 202.573
23 0.345672 0.277795 3.16436 2 559.12 236.762 298.197 171.602
24 0.300219 0.268877 3.14329 2 549.655 237.914 293.149 172.437
0
0
0.148915 -0.0291649 0.97452 -0.16518
0.137486 -0.0272274 0.976198 -0.16551
0.119474 -0.0292428 0.970949 -0.205255
0 0 0 0
-0.402774 0.894511 -0.125425 0.147962
-0.0654514 0.816951 0.188132 0.541215
-0.0120045 0.713903 0.316733 0.624402
0.0232312 0.707388 0.311109 0.634251
-0.198583 0.948182 0.243022 0.0495588
-0.131615 -0.64095 0.0282239 0.755688
0.761322 0.498984 -0.304182 -0.280851
0.725082 0.537667 -0.276191 -0.329983
0.242011 -0.565806 0.699461 -0.363384
0.194251 0.781883 -0.00128427 -0.592388
0.100572 0.974988 -0.0684122 -0.186019
0 0 0 0
-0.0393609 0.718979 0.635378 -0.278952
0.312886 0.516687 0.223501 0.764973
0.150365 0.520467 0.181401 0.82073
0 0 0 0
0.120097 -0.0263751 0.975166 -0.184205
0 0 0 0
0 0 0 0
0 0 0 0
0 0 0 0
