9084793
0 1.32408 0.447952 3.60519 2 738.569 217.826 393.904 157.877
1 1.3468 0.69973 3.44591 2 755.094 177.552 402.717 128.687
2 1.36675 0.943347 3.27296 2 773.511 134.148 412.539 97.2288
3 1.37744 1.04736 3.18895 2 783.151 113.807 417.68 82.4858
4 1.2166 0.919796 3.37916 2 733.73 142.254 391.323 103.104
5 1.12998 0.756217 3.59414 2 701.868 173.899 374.33 126.04
6 1.09389 0.550982 3.64849 2 691.537 204.273 368.82 148.054
7 1.09282 0.506392 3.65484 2 690.938 210.635 368.5 152.665
8 1.48073 0.804654 3.28182 2 796.768 156.126 424.943 113.158
9 1.54747 0.56346 3.33363 2 805.91 194.948 429.818 141.296
10 1.59843 0.353602 3.3117 2 818.713 226.718 436.647 164.322
11 1.61908 0.284031 3.27233 2 827.071 236.919 441.105 171.715
12 1.25678 0.453379 3.59649 2 726.125 216.926 387.267 157.225
13 1.31305 0.116754 3.81481 2 722.329 265.614 385.242 192.513
14 1.39445 -0.182582 3.87869 1 733.05 305.211 390.96 221.212
15 1.32177 -0.269522 3.76793 2 726.981 317.676 387.723 230.247
16 1.36695 0.433205 3.54676 2 751.221 218.884 400.651 158.644
17 1.41513 0.0720245 3.70333 2 748.837 271.29 399.38 196.628
18 1.41822 -0.238372 3.80725 2 742.142 313.143 395.809 226.962
19 1.37329 -0.325323 3.71462 2 740.21 325.88 394.779 236.193
20 1.36266 0.883595 3.31819 2 768.797 145.299 410.025 105.311
21 1.08611 0.459485 3.66718 2 688.924 217.403 367.426 157.571
22 1.12101 0.494495 3.62106 2 698.312 211.632 372.433 153.388
23 1.61078 0.218391 3.22207 2 830.622 246.625 442.998 178.75
24 1.59524 0.294952 3.2475 2 824.62 234.862 439.797 170.225
1
0
-0.203064 0.0974428 0.938131 -0.263021
-0.214057 0.100522 0.935684 -0.261859
-0.226464 0.103926 0.920198 -0.301908
0 0 0 0
-0.341766 -0.622303 0.703333 -0.0354599
0.238038 0.710019 -0.393741 -0.533084
0.153009 0.789109 0.00915806 0.594821
0.0635518 0.797625 0.0329085 0.598893
0.0596558 0.799624 0.476678 -0.360307
-0.0145553 0.723348 0.167038 0.669817
-0.0575975 0.99005 0.115282 0.0565111
-0.252885 0.959243 0.121378 0.0342017
-0.16064 -0.637468 0.716975 -0.231896
-0.206169 -0.48844 0.205089 0.822714
-0.162566 -0.448937 0.0317236 0.878078
0 0 0 0
-0.217073 0.644501 0.594281 -0.429335
0.139661 0.833194 0.158562 0.511019
0.130302 0.816142 0.0943866 0.554999
0 0 0 0
-0.22504 0.106399 0.926812 -0.28117
0 0 0 0
0 0 0 0
0 0 0 0
0 0 0 0
