9052331
0 1.3192 0.470523 3.63874 2 735.277 215.25 392.148 156.01
1 1.31962 0.721583 3.47575 2 747.328 175.238 398.575 127.01
2 1.31615 0.966833 3.29463 2 761.019 131.446 405.877 95.27
3 1.29962 1.06763 3.22775 2 763.052 112.499 406.961 81.5375
4 1.18393 0.943258 3.44707 2 722.224 141.523 385.186 102.574
5 1.13288 0.767786 3.64919 2 699.117 173.909 372.862 126.047
6 1.1001 0.565351 3.68509 2 690.642 203.051 368.342 147.168
7 1.1082 0.518727 3.69422 2 691.623 209.683 368.865 151.975
8 1.43613 0.83853 3.28552 2 787.054 150.985 419.762 109.432
9 1.5283 0.639199 3.29612 2 805.494 182.254 429.597 132.095
10 1.60287 0.379638 3.27086 2 823.779 221.985 439.349 160.892
11 1.61713 0.300001 3.23629 2 830.432 233.913 442.897 169.537
12 1.25357 0.474187 3.63078 2 723.214 214.614 385.714 155.549
13 1.3299 0.113933 3.84741 2 723.352 266.119 385.788 192.88
14 1.39432 -0.205996 3.8771 2 733.135 308.3 391.005 223.452
15 1.39588 -0.303181 3.75513 2 741.619 322.391 395.53 233.665
16 1.3577 0.456827 3.57755 2 747.112 216.055 398.46 156.594
17 1.4007 0.0909261 3.73239 2 744.058 268.786 396.831 194.813
18 1.40426 -0.241656 3.80383 2 739.812 313.61 394.566 227.3
19 1.34161 -0.313588 3.72912 2 733.266 324.091 391.075 234.897
20 1.31792 0.906449 3.34209 2 757.509 142.764 404.005 103.474
21 1.10551 0.466124 3.70666 2 690.375 217.167 368.2 157.4
22 1.06627 0.524605 3.6735 2 684.846 208.481 365.251 151.104
23 1.61607 0.229189 3.18384 2 835.874 244.486 445.8 177.2
24 1.64393 0.269664 3.21253 2 838.691 238.392 447.302 172.783
1
0
-0.226503 0.0677766 0.931703 -0.275739
-0.264793 0.0791079 0.921552 -0.272704
-0.302518 0.0930918 0.89526 -0.31357
0 0 0 0
-0.423868 -0.625486 0.652697 0.055585
0.228511 0.662729 -0.354678 -0.618689
0.0231498 -0.512103 0.115278 0.850838
-0.122267 -0.519439 0.036996 0.844905
0.0304469 0.747812 0.518639 -0.413357
-0.0563009 0.907436 0.208642 0.360358
-0.137428 0.625308 0.051378 0.766462
-0.193449 0.630633 -0.100003 0.744902
-0.163166 -0.646236 0.707844 -0.233908
-0.211566 -0.475194 0.183409 0.834141
-0.104316 -0.65734 -0.0312008 0.745686
0 0 0 0
-0.230003 0.617535 0.59501 -0.460123
0.142149 0.841519 0.148329 0.499638
0.0915681 0.884848 0.0528588 0.453724
0 0 0 0
-0.302472 0.0942001 0.902044 -0.293179
0 0 0 0
0 0 0 0
0 0 0 0
0 0 0 0
