9057690
0 0.181522 0.089544 2.81121 2 528.325 265.106 281.773 192.145
1 0.153566 0.356931 2.6888 2 523.258 213.992 279.071 155.098
2 0.126744 0.616713 2.55393 2 518.216 158.545 276.382 114.912
3 0.178524 0.716338 2.56213 2 532.126 138.984 283.8 100.734
4 0.0891555 0.453607 2.49213 2 508.604 188.936 271.255 136.938
5 0.167276 0.222431 2.5044 2 529.883 236.273 282.604 171.247
6 0.305976 0.243032 2.6646 2 562.98 235.024 300.256 170.342
7 0.335141 0.292283 2.70871 2 569.144 226.542 303.544 164.194
8 0.252366 0.538916 2.8396 1 545.233 184.923 290.791 134.03
9 0.0586281 0.341674 2.79047 1 498.407 219.241 265.817 158.903
10 0.327906 0.305845 2.74452 2 566.216 224.753 301.982 162.898
11 0.339287 0.341346 2.74146 2 569.196 218.107 303.571 158.081
12 0.153717 0.0820426 2.72874 2 522.659 266.01 278.752 192.801
13 0.14679 -0.336139 2.92314 2 518.496 339.412 276.531 246.001
14 0.10164 -0.683165 3.06579 2 506.827 394.325 270.308 285.801
15 0.18979 -0.74476 3.0337 2 527.154 405.947 281.149 294.225
16 0.204895 0.0948075 2.81819 2 533.919 264.199 284.757 191.488
17 0.351679 -0.235887 2.95402 1 565.878 321.644 301.802 233.123
18 0.151679 -0.628491 3.16754 1 516.967 381.859 275.716 276.766
19 0.220691 -0.611003 3.25664 2 530.665 376.368 283.021 272.786
20 0.133375 0.552978 2.59004 2 519.473 172.855 277.052 125.283
21 0.385767 0.305404 2.74884 2 580.623 224.897 309.666 163.002
22 0.352994 0.271508 2.70118 2 573.934 230.285 306.098 166.907
23 0.400206 0.348271 2.76347 2 583.75 217.307 311.333 157.501
24 0.322636 0.363275 2.75225 2 564.697 214.314 301.172 155.332
1
1
0.473938 -0.145467 0.85321 -0.162034
0.489288 -0.148373 0.844501 -0.159377
0.50149 -0.171805 0.825677 -0.192996
0 0 0 0
-0.212741 0.762969 -0.339469 0.507327
-0.0446998 0.895928 0.157845 0.412795
0.647668 0.657626 0.359036 -0.138371
0.833593 0.39424 0.382 -0.0614288
0.409973 0.640073 0.553646 0.340155
0.358785 0.117491 -0.141657 0.915097
-0.658125 0.077867 -0.0430049 0.747636
0.899071 -0.101284 -0.407696 -0.123275
-0.394849 0.598884 -0.548778 0.429273
0.206298 0.942313 -0.0639547 -0.255728
0.171858 0.94943 -0.106409 -0.24026
0 0 0 0
0.255573 0.62751 0.734943 -0.0278048
-0.176575 0.10272 0.202416 0.957757
0.0830087 -0.443204 0.30362 0.839342
0 0 0 0
0.504038 -0.159804 0.83103 -0.172616
0 0 0 0
0 0 0 0
0 0 0 0
0 0 0 0
