9101069
0 0.187726 0.081119 2.84081 2 529.363 266.773 282.327 193.353
1 0.156538 0.354821 2.71564 2 523.621 215.053 279.265 155.867
2 0.12466 0.620058 2.57754 2 517.342 159.015 275.916 115.252
3 0.182444 0.719675 2.58114 2 532.82 139.377 284.171 101.018
4 0.0782957 0.457902 2.51899 2 505.37 189.058 269.531 137.027
5 0.115472 0.199274 2.55058 2 515.074 241.696 274.706 175.178
6 0.220634 -0.00320197 2.64247 2 541.338 281.824 288.714 204.262
7 0.234406 -0.0652988 2.68677 2 543.922 293.503 290.092 212.727
8 0.251219 0.544167 2.89643 1 543.753 185.901 290.001 134.738
9 0.30661 0.401995 3.00561 1 554.202 213.441 295.574 154.699
10 0.330742 0.138869 3.03416 1 558.921 258.05 298.091 187.031
11 0.339195 0.0517078 3.04769 1 560.486 272.626 298.926 197.596
12 0.159048 0.077645 2.77115 2 523.389 267.045 279.141 193.551
13 0.150566 -0.340512 2.93318 2 519.265 339.969 276.941 246.405
14 0.103462 -0.684962 3.07148 2 507.194 394.413 270.503 285.865
15 0.189663 -0.74406 3.03448 2 527.114 405.796 281.127 294.116
16 0.211428 0.0824478 2.83509 2 535.205 266.505 285.443 193.159
17 0.239956 -0.303477 2.90224 1 540.836 334.145 288.446 242.184
18 0.200669 -0.660777 3.22268 1 526.895 385.254 281.011 279.227
19 0.260414 -0.619556 3.31176 2 538.16 376.104 287.019 272.595
20 0.132755 0.55502 2.61443 2 518.977 173.474 276.788 125.732
21 0.266593 -0.123496 2.71451 2 551.482 304.228 294.124 220.5
22 0.187 -0.0573426 2.69985 2 531.549 291.95 283.493 211.601
23 0.336821 0.0362182 3.02654 1 560.48 275.156 298.923 199.429
24 0.344909 0.0543194 3.03704 1 562.052 272.16 299.761 197.258
3
1
0.39341 -0.133779 0.893037 -0.172674
0.445853 -0.143817 0.868045 -0.164408
0.496736 -0.178455 0.828031 -0.189132
0 0 0 0
-0.191447 0.768664 -0.363639 0.490174
0.0312616 0.931191 0.0876785 0.352447
-0.28786 -0.428233 0.0744293 0.853354
-0.231961 -0.475669 0.21367 0.821145
0.425326 0.626587 0.54897 0.35372
0.173171 0.783945 0.301867 0.514119
-0.0316074 0.234061 0.0630242 0.969662
-0.0286462 0.232738 0.0857578 0.968327
-0.381055 0.598615 -0.575988 0.405827
0.168804 0.920946 -0.0732313 -0.343512
0.165103 0.94553 -0.111527 -0.257442
0 0 0 0
0.0739556 0.648519 0.722316 -0.228504
0.0144638 0.52668 0.092158 0.844929
-0.135725 -0.455193 0.332546 0.814734
0 0 0 0
0.499445 -0.165262 0.833239 -0.170164
0 0 0 0
0 0 0 0
0 0 0 0
0 0 0 0
