7797933
0 -0.126564 0.60095 3.98219 2 462.08 204.775 246.443 148.418
1 -0.141067 0.868984 3.87987 2 458.874 167.513 244.733 121.411
2 -0.160126 1.12855 3.76602 2 454.549 128.697 242.426 93.278
3 -0.125266 1.25579 3.73429 2 460.73 109.873 245.723 79.6346
4 -0.233985 0.97161 3.69959 2 440.26 147.694 234.806 107.047
5 -0.243705 0.758824 3.71407 2 438.708 177.537 233.978 128.676
6 -0.00287048 0.886727 3.67078 2 483.417 158.522 257.822 114.894
7 0.0594838 0.907936 3.61438 1 495.32 153.583 264.171 111.315
8 -0.0558842 1.05631 3.90947 2 474.081 143.845 252.843 104.257
9 0.10019 0.912199 3.7045 2 502.628 156.12 268.068 113.154
10 -0.0949406 0.888923 3.62349 1 465.869 156.591 248.463 113.495
11 -0.188526 0.917746 3.68783 1 448.657 154.763 239.284 112.17
12 -0.1622 0.577718 3.90509 2 455.367 206.281 242.863 149.509
13 -0.150184 0.239552 4.03061 2 458.355 251.161 244.456 182.038
14 -0.167618 -0.135399 4.21019 2 456.608 297.467 243.524 215.6
15 -0.0799665 -0.197452 4.13152 2 470.661 305.369 251.019 221.327
16 -0.085424 0.610346 3.98554 2 469.203 203.645 250.242 147.599
17 -0.0174664 0.243299 4.20849 2 481.105 251.986 256.59 182.636
18 -0.0793898 -0.0760986 4.43344 2 471.658 289.886 251.551 210.105
19 -0.0279333 -0.148442 4.29865 2 479.493 298.664 255.73 216.468
20 -0.155345 1.06462 3.7965 2 455.674 138.583 243.026 100.443
21 0.145171 0.948818 3.59217 2 511.875 146.94 273 106.5
22 0.0309965 0.959513 3.59829 2 489.907 145.66 261.284 105.572
23 -0.210841 0.88707 3.6774 2 444.375 158.669 237 115.001
24 -0.189558 0.93319 3.65425 2 448.13 151.425 239.002 109.751
1
1
0.399632 -0.0970961 0.898231 -0.155073
0.405169 -0.0980516 0.895747 -0.15447
0.406728 -0.123292 0.885928 -0.185749
0 0 0 0
-0.16432 0.778244 -0.417392 0.439454
0.0322087 0.996557 -0.0251738 -0.0721263
-0.584629 0.434844 0.624361 0.281589
-0.658415 0.595122 0.434503 0.15338
0.348442 0.690077 0.59248 0.226606
-0.458243 0.843049 0.214285 0.182656
-0.507471 0.663844 -0.433266 -0.337734
0.364784 -0.287923 0.699952 0.54231
-0.300477 0.647129 -0.527063 0.461674
0.171076 0.919192 -0.0473166 -0.35154
0.194122 0.893081 -0.108468 -0.391099
0 0 0 0
0.17101 0.617673 0.762718 -0.0865821
0.0225376 0.353239 0.278207 0.892925
0.238367 0.542717 0.19858 0.780516
0 0 0 0
0.408333 -0.114366 0.890061 -0.167261
0 0 0 0
0 0 0 0
0 0 0 0
0 0 0 0
