7806683
0 1.34127 0.0966307 3.11107 2 783.027 265.356 417.615 192.326
1 1.32709 0.374431 2.98219 2 792.68 217.115 422.763 157.362
2 1.30693 0.648526 2.84098 2 802.894 164.753 428.21 119.41
3 1.30301 0.755159 2.85292 2 800.481 146.225 426.923 105.982
4 1.20199 0.441645 2.86383 1 775.135 202.485 413.405 146.758
5 1.11837 0.357901 3.06322 2 737.037 221.613 393.086 160.622
6 1.13898 0.516706 3.12871 1 736.385 196.944 392.738 142.742
7 1.11316 0.555479 3.11268 1 731.934 190.155 390.365 137.821
8 1.29213 0.527055 2.77687 2 806.638 184.358 430.207 133.62
9 1.24982 0.288047 2.81186 2 792.321 228.915 422.571 165.914
10 1.13819 0.327868 3.01459 2 745.727 225.723 397.721 163.601
11 1.10779 0.372509 3.06245 2 734.698 219.167 391.839 158.85
12 1.28714 0.0795791 3.0576 2 775.948 267.927 413.839 194.19
13 1.37306 -0.187852 3.2097 2 780.706 311.086 416.376 225.471
14 1.54738 -0.437348 3.43107 2 796.827 346.281 424.974 250.98
15 1.42199 -0.487915 3.35812 2 777.725 355.383 414.787 257.577
16 1.37058 0.110606 3.09185 2 791.485 262.949 422.125 190.582
17 1.4657 -0.162135 3.26988 1 794.928 306.524 423.962 222.164
18 1.38696 -0.47943 3.28516 2 776.852 355.712 414.321 257.815
19 1.32519 -0.532397 3.3138 2 761.362 363.22 406.06 263.257
20 1.31294 0.580869 2.87852 2 800.28 178.231 426.816 129.179
21 1.10934 0.555414 3.11388 1 730.981 190.202 389.857 137.856
22 1.08533 0.542336 3.07069 1 729.02 191.1 388.811 138.507
23 1.08741 0.443918 3.11864 2 725.624 208.614 386.999 151.201
24 1.05997 0.323981 3.06264 2 723.749 227.278 386 164.728
1
1
0.228412 -0.0734146 0.949161 -0.203794
0.0532797 -0.0354114 0.974802 -0.213701
-0.216825 0.0170019 0.942804 -0.252625
0 0 0 0
-0.0809095 0.93707 -0.322114 -0.107688
0.507149 0.541847 0.249432 0.622082
-0.289884 0.000881262 0.935365 0.202629
-0.34446 -0.195381 0.88028 -0.261306
0.211808 -0.184823 -0.474277 0.834289
0.0179555 0.856802 -0.111214 -0.50319
0.580054 0.630696 -0.498318 -0.132055
-0.686714 -0.432598 0.58117 0.059366
-0.158192 0.67609 -0.604675 0.390186
0.284827 0.806038 -0.016401 -0.518562
-0.326716 -0.228532 0.248578 0.882745
0 0 0 0
-0.0479004 0.486244 0.826374 -0.279961
-0.23613 -0.337513 0.205753 0.88769
-0.00729042 0.961332 -0.123261 -0.246157
0 0 0 0
-0.217513 0.0208811 0.947987 -0.231458
0 0 0 0
0 0 0 0
0 0 0 0
0 0 0 0
