1082732
0 -0.104761 -0.0887227 2.46065 2 454.709 299.438 242.511 217.028
1 -0.136475 0.179467 2.35357 2 444.098 242.641 236.852 175.863
2 -0.16419 0.441954 2.23382 2 433.276 180.828 231.081 131.062
3 -0.146875 0.578127 2.20308 2 437.896 147.797 233.544 107.121
4 -0.227193 0.285864 2.15946 2 411.509 214.133 219.472 155.201
5 -0.26367 0.00560422 2.17682 2 400.653 279.908 213.681 202.873
6 -0.233956 -0.216509 2.19979 2 410.769 331.049 219.077 239.94
7 -0.224685 -0.282953 2.22421 2 414.408 345.66 221.018 250.529
8 -0.0447284 0.427987 2.44674 2 471.366 192.558 251.395 139.564
9 -0.127638 0.223907 2.2454 2 444.868 230.753 237.263 167.246
10 0.0150576 0.432678 2.36465 2 488.343 188.455 260.45 136.589
11 -0.00248529 0.468854 2.43994 2 483.255 183.774 257.736 133.197
12 -0.130791 -0.106289 2.34585 2 445.647 304.12 237.678 220.422
13 -0.222996 -0.511126 2.49994 2 422.428 384.987 225.295 279.034
14 -0.434685 -0.843856 2.68937 2 371.997 441.146 198.398 319.737
15 -0.392801 -0.929284 2.69055 2 382.774 457.355 204.146 331.485
16 -0.0715186 -0.0716657 2.50668 2 464.359 295.661 247.658 214.291
17 -0.0210821 -0.453163 2.69766 2 478.575 366.328 255.24 265.509
18 -0.0481627 -0.766492 2.88103 2 472.408 416.451 251.951 301.838
19 0.0262528 -0.827928 2.86211 2 490.298 428.37 261.492 310.477
20 -0.157754 0.377275 2.266 2 436.001 196.818 232.534 142.651
21 -0.205644 -0.345456 2.24223 2 420.782 359.302 224.417 260.417
22 -0.256208 -0.299304 2.21118 2 404.147 349.817 215.545 253.543
23 0.0222338 0.489963 2.44023 2 490.237 179.37 261.46 130.005
24 -0.0187947 0.427895 2.41575 2 478.598 191.437 255.252 138.751
0
1
0.555513 -0.152332 0.808078 -0.123333
0.516341 -0.146276 0.833652 -0.130458
0.477405 -0.15172 0.847332 -0.176337
0 0 0 0
-0.191813 0.75425 -0.413983 0.472158
0.035822 0.994232 -0.0619051 0.0799222
0.0818781 0.757624 0.0170963 -0.647309
0.175954 0.753588 -0.0610393 -0.630413
0.419892 0.558918 0.66288 0.268125
-0.00796626 0.366319 -0.397504 0.841271
0.934392 0.223311 -0.0165727 -0.277073
0.800233 0.534395 -0.26745 -0.0501908
-0.419883 0.603398 -0.499899 0.457941
0.160743 0.968195 -0.130792 -0.140187
0.1781 0.921467 -0.296672 -0.176537
0 0 0 0
0.409593 0.547405 0.689982 0.23771
-0.017971 0.176026 0.235931 0.955525
0.10544 0.252005 0.241961 0.931037
0 0 0 0
0.478362 -0.144573 0.852159 -0.155224
0 0 0 0
0 0 0 0
0 0 0 0
0 0 0 0
