1079740
0 0.822981 0.156304 2.91126 2 679.38 253.899 362.336 184.023
1 0.814191 0.410412 2.79216 2 685.791 206.346 365.755 149.557
2 0.804034 0.65722 2.66262 2 693.308 155.289 369.764 112.551
3 0.755741 0.765855 2.62141 2 683.897 132.116 364.745 95.7557
4 0.714829 0.614617 2.84299 2 658.018 171.084 350.943 123.999
5 0.703531 0.38145 2.99724 2 646.109 216.516 344.592 156.928
6 0.667683 0.181331 3.0484 2 635.058 251.014 338.698 181.932
7 0.668972 0.130072 3.05044 2 635.23 259.567 338.79 188.131
8 0.91598 0.527873 2.60211 2 728.072 177.69 388.305 128.787
9 0.998628 0.30601 2.64398 2 745.834 222.161 397.778 161.019
10 0.968644 0.0770802 2.69687 2 732.799 266.64 390.826 193.257
11 0.953117 0.0190053 2.72295 2 726.4 277.653 387.413 201.239
12 0.772144 0.163372 2.918 2 666.778 252.747 355.615 183.188
13 0.757158 -0.103735 3.08683 2 653.292 298.282 348.422 216.191
14 0.873281 -0.338046 3.25474 2 669.44 334.045 357.035 242.111
15 0.851342 -0.446672 3.29098 2 662.815 350.264 353.501 253.866
16 0.855936 0.146069 2.84042 2 692.398 255.036 369.279 184.846
17 0.907878 -0.200661 2.87813 2 702.269 316.717 374.544 229.552
18 0.97312 -0.476295 3.00374 2 708.411 362.051 377.819 262.409
19 0.885661 -0.547346 2.93778 1 692.791 376.181 369.489 272.651
20 0.807084 0.596631 2.69697 2 691.347 168.396 368.718 122.051
21 0.666529 0.0694134 3.06904 2 633.739 269.733 337.994 195.498
22 0.68255 0.123909 3.0106 2 640.38 260.315 341.536 188.673
23 0.94996 -0.0554526 2.75073 2 723.129 291.484 385.669 211.264
24 0.915811 0.0305308 2.71577 2 717.443 275.483 382.636 199.666
1
1
-0.356496 0.0644509 0.908529 -0.208164
-0.388 0.0716795 0.895528 -0.205786
-0.416807 0.0894491 0.872257 -0.239661
0 0 0 0
0.457146 0.63017 -0.585496 -0.226048
-0.144127 -0.537348 0.250116 0.792419
0.144144 0.940027 -0.0440298 0.305995
0.0148588 0.948739 0.0181727 0.315187
-0.0921419 0.723834 0.525907 -0.43703
0.099193 0.97873 0.169639 -0.0589143
-0.00887876 -0.547108 0.12911 0.826997
-0.0114215 -0.536118 0.238228 0.80975
-0.212404 -0.649313 0.723288 -0.100652
-0.091503 -0.393966 0.263528 0.875769
-0.250437 -0.177029 0.245558 0.919589
0 0 0 0
-0.287944 0.582718 0.59342 -0.474744
0.0198734 0.91372 0.0892171 0.395931
0.157174 0.910026 0.174673 0.341523
0 0 0 0
-0.418677 0.0850081 0.877302 -0.218688
0 0 0 0
0 0 0 0
0 0 0 0
0 0 0 0
