1084558
0 0.800565 0.182781 2.94362 2 671.912 249.633 358.353 180.931
1 0.797626 0.436896 2.84183 2 678.19 202.924 361.701 147.076
2 0.796695 0.687076 2.7329 2 686.043 152.967 365.889 110.868
3 0.760655 0.796945 2.6691 2 681.608 128.831 363.524 93.3746
4 0.681428 0.655478 2.89043 2 647.139 165.706 345.141 120.101
5 0.639593 0.436985 3.05726 2 628.411 208.586 335.153 151.18
6 0.575157 0.237277 3.07674 2 612.814 242.093 326.834 175.466
7 0.567488 0.161527 3.07634 2 611.071 254.587 325.904 184.521
8 0.917671 0.570289 2.68157 2 721.263 172.692 384.674 125.165
9 1.00767 0.381633 2.63505 2 749.161 207.302 399.552 150.249
10 0.825802 0.232534 2.60044 2 703.784 235.662 375.352 170.804
11 0.763812 0.194392 2.55854 2 690.472 242.536 368.252 175.786
12 0.740882 0.190427 2.94719 2 657.574 248.374 350.706 180.018
13 0.749204 -0.139743 3.10991 2 650.255 304.036 346.803 220.361
14 0.840002 -0.483267 3.33949 2 657.858 354.831 350.858 257.177
15 0.764221 -0.557199 3.26124 2 645.965 368.13 344.515 266.816
16 0.843224 0.171469 2.8771 2 686.641 250.882 366.208 181.836
17 0.904328 -0.233908 2.94142 2 696.701 321.702 371.574 233.165
18 0.995001 -0.585782 3.14411 2 703.247 376.21 375.065 272.672
19 0.996263 -0.666002 3.0702 2 708.925 391.876 378.093 284.026
20 0.797283 0.625208 2.76238 2 683.952 165.807 364.774 120.174
21 0.567815 0.0967672 3.0961 2 610.31 265.366 325.498 192.333
22 0.579907 0.151592 3.04267 2 615.312 255.944 328.166 185.505
23 0.714714 0.162883 2.55961 2 676.979 248.841 361.055 180.357
24 0.737165 0.201879 2.52724 2 685.699 240.556 365.706 174.352
1
0
-0.297179 0.0520927 0.935846 -0.182108
-0.329196 0.0583264 0.925069 -0.180208
-0.358874 0.0770342 0.906963 -0.206625
0 0 0 0
-0.401487 -0.617508 0.652024 0.179879
-0.125205 -0.56298 0.302398 0.758903
0.0956512 0.930734 -0.130549 0.327936
0.0148532 0.937973 -0.0482576 0.343011
-0.0724519 0.736123 0.563598 -0.367739
-0.116782 0.969557 0.214144 0.0215298
-0.206782 0.858622 -0.378969 -0.276391
-0.380357 0.831934 -0.358123 -0.18698
-0.164434 -0.652185 0.732383 -0.105974
-0.114598 -0.447595 0.196189 0.864891
-0.222582 -0.401949 0.210799 0.86282
0 0 0 0
-0.254039 0.622589 0.603832 -0.428058
0.03591 0.886182 0.101343 0.450691
0.113884 0.717309 0.253352 0.638993
0 0 0 0
-0.360291 0.0721009 0.911517 -0.184739
0 0 0 0
0 0 0 0
0 0 0 0
0 0 0 0
