1078888
0 0.821499 0.154646 2.91073 2 679.06 254.185 362.165 184.229
1 0.809044 0.410817 2.79275 2 684.463 206.292 365.047 149.517
2 0.79454 0.660388 2.6651 2 690.635 154.805 368.339 112.201
3 0.748649 0.769344 2.62344 2 681.864 131.555 363.661 95.3495
4 0.707977 0.615669 2.84446 2 656.251 170.958 350.001 123.908
5 0.696315 0.386202 3.0035 2 644.101 215.851 343.521 156.446
6 0.666513 0.185266 3.05501 2 634.464 250.426 338.381 181.505
7 0.670809 0.136519 3.0585 2 635.248 258.554 338.799 187.396
8 0.905274 0.528563 2.60638 2 724.808 177.731 386.564 128.817
9 1.00324 0.293461 2.6677 2 744.69 225.089 397.168 163.142
10 0.998976 0.0862499 2.71505 2 738.93 265.012 394.096 192.077
11 0.979508 0.0127683 2.73631 2 731.949 278.832 390.373 202.094
12 0.771069 0.162399 2.91586 2 666.656 252.896 355.55 183.295
13 0.776672 -0.142863 3.12449 2 655.593 304.442 349.65 220.656
14 0.901856 -0.371652 3.28728 2 673.67 338.74 359.291 245.514
15 0.855536 -0.480731 3.31317 2 662.517 355.042 353.342 257.329
16 0.853914 0.143403 2.84183 2 691.796 255.527 368.958 185.202
17 0.907544 -0.207092 2.88992 2 701.293 317.704 374.023 230.268
18 1.00078 -0.551375 3.10959 2 706.97 371.624 377.051 269.348
19 1.01923 -0.673588 3.06264 2 714.715 393.431 381.181 285.153
20 0.798622 0.599064 2.69895 2 689.011 168.026 367.472 121.783
21 0.670393 0.0715809 3.07252 2 634.442 269.387 338.369 195.248
22 0.681953 0.119009 3.01091 2 640.225 261.144 341.453 189.273
23 0.984083 -0.0558581 2.7681 2 730.233 291.497 389.457 211.273
24 0.943286 0.0351355 2.73287 2 722.998 274.659 385.599 199.069
1
1
-0.35405 0.0565238 0.91014 -0.207604
-0.388333 0.0643613 0.896049 -0.205309
-0.420381 0.0811705 0.871929 -0.237553
0 0 0 0
0.458924 0.63252 -0.581027 -0.227408
-0.162083 -0.574506 0.25128 0.761925
0.137034 0.964914 -0.0424601 0.219907
0.0248172 0.972435 0.0507975 0.226217
-0.0883619 0.726807 0.518523 -0.441676
0.117478 0.973925 0.193617 0.0134856
-0.0495966 -0.516243 0.101013 0.849017
0.0317774 -0.529856 0.183107 0.827475
-0.201217 -0.64239 0.731508 -0.108366
-0.128425 -0.392138 0.265996 0.871195
-0.261177 -0.15172 0.244319 0.921453
0 0 0 0
-0.291929 0.594308 0.584592 -0.468858
0.0319395 0.912445 0.0960106 0.396493
0.119963 0.694605 0.273257 0.654571
0 0 0 0
-0.422431 0.0764382 0.876658 -0.217211
0 0 0 0
0 0 0 0
0 0 0 0
0 0 0 0
