1076828
0 -0.125583 -0.0623208 2.535 2 449.924 293.638 239.959 212.825
1 -0.153227 0.209961 2.42263 2 440.471 237.364 234.918 172.038
2 -0.188599 0.47615 2.29651 2 427.309 175.972 227.898 127.542
3 -0.171821 0.611938 2.25936 2 431.395 143.463 230.078 103.98
4 -0.250095 0.317203 2.23356 2 406.825 209.224 216.973 151.643
5 -0.305452 0.0468936 2.2502 2 390.562 270.66 208.3 196.171
6 -0.294508 -0.197217 2.29072 2 395.461 324.818 210.913 235.423
7 -0.276126 -0.263236 2.29232 2 401.015 339.394 213.875 245.988
8 -0.0501184 0.487548 2.46958 2 469.969 181.085 250.65 131.248
9 0.130982 0.593845 2.47442 2 520.498 159.302 277.599 115.46
10 0.325102 0.660001 2.41674 2 577.002 142.212 307.735 103.074
11 0.378868 0.695478 2.4038 1 593.06 133.836 316.298 97.0028
12 -0.15974 -0.0729049 2.44269 2 439.022 296.301 234.145 214.755
13 -0.242074 -0.511694 2.54958 2 418.466 383.077 223.182 277.649
14 -0.421755 -0.862791 2.69344 2 375.481 444.503 200.257 322.17
15 -0.371701 -0.937434 2.69131 2 388.237 458.849 207.06 332.568
16 -0.0876828 -0.0511824 2.55808 2 460.413 291.324 245.553 211.147
17 -0.0364858 -0.43337 2.77679 2 474.912 360.265 253.286 261.115
18 -0.0771655 -0.746212 2.92367 2 465.73 410.908 248.389 297.82
19 -0.00685357 -0.808047 2.9169 2 482.333 422.08 257.244 305.918
20 -0.179774 0.410717 2.33034 2 430.796 191.841 229.758 139.043
21 -0.264013 -0.329282 2.31395 2 405.358 353.346 216.191 256.1
22 -0.234431 -0.259153 2.29156 2 413.543 338.488 220.556 245.332
23 0.453952 0.740533 2.39523 1 615.27 123.584 328.144 89.5717
24 0.395248 0.666756 2.4038 1 597.752 139.953 318.801 101.436
0
0
0.467409 -0.134348 0.861218 -0.147588
0.452779 -0.131833 0.868999 -0.149838
0.433254 -0.159831 0.867925 -0.182898
0 0 0 0
-0.174811 0.774557 -0.401884 0.456061
0.0500058 0.973918 -0.0924908 0.201069
0.0303532 0.586049 0.0794345 0.805801
-0.100183 0.603228 0.0917409 0.785915
0.399274 0.531137 0.726499 0.175135
-0.405786 0.432906 0.767052 0.244052
0.69727 0.141845 0.411194 -0.569749
0.757404 0.138538 0.443082 -0.459157
-0.377846 0.607442 -0.551158 0.429501
0.0911727 0.957177 -0.117353 -0.248449
0.143709 0.947604 -0.247382 -0.142114
0 0 0 0
0.316555 0.609536 0.722164 0.0820825
0.0155003 0.275008 0.262103 0.924896
0.0994842 0.182491 0.201518 0.957178
0 0 0 0
0.434775 -0.149546 0.872934 -0.163073
0 0 0 0
0 0 0 0
0 0 0 0
0 0 0 0
