7941582
0 -0.117734 0.578171 3.97001 2 463.547 207.458 247.225 150.363
1 -0.18729 0.852038 3.88633 2 450.713 169.924 240.38 123.159
2 -0.260034 1.12391 3.78807 2 436.476 130.199 232.787 94.3667
3 -0.264391 1.24651 3.76774 2 435.369 112.647 232.197 81.645
4 -0.289572 0.96222 3.70826 2 430.005 149.29 229.336 108.203
5 -0.0611572 1.04066 3.54888 2 472.041 132.014 251.755 95.6817
6 0.0781041 1.16917 3.45977 2 499.588 109.03 266.447 79.0236
7 0.0576181 1.24284 3.46748 2 495.469 98.4874 264.25 71.3823
8 0.0440885 1.09678 3.90933 1 491.751 138.527 262.267 100.403
9 0.139889 1.2581 3.81364 2 509.35 113.159 271.653 82.0158
10 0.0594001 1.06918 3.84687 1 494.628 139.872 263.801 101.377
11 0.0327172 1.00753 3.86196 1 489.808 148.62 261.231 107.718
12 -0.173564 0.554241 3.90225 2 453.346 209.283 241.785 151.685
13 -0.104292 0.146324 4.03621 2 466.208 262.887 248.644 190.537
14 -0.151954 -0.137095 4.19686 2 459.085 297.723 244.846 215.785
15 -0.0868605 -0.206819 4.0967 2 469.391 306.731 250.342 222.314
16 -0.0619309 0.59143 3.96229 2 473.199 205.617 252.373 149.028
17 0.0278509 0.240586 4.18346 2 488.53 252.139 260.549 182.747
18 -0.00971729 -0.120785 4.39103 1 482.437 295.113 257.3 213.894
19 0.0296371 -0.192591 4.25162 2 488.745 304.107 260.664 220.413
20 -0.241779 1.05629 3.81528 2 440.154 140.393 234.749 101.755
21 0.101389 1.29673 3.44072 2 504.381 88.9939 269.003 64.5016
22 0.0403035 1.24149 3.46042 2 492.026 98.3133 262.414 71.2561
23 -3.93106e-005 0.986459 3.86944 1 483.95 151.671 258.106 109.929
24 0.0609212 1.00774 3.83274 1 494.936 147.571 263.966 106.958
1
1
0.246927 -0.152642 0.950627 -0.10971
0.281467 -0.156545 0.940979 -0.104064
0.319525 -0.178649 0.920789 -0.134673
0 0 0 0
-0.287818 0.822293 -0.32282 0.369842
-0.270678 0.582979 0.749846 -0.156843
0.877106 -0.311143 -0.193744 -0.310383
0.883355 0.105977 -0.446066 0.0973574
0.157287 0.654476 0.736171 0.07052
-0.566207 0.338841 0.749919 -0.0471028
0.200131 0.670833 -0.0765798 0.709976
0.221647 0.672814 -0.0562159 0.703587
-0.260265 0.719466 -0.548433 0.33742
0.17595 0.852616 -0.0081154 -0.491958
0.182726 0.838356 -0.190304 -0.477026
0 0 0 0
0.0710732 0.604738 0.780702 -0.140515
0.0398077 0.475943 0.291589 0.828776
0.193004 0.5863 0.175874 0.766858
0 0 0 0
0.318655 -0.171004 0.925416 -0.113234
0 0 0 0
0 0 0 0
0 0 0 0
0 0 0 0
