7931617
0 1.40652 0.399904 3.53334 2 760.041 223.449 405.355 161.953
1 1.43366 0.717126 3.40978 2 775.641 173.849 413.675 126.003
2 1.45574 0.999807 3.27946 2 791.479 125.794 422.122 91.174
3 1.45486 1.09669 3.28494 2 790.579 111.13 421.642 80.5456
4 1.38017 0.983213 3.53161 2 755.052 139.1 402.694 100.818
5 1.20838 1.03259 3.61555 1 715.813 135.419 381.767 98.1498
6 0.979624 1.1134 3.48041 1 679.198 117.923 362.239 85.4689
7 0.788821 1.23608 3.35707 1 646.961 93.2537 345.046 67.589
8 1.46789 0.821749 3.21196 2 800.714 150.725 427.047 109.244
9 1.27283 0.76392 3.15215 2 764.084 157.496 407.512 114.151
10 1.06493 0.879861 3.17117 2 716.915 139.578 382.355 101.165
11 1.0255 0.953445 3.17133 2 708.287 127.736 377.753 92.5812
12 1.37573 0.396289 3.55167 2 752.561 224.276 401.366 162.552
13 1.3685 0.104909 3.77195 2 735.341 267.03 392.182 193.54
14 1.50003 -0.254065 3.94345 2 747.649 314.076 398.746 227.638
15 1.39846 -0.302739 3.83584 2 736.622 321.459 392.865 232.989
16 1.40993 0.388572 3.44839 2 767.564 223.696 409.367 162.132
17 1.41151 0.00353997 3.51522 2 762.398 280.697 406.612 203.445
18 1.51109 -0.365214 3.55793 2 778.586 333.61 415.246 241.796
19 1.45389 -0.431478 3.57019 2 766.43 342.898 408.763 248.528
20 1.45178 0.930167 3.31447 2 787.579 138.063 420.042 100.066
21 0.73533 1.26935 3.31527 1 637.828 85.7551 340.175 62.1541
22 0.83746 1.28155 3.34687 1 657.551 85.7345 350.694 62.1392
23 0.991266 1.01306 3.15808 2 701.714 117.452 374.247 85.1277
24 0.988958 0.973962 3.14069 2 702.404 122.904 374.616 89.079
0
0
-0.559319 0.138177 0.807214 -0.128356
-0.574218 0.140537 0.796684 -0.125767
-0.586796 0.159934 0.775776 -0.168114
0 0 0 0
-0.459249 -0.504338 0.634106 0.364202
0.479074 -0.274742 0.628905 0.547252
-0.574356 0.574957 -0.561785 -0.154717
0.624686 -0.49752 0.589353 0.122083
-0.254055 0.730602 0.272457 -0.572227
-0.219901 0.795432 -0.561506 -0.0603564
-0.331861 -0.483932 0.795372 -0.151858
-0.415679 -0.220402 0.876315 -0.103472
0.27251 0.736544 -0.612816 -0.0877326
-0.0458573 -0.167342 0.314839 0.93315
-0.23386 -0.382732 0.130216 0.884234
0 0 0 0
-0.477995 0.566285 0.453283 -0.495355
0.0841626 0.981089 0.0169429 0.173476
0.0611822 0.989058 0.128595 -0.0385385
0 0 0 0
-0.587259 0.156829 0.781128 -0.142728
0 0 0 0
0 0 0 0
0 0 0 0
0 0 0 0
