7955494
0 1.44483 0.381028 3.50205 2 770.138 225.675 410.74 163.566
1 1.48347 0.677027 3.37117 2 789.199 178.702 420.906 129.521
2 1.50945 0.956985 3.23524 2 807.001 130.502 430.401 94.586
3 1.5276 1.0597 3.2426 2 809.802 114.88 431.895 83.2632
4 1.42013 0.89357 3.47252 2 767.639 149.863 409.408 108.619
5 1.20522 0.955485 3.30112 2 737.239 133.452 393.194 96.7244
6 1.10503 1.08461 3.17815 2 725.128 107.023 386.735 77.5688
7 1.08201 1.09539 3.22616 1 716.615 107.893 382.195 78.1992
8 1.52933 0.792436 3.17873 2 817.22 154.142 435.851 111.72
9 1.35268 0.688978 3.19664 2 777.506 171.189 414.67 124.075
10 1.20227 0.837493 3.23593 2 741.714 149.087 395.581 108.056
11 1.15528 0.908491 3.23045 1 732.06 137.644 390.432 99.7622
12 1.40473 0.384351 3.4909 2 763.054 225.018 406.962 163.09
13 1.39452 0.0670184 3.76243 2 740.814 272.127 395.101 197.234
14 1.53181 -0.221768 3.88913 1 757.061 310.305 403.766 224.905
15 1.41656 -0.284524 3.8081 2 741.793 319.319 395.623 231.438
16 1.45526 0.368922 3.44666 2 776.857 226.572 414.323 164.216
17 1.42647 -0.0100166 3.51127 2 765.686 282.666 408.366 204.873
18 1.5186 -0.362062 3.5523 2 780.524 333.24 416.279 241.528
19 1.45204 -0.426389 3.56232 2 766.694 342.305 408.903 248.098
20 1.50382 0.889429 3.27138 2 802.469 142.589 427.983 103.347
21 1.08352 1.09592 3.20975 2 718.125 106.927 383 77.499
22 1.08124 1.08062 3.19025 2 719.063 108.307 383.5 78.4996
23 1.08444 0.94911 3.20585 2 718.632 130.074 383.271 94.2762
24 1.20405 0.945124 3.20071 2 744.913 130.481 397.287 94.5707
1
1
-0.346381 0.129635 0.913284 -0.170667
-0.438604 0.146524 0.872751 -0.156408
-0.542213 0.167081 0.803537 -0.180047
0 0 0 0
0.427717 0.602849 -0.571456 -0.356467
0.770835 -0.306106 -0.125216 0.544458
0.893277 -0.289234 -0.133132 0.317295
-0.167408 -0.390655 0.755753 0.498197
-0.239294 0.751535 0.2959 -0.538866
-0.00366295 0.86193 -0.498262 -0.0938015
0.463072 -0.278627 0.794325 0.277452
0.518118 -0.260066 0.804765 0.127564
-0.0592681 -0.636801 0.732303 -0.233891
-0.0584483 -0.192747 0.341744 0.917956
-0.256947 -0.293911 0.119042 0.91292
0 0 0 0
-0.416075 0.613898 0.471032 -0.47764
0.0921268 0.903773 0.0012921 0.417978
0.059468 0.990025 0.125697 -0.0226955
0 0 0 0
-0.544043 0.157945 0.809241 -0.155561
0 0 0 0
0 0 0 0
0 0 0 0
0 0 0 0
