7941328
0 1.40728 0.398484 3.47878 2 764.547 222.746 407.758 161.444
1 1.42637 0.686347 3.35345 2 779.029 176.732 415.482 128.093
2 1.44306 0.9677 3.21875 2 794.535 127.955 423.752 92.7401
3 1.43329 1.06734 3.24242 2 790.041 113.486 421.355 82.2531
4 1.38325 0.913038 3.46282 1 761.058 146.62 405.897 106.268
5 1.30544 0.710212 3.60554 1 735.064 180.685 392.034 130.958
6 1.28482 0.520102 3.65995 2 727.277 208.732 387.881 151.286
7 1.2385 0.519792 3.66884 1 717.867 208.972 382.863 151.46
8 1.44688 0.805838 3.14917 2 802.386 150.709 427.939 109.232
9 1.38707 0.589963 3.19709 2 784.933 187.011 418.631 135.543
10 1.26627 0.453287 3.38937 2 743.002 212.975 396.267 154.362
11 1.2626 0.419398 3.44424 1 738.084 219.095 393.645 158.797
12 1.38088 0.396452 3.47629 2 759.454 223.008 405.042 161.633
13 1.38837 0.0836376 3.74973 2 740.546 269.836 394.958 195.574
14 1.48062 -0.332585 3.57017 2 771.628 328.76 411.535 238.281
15 1.39315 -0.336963 3.64272 2 749.119 328.405 399.53 238.023
16 1.40763 0.395291 3.42066 2 769.406 222.225 410.35 161.066
17 1.42552 -0.0224371 3.51644 2 765.082 284.467 408.044 206.178
18 1.52152 -0.376201 3.55791 2 780.628 335.187 416.335 242.939
19 1.44207 -0.426824 3.56852 2 764.256 342.259 407.603 248.065
20 1.43964 0.898584 3.25474 2 790.555 140.391 421.629 101.753
21 1.1956 0.482805 3.65368 2 710.625 213.856 379 155
22 1.19542 0.526433 3.63125 2 712.033 207.303 379.751 150.25
23 1.20702 0.385237 3.48763 2 723.75 224.894 386 163
24 1.31403 0.343056 3.41475 2 750.778 229.952 400.415 166.666
1
0
-0.492519 0.129262 0.845585 -0.160316
-0.549219 0.139928 0.809906 -0.151096
-0.60574 0.165888 0.759018 -0.171619
0 0 0 0
-0.436494 -0.537242 0.585596 0.421808
0.184215 0.835848 -0.275515 -0.437623
0.0317178 -0.144036 0.144519 0.978449
0.375432 -0.518425 0.596457 0.484279
-0.298033 0.699144 0.285674 -0.58375
0.0195318 0.834917 -0.16862 -0.523545
0.486462 0.658881 0.0742086 0.568967
0.437874 0.756744 0.214386 0.43548
0.108558 0.709999 -0.670829 0.184675
0.214062 0.590116 0.278907 0.72674
-0.161365 0.316103 -0.155191 0.921931
0 0 0 0
-0.513569 0.545432 0.456961 -0.479518
0.103692 0.962515 0.0481643 0.245952
0.0611638 0.989137 0.129502 -0.0331192
0 0 0 0
-0.607797 0.156989 0.763691 -0.150708
0 0 0 0
0 0 0 0
0 0 0 0
0 0 0 0
