7947010
0 1.38784 0.38377 3.49366 2 759.463 225.151 405.047 163.186
1 1.40028 0.675512 3.36145 2 772.955 178.622 412.243 129.462
2 1.40672 0.961356 3.219 2 786.8 128.916 419.626 93.4369
3 1.39122 1.06092 3.24936 2 780.572 114.767 416.305 83.1815
4 1.35569 0.872256 3.50618 1 752.203 154.21 401.175 111.769
5 1.30072 0.701218 3.59966 1 734.558 181.798 391.764 131.765
6 1.21789 0.506124 3.52687 2 723.278 208.026 385.748 150.774
7 1.20673 0.472202 3.5087 2 722.289 212.585 385.221 154.079
8 1.41222 0.806293 3.15001 2 794.76 150.635 423.872 109.178
9 1.34301 0.591809 3.21186 2 774.048 187.147 412.825 135.641
10 1.26978 0.512303 3.39414 2 743.383 204.191 396.471 147.995
11 1.25183 0.482441 3.46026 1 734.758 210.087 391.871 152.268
12 1.36414 0.388099 3.49743 2 754.44 224.585 402.368 162.776
13 1.38468 0.091299 3.78144 2 737.695 268.9 393.437 194.895
14 1.47284 -0.316349 3.58469 2 768.941 326.253 410.102 236.464
15 1.38315 -0.329555 3.65519 2 746.296 327.206 398.024 237.154
16 1.38606 0.378038 3.42196 2 764.903 224.826 407.948 162.951
17 1.41266 -0.0230386 3.52087 2 762.177 284.55 406.494 206.238
18 1.52387 -0.362082 3.55975 1 780.931 333.135 416.496 241.451
19 1.45278 -0.432534 3.54885 2 767.92 343.422 409.557 248.908
20 1.40614 0.891036 3.25654 2 783.333 141.614 417.778 102.64
21 1.17509 0.433329 3.53274 2 714.373 218.686 380.999 158.501
22 1.23056 0.465781 3.4655 2 730.081 212.658 389.376 154.132
23 1.21091 0.442546 3.51484 2 722.681 217.011 385.43 157.287
24 1.28447 0.464539 3.41881 2 744.473 211.88 397.052 153.568
1
1
-0.571416 0.139499 0.792815 -0.159591
-0.592164 0.143667 0.77744 -0.155849
-0.612116 0.15607 0.752584 -0.185938
0 0 0 0
0.456415 0.589225 -0.504893 -0.435411
-0.0434738 -0.609986 0.275373 0.741753
-0.0927509 0.909223 -0.23687 0.329552
-0.167767 0.895936 -0.220395 0.347244
-0.313619 0.684085 0.301142 -0.585649
0.0140735 0.773675 -0.202306 -0.600252
0.547505 0.691453 0.112519 0.457679
0.526328 0.714619 0.152247 0.434879
-0.216047 -0.636043 0.736274 -0.081692
0.219755 0.599139 0.301501 0.708405
-0.162854 0.306496 -0.177448 0.920897
0 0 0 0
0.483201 -0.510407 -0.476118 0.5285
0.114255 0.981138 0.0499482 0.147717
0.0396991 0.981567 0.16162 0.0939612
0 0 0 0
-0.613625 0.151127 0.7569 -0.166514
0 0 0 0
0 0 0 0
0 0 0 0
0 0 0 0
