7949713
0 1.42858 0.36699 3.47723 2 768.931 227.341 410.097 164.774
1 1.4621 0.660587 3.35256 2 786.486 180.631 419.459 130.919
2 1.48804 0.949092 3.21771 2 804.209 130.905 428.912 94.8784
3 1.47562 1.04551 3.2464 2 798.609 117.162 425.925 84.9172
4 1.43703 0.858621 3.45793 1 772.223 154.47 411.852 111.957
5 1.20914 0.702718 3.41894 2 729.223 176.321 388.919 127.795
6 1.04368 0.590257 3.44385 2 693.852 193.86 370.055 140.507
7 1.0059 0.648959 3.42405 2 687.433 184.614 366.631 133.806
8 1.49408 0.794958 3.14331 2 813.25 152.284 433.733 110.374
9 1.35859 0.58951 3.22035 2 776.636 187.76 414.206 136.086
10 1.21284 0.631062 3.34215 2 735.626 184.853 392.334 133.979
11 1.14751 0.659755 3.34535 2 721.79 180.59 384.955 130.889
12 1.40128 0.372586 3.48631 2 762.731 226.667 406.79 164.285
13 1.37368 0.0161846 3.64123 1 745.434 278.944 397.565 202.175
14 1.43349 -0.287437 3.84826 1 742.154 319.308 395.816 231.43
15 1.36746 -0.35934 3.72256 2 738.576 330.446 393.907 239.502
16 1.42721 0.354227 3.3988 2 775.251 228.01 413.467 165.259
17 1.40722 -0.0420897 3.51296 2 761.726 287.324 406.254 208.249
18 1.51654 -0.368998 3.55366 2 780.007 334.217 416.004 242.236
19 1.44518 -0.428527 3.56482 2 765.156 342.567 408.083 248.288
20 1.48189 0.878165 3.2536 2 799.588 143.575 426.447 104.062
21 0.972625 0.669955 3.45758 2 678.75 182.478 362 132.257
22 1.03717 0.60015 3.4736 2 690.738 193.165 368.394 140.003
23 1.12053 0.605848 3.40985 2 711.702 190.6 379.575 138.145
24 1.10746 0.68712 3.30989 2 715.94 175.297 381.835 127.053
1
1
-0.578568 0.160481 0.789282 -0.128601
-0.590005 0.162337 0.78077 -0.126249
-0.600811 0.174358 0.764083 -0.157491
0 0 0 0
0.435824 0.588144 -0.51337 -0.447878
0.287393 0.597049 -0.371306 0.650437
0.455154 -0.0917935 0.117991 0.877774
0.914567 -0.0628382 -0.26093 0.302548
-0.317578 0.700453 0.314925 -0.556177
0.0515699 0.888856 -0.314648 -0.329049
0.0810283 -0.436687 0.774783 0.449944
0.238371 -0.516064 0.802519 0.181164
-0.251425 -0.63599 0.729559 -0.00673761
0.00559552 -0.145419 0.206322 0.967602
-0.225148 -0.501006 0.203874 0.810393
0 0 0 0
-0.492774 0.570757 0.420559 -0.50452
0.141728 0.978844 -0.00337777 0.147534
0.0644965 0.984864 0.157868 -0.0310104
0 0 0 0
-0.602949 0.163673 0.768138 -0.140096
0 0 0 0
0 0 0 0
0 0 0 0
0 0 0 0
