7957105
0 1.43384 0.367909 3.49005 2 768.931 227.404 410.097 164.82
1 1.46343 0.664977 3.37211 2 785.01 180.548 418.672 130.859
2 1.4834 0.954292 3.24602 2 800.491 131.369 426.928 95.2145
3 1.47131 1.04807 3.25048 2 797.315 116.957 425.235 84.7688
4 1.37867 0.828093 3.33219 2 770.956 154.361 411.176 111.879
5 1.13691 0.857683 3.1911 2 731.123 144.003 389.932 104.371
6 1.33194 0.856249 3.10148 1 781.719 140.356 416.917 101.728
7 1.42974 0.798945 3.14831 1 798.75 151.769 426 110
8 1.50965 0.802239 3.15236 2 815.678 151.496 435.028 109.802
9 1.4145 0.589085 3.17406 2 793.084 186.478 422.978 135.156
10 1.26591 0.759738 3.21879 1 756.804 160.716 403.629 116.485
11 1.22702 0.821809 3.16618 1 752.811 148.708 401.499 107.781
12 1.36575 0.361842 3.47878 2 756.213 228.133 403.314 165.348
13 1.38771 0.0857961 3.74798 2 740.544 269.537 394.957 195.357
14 1.48677 -0.311017 3.83803 2 752.549 322.556 401.359 233.784
15 1.39249 -0.362442 3.71841 2 743.566 330.934 396.568 239.856
16 1.4618 0.363264 3.45335 2 777.605 227.514 414.723 164.899
17 1.42304 -0.015971 3.50487 2 765.522 283.536 408.278 205.503
18 1.52128 -0.370981 3.55486 2 780.835 334.484 416.445 242.43
19 1.40234 -0.422852 3.56055 2 757.109 341.818 403.792 247.745
20 1.47998 0.883401 3.2792 2 796.758 143.819 424.938 104.238
21 1.42903 0.800546 3.13705 1 799.706 151.051 426.51 109.48
22 1.41682 0.792112 3.1511 1 795.672 152.972 424.359 110.872
23 1.12611 0.834453 3.1671 2 730.625 146.71 389.667 106.333
24 1.21839 0.809127 3.22557 2 746.01 153.152 397.872 111.003
1
1
-0.107513 0.0671967 0.975284 -0.180963
-0.2208 0.0878931 0.956025 -0.171866
-0.358559 0.1005 0.907671 -0.193567
0 0 0 0
0.150979 0.831333 -0.509386 -0.163143
0.656409 -0.568849 0.348841 0.35192
-0.675161 0.0989879 -0.202034 0.702525
-0.504558 -0.199129 0.108613 0.83305
-0.361552 0.767003 0.323845 -0.419656
0.0185469 0.96788 -0.212236 -0.133491
0.884304 0.208371 -0.296546 0.294362
0.833576 -0.189371 -0.386348 0.346445
0.0754762 0.709514 -0.671211 0.20092
0.0654274 0.234038 0.371931 0.895887
-0.155181 -0.426795 0.0463958 0.889726
0 0 0 0
-0.25639 0.640872 0.619824 -0.373317
0.0840321 0.771888 0.00333328 0.630172
0.0684277 0.988689 0.133425 -0.00317618
0 0 0 0
-0.357421 0.105838 0.911725 -0.172646
0 0 0 0
0 0 0 0
0 0 0 0
0 0 0 0
