997550
0 -0.304322 -0.107787 2.49542 2 400.068 303.075 213.37 219.664
1 -0.257436 0.16645 2.38087 2 409.579 245.824 218.442 178.17
2 -0.233704 0.430611 2.25738 2 412.558 184.406 220.031 133.655
3 -0.161736 0.5576 2.25766 2 434.484 155.704 231.725 112.852
4 -0.264049 0.269559 2.17804 2 400.465 218.491 213.581 158.359
5 -0.231596 -0.0108128 2.20834 2 411.855 283.688 219.656 205.613
6 -0.18467 -0.20953 2.26995 2 428.003 327.927 228.268 237.677
7 -0.183037 -0.262893 2.32097 2 429.697 338.557 229.172 245.381
8 -0.2032 0.413044 2.61557 1 430.449 201.176 229.573 145.809
9 -0.0925671 0.590728 2.54485 1 458.856 163.341 244.723 118.388
10 -0.196422 0.513479 2.27215 1 424.288 166.431 226.287 120.627
11 -0.210635 0.505792 2.16802 1 416.873 162.676 222.332 117.905
12 -0.315934 -0.115171 2.42242 2 394.222 305.282 210.252 221.264
13 -0.240114 -0.533687 2.60835 2 420.455 385.069 224.243 279.093
14 -0.335933 -0.843079 2.81991 2 401.512 433.465 214.14 314.169
15 -0.259152 -0.890531 2.794 2 419.746 443.575 223.865 321.497
16 -0.283476 -0.0971088 2.4982 2 405.918 300.882 216.49 218.075
17 -0.0594971 -0.423037 2.78088 2 469.23 358.26 250.256 259.662
18 -0.0691806 -0.769431 2.95204 2 467.77 413.681 249.478 299.831
19 0.0398258 -0.783238 2.94521 2 493.298 416.393 263.092 301.796
20 -0.242726 0.36562 2.28989 2 410.915 200.25 219.155 145.139
21 -0.127537 -0.339976 2.35786 2 446.725 354.242 238.254 256.75
22 -0.148242 -0.220625 2.36816 2 440.913 328.349 235.154 237.983
23 -0.217112 0.527943 2.08121 2 411.873 152.228 219.665 110.333
24 -0.257628 0.532226 2.1522 2 401.241 155.469 213.995 112.682
0
1
0.545187 -0.0424319 0.811483 -0.206072
0.590754 -0.0541608 0.778938 -0.203305
0.634396 -0.101191 0.735735 -0.214466
0 0 0 0
-0.250376 0.665876 -0.338967 0.615648
0.0181092 0.866015 0.0763328 0.493826
-0.0900117 0.139114 0.161323 0.972893
0.01823 0.0750554 0.37198 0.925022
0.52348 0.506847 0.545437 0.414214
0.750681 -0.294674 -0.581891 -0.105113
0.537845 -0.519978 -0.287695 0.597978
0.585817 -0.573969 -0.346905 0.455011
0.369551 -0.500447 0.560122 -0.547036
0.218579 0.952384 0.0377388 -0.209201
0.250729 0.923461 -0.193028 -0.217015
0 0 0 0
0.237717 0.517197 0.818456 -0.0782798
-0.252261 -0.00052547 0.318001 0.913914
0.0248683 0.0514712 0.226406 0.972354
0 0 0 0
0.634145 -0.111729 0.742716 -0.183707
0 0 0 0
0 0 0 0
0 0 0 0
0 0 0 0
