992187
0 -0.0844487 -0.0770485 2.53713 2 461.093 296.561 245.916 214.943
1 -0.135303 0.184624 2.41336 2 445.419 242.516 237.557 175.772
2 -0.185014 0.437638 2.27777 2 427.955 183.735 228.243 133.168
3 -0.134859 0.567257 2.23173 2 442.22 152.028 235.851 110.188
4 -0.250535 0.289807 2.22481 2 406.406 215.2 216.75 155.974
5 -0.281083 0.0473062 2.26863 2 398.736 270.657 212.659 196.168
6 -0.240294 -0.201937 2.32585 2 412.879 325.164 220.202 235.675
7 -0.216551 -0.253718 2.33359 2 420.102 336.263 224.054 243.719
8 -0.0443312 0.416071 2.49502 2 471.722 196.715 251.585 142.576
9 0.143653 0.469592 2.57435 2 522.407 188.72 278.617 136.782
10 0.308852 0.551225 2.44903 2 571.05 166.83 304.56 120.916
11 0.323 0.568097 2.43139 2 575.734 162.43 307.058 117.727
12 -0.11934 -0.0877151 2.44013 2 450.356 299.383 240.19 216.989
13 -0.196161 -0.507601 2.5847 2 431.629 380.851 230.202 276.036
14 -0.338455 -0.842321 2.7876 2 399.92 435.109 213.291 315.361
15 -0.267294 -0.900012 2.7686 2 417.107 446.844 222.457 323.866
16 -0.0478142 -0.0643969 2.56268 2 471.142 293.911 251.276 213.023
17 0.0119766 -0.407148 2.75678 2 486.946 356.002 259.705 258.026
18 0.015605 -0.727325 2.96342 2 487.592 405.882 260.049 294.178
19 0.0848993 -0.785048 2.94616 2 503.865 416.669 268.728 301.996
20 -0.172885 0.375595 2.31387 2 432.491 198.936 230.662 144.186
21 -0.183218 -0.322982 2.35123 2 430.314 350.794 229.501 254.251
22 -0.199414 -0.218663 2.35792 2 425.787 328.147 227.086 237.836
23 0.370624 0.613006 2.39838 2 590.823 151.146 315.106 109.548
24 0.316346 0.596732 2.40767 2 574.766 155.163 306.542 112.46
0
4
0.470629 -0.182714 0.850694 -0.146436
0.449648 -0.179072 0.861968 -0.150868
0.427959 -0.192099 0.86197 -0.192241
0 0 0 0
-0.155024 0.779555 -0.426858 0.431339
0.0938641 0.990275 -0.0538262 0.0874512
-0.0417235 0.301961 0.130454 0.94343
-0.177331 0.320545 0.134906 0.920655
0.391213 0.585171 0.660746 0.260657
-0.527038 0.261882 0.590842 0.551865
0.737374 -0.506107 -0.373413 -0.246371
0.81193 -0.43492 -0.37394 -0.10855
-0.40401 0.621996 -0.534148 0.405688
0.139197 0.957011 -0.121572 -0.223548
0.213038 0.928504 -0.229716 -0.199314
0 0 0 0
0.331208 0.59327 0.725652 0.108451
-0.00624784 0.262051 0.264216 0.928159
0.0773419 0.278593 0.271902 0.917864
0 0 0 0
0.428631 -0.183757 0.867814 -0.171485
0 0 0 0
0 0 0 0
0 0 0 0
0 0 0 0
