985802
0 -0.351636 -0.135189 2.49378 2 386.908 308.666 206.351 223.717
1 -0.374861 0.154284 2.39615 2 376.228 248.584 200.655 180.171
2 -0.39454 0.435569 2.28596 2 364.767 184.385 194.543 133.64
3 -0.358486 0.573744 2.2635 2 374.43 152.221 199.696 110.328
4 -0.44342 0.2793 2.21381 2 345.732 217.144 184.39 157.383
5 -0.473697 0.0209027 2.19887 2 335.395 276.387 178.877 200.321
6 -0.461695 -0.227348 2.2033 2 339.363 333.604 180.994 241.791
7 -0.43882 -0.291607 2.20921 2 346.872 348.244 184.998 252.402
8 -0.313278 0.374551 2.47239 2 396.627 204.381 211.534 148.132
9 -0.263188 0.138562 2.62146 1 414.92 254.466 221.291 184.433
10 -0.204716 -0.04812 2.7183 2 432.205 290.162 230.51 210.305
11 -0.194078 -0.101324 2.73674 2 435.223 299.933 232.119 217.387
12 -0.374686 -0.150527 2.41384 2 377.073 312.808 201.106 226.719
13 -0.364815 -0.5545 2.62917 2 388.149 388.367 207.013 281.483
14 -0.365864 -0.83827 2.84348 2 394.911 431.34 210.619 312.63
15 -0.294059 -0.887144 2.81076 2 411.53 441.996 219.483 320.352
16 -0.318538 -0.116046 2.50314 2 396.407 304.681 211.417 220.828
17 -0.246866 -0.421445 2.77856 1 422.764 358.083 225.474 259.533
18 -0.426013 -0.829139 2.9055 1 382.487 426.532 203.993 309.144
19 -0.311578 -0.849958 2.87051 2 408.852 431.971 218.054 313.086
20 -0.390191 0.366438 2.31571 2 367.698 200.87 196.106 145.588
21 -0.413228 -0.356087 2.21342 2 355.077 362.933 189.375 263.049
22 -0.44893 -0.31749 2.17307 2 341.311 355.444 182.032 257.621
23 -0.180124 -0.153552 2.76159 2 439.13 309.331 234.203 224.199
24 -0.206173 -0.0917312 2.6891 2 431.266 298.462 230.008 216.321
0
0
0.484097 -0.112803 0.859109 -0.121891
0.497176 -0.114653 0.851607 -0.120152
0.509122 -0.129955 0.836253 -0.156802
0 0 0 0
-0.216709 0.748782 -0.388588 0.491286
-0.015697 0.975041 -0.0629979 0.212319
0.0168768 0.935333 0.0194437 -0.352831
0.103351 0.915048 0.141535 -0.363283
0.418743 0.606929 0.589805 0.329276
0.0170709 0.357791 0.28919 0.887729
0.262851 0.911711 0.0573944 -0.310479
0.185631 0.929266 0.0364947 -0.317292
-0.382912 0.61253 -0.512572 0.464172
0.236648 0.935374 -0.0535729 -0.257299
0.300303 0.897417 -0.104039 -0.305999
0 0 0 0
0.24074 0.506784 0.827768 -0.00377876
-0.187857 -0.260587 0.31451 0.893245
0.217639 0.138499 0.111413 0.959707
0 0 0 0
0.510281 -0.122692 0.840279 -0.135985
0 0 0 0
0 0 0 0
0 0 0 0
0 0 0 0
