985624
0 1.0645 0.129878 3.01269 2 728.73 259.235 388.656 187.89
1 1.0523 0.359612 2.89354 2 736.055 217.816 392.563 157.87
2 1.03654 0.582664 2.76912 2 743.614 173.806 396.594 125.972
3 1.01039 0.686406 2.71012 2 742.604 151.914 396.055 110.105
4 0.933989 0.54041 2.90629 2 706.667 186.389 376.889 135.092
5 0.911079 0.334793 3.05427 2 690.372 225.396 368.198 163.364
6 0.910616 0.150936 3.11688 2 685.981 256.57 365.857 185.959
7 0.906388 0.0779769 3.1308 2 684.112 268.54 364.86 194.634
8 1.15524 0.47031 2.74233 2 776.21 193.66 413.979 140.362
9 1.20171 0.257449 2.81334 2 780.275 234.497 416.147 169.961
10 1.19643 0.0741884 2.87745 2 772.346 268.052 411.918 194.28
11 1.16578 0.0423089 2.89386 1 763.308 273.75 407.097 198.411
12 1.00666 0.13423 3.01706 2 714.97 258.544 381.317 187.389
13 1.02261 -0.152002 3.23633 2 702.617 305.127 374.729 221.152
14 1.07821 -0.446565 3.41185 2 702.793 347.905 374.823 252.157
15 1.05075 -0.516148 3.40534 2 697.637 358.449 372.073 259.799
16 1.1013 0.122997 2.95171 2 742.546 259.959 396.025 188.415
17 1.16687 -0.185229 3.11922 2 743.248 311.498 396.399 225.77
18 1.21093 -0.484669 3.32829 2 736.204 355.503 392.642 257.663
19 1.16832 -0.540148 3.31809 2 728.057 364.255 388.297 264.007
20 1.04113 0.527881 2.80164 2 741.701 185.047 395.574 134.12
21 0.904571 0.0200284 3.16198 2 681.712 277.989 363.58 201.482
22 0.878222 0.05585 3.13862 2 677.343 272.161 361.249 197.259
23 1.1617 -0.0353138 2.89203 2 762.501 287.441 406.667 208.334
24 1.18091 0.0491187 2.87575 2 768.75 272.494 410 197.5
1
1
-0.283859 0.045992 0.928863 -0.233499
-0.302984 0.050805 0.922802 -0.232499
-0.321974 0.0531231 0.908376 -0.261465
0 0 0 0
0.413821 0.666471 -0.608634 -0.118882
0.219099 0.767892 -0.218664 -0.560824
-0.0616947 -0.379261 0.151298 0.910749
-0.0100669 -0.385204 0.0977522 0.917584
-0.000593842 0.745068 0.543788 -0.386223
0.162559 0.980918 0.0954987 -0.0474777
0.153648 0.865935 0.0679161 0.4711
0.368911 0.719217 -0.16135 0.566214
-0.201373 -0.666197 0.704879 -0.137026
-0.172836 -0.449488 0.271283 0.833363
-0.179713 -0.377168 0.209086 0.884155
0 0 0 0
-0.23613 0.580808 0.629408 -0.459076
0.173706 0.860762 0.194904 0.436953
0.261264 0.899715 0.157253 0.312292
0 0 0 0
-0.322533 0.053947 0.913265 -0.242917
0 0 0 0
0 0 0 0
0 0 0 0
0 0 0 0
